1.814288233108652532e-02
3.872741999831098153e-02
-1.015573822903928225e-01
2.877628201665504912e-02
2.964127230717059427e-02
-2.624436711498402686e-03
9.584425295905128761e-02
-5.798340036163694700e-02
-2.590906391706405271e-02
6.799914993340901159e-02
-5.420121666204362476e-02
5.990360349934761852e-02
-4.769490864818162756e-02
-5.902893460543698345e-02
-2.921892160215735709e-02
3.433232064314598736e-02
-1.890993413046884036e-02
-5.404893857004825636e-03
7.021306971317363421e-02
7.645346656911988781e-02
-6.962686835266785473e-03
1.190927459338644856e-02
3.504507391493547064e-02
5.770205295556780217e-02
6.938108068855165789e-02
4.293438550760386718e-02
-7.214314356855361376e-02
3.968030176916829271e-03
-2.429511615181501744e-02
3.374349035749306391e-02
4.181613611014339121e-02
-3.935535105696166130e-02
-8.138651751171696591e-02
5.773821140372623062e-02
8.517290209063271833e-02
-8.720056286122916667e-02
-5.471676306195544584e-03
-9.340734005778698890e-02
-3.247091260557255499e-02
-8.912652472596375997e-02
-5.406760716174269232e-02
-4.205211743591838469e-02
-5.977560536249254541e-02
1.274799526677927557e-02
4.913132665582348874e-02
2.672129170562628081e-02
2.334355603493365461e-02
-2.883580837632594360e-02
-4.266874658161702583e-02
8.200302759623401272e-02
9.237571897821865441e-03
-8.420087485712997311e-02
-8.707931351540623699e-02
4.324200290962908547e-03
-4.407674288607082297e-02
4.030935214697835278e-03
2.112121647253882573e-02
-3.001830026513175459e-02
7.912204816651856321e-04
4.409658536895721959e-02
-5.788049216385535850e-02
-7.459759510237967683e-02
5.774998920264605429e-02
-4.919943074163903030e-02
6.497095984238202004e-02
-1.196735498811890702e-01
4.033570329451020148e-02
-5.025156347730921902e-02
4.616411500056921691e-02
-1.823335521441835083e-02
-8.355610320198311736e-02
5.391131529189772953e-02
4.016533128672215847e-02
-3.158302948500339713e-02
4.733038956685040738e-02
-1.115384407702239705e-01
5.210080426919499325e-02
6.817051744673964520e-02
8.243659094947402774e-03
6.183806045291150716e-02
-1.993805939461018237e-02
-4.853835979040327375e-02
2.408605303226164784e-02
-1.024363401026174153e-01
7.476184871959169753e-02
3.985992480034478147e-02
1.414689516979178441e-02
2.661593817617253013e-02
6.104407677431436530e-02
-8.135048540123158978e-02
-1.255498056929704731e-01
-8.404809354523322396e-02
-4.638848715590872251e-02
-7.518366379459720528e-02
2.145274451797370835e-02
-8.328165768500755961e-02
-3.882093166507788462e-02
-3.138800269439170204e-02
3.555000754231445875e-02
3.774598617439126405e-03
3.123348125024259098e-02
3.458843234808401529e-02
-4.721545018102001057e-02
9.909235582726444447e-02
1.628873823092388817e-02
1.055465614790594420e-01
-1.850745941906049158e-02
-1.916604864787017914e-02
6.056113916688567189e-03
-8.348646273023548059e-02
-8.216404272542349174e-02
-3.177649625982151282e-02
-5.566225711463954756e-02
-5.647651757857426180e-02
4.316450770093309408e-02
1.038731945169189125e-02
-5.823704470358147256e-02
5.484004950433530451e-02
-4.445094354082850668e-02
-6.425668040114107527e-02
-2.208758003710615397e-02
2.158634620379213526e-02
-7.047050951782816985e-02
-6.160114515142321029e-02
-3.330047307782621480e-03
-3.336298982540865377e-02
-1.149169499727932531e-02
-3.441683086801351765e-02
-1.050486491592099725e-01
6.693097326761522636e-02
-3.404925138699122986e-04
-3.084739810809121463e-02
6.089201245300541326e-02
-7.718211562951006466e-02
-5.298695169445823139e-02
-2.725989817929291847e-02
-3.288530137158803685e-02
-4.009151287528487512e-02
-2.520612549147464160e-02
-7.430195045612809912e-02
-2.333243307075200113e-02
1.308160663989298492e-03
1.693296835665494479e-02
-6.546595600768867484e-02
-1.915439964818718699e-02
2.793846870254862100e-02
5.298988952439653843e-02
1.001233156901399843e-02
-3.664384793682534669e-02
-8.897125032800362598e-02
-6.239842114252516780e-02
4.574196658868336096e-02
-2.264433375765165582e-02
-4.278583927367848178e-03
-8.409305262693157756e-02
-4.207943391152289825e-02
3.309436363289170596e-02
-5.389594434248068389e-02
-6.964067452699040928e-02
-2.762337510161392423e-02
-9.509217029610590732e-02
-8.857510143400723623e-02
-1.226302158263210297e-02
6.536505323570482306e-02
4.771225590792434884e-02
6.916692110662785165e-02
-4.006360934418245340e-02
1.436098670292427527e-02
7.961761410722203135e-05
-7.227200699529054417e-02
-3.183805978550099947e-02
4.846859045577496874e-03
2.594656561401096490e-02
-7.602143688644319441e-02
-5.362555925559692183e-02
3.745358198554515211e-02
2.574012529345387490e-02
5.179257322963543714e-02
-2.430116055334008429e-02
1.371141587270043385e-02
1.137594923761815410e-02
-2.469147941124808648e-02
-7.910809059539045118e-02
2.798759242557378318e-03
1.928355159351529888e-03
-4.162322783556619832e-02
-2.174058697899608136e-02
1.781919151211390148e-02
-8.754562489701400718e-02
-6.355589370188874376e-02
-7.347312809076315954e-02
5.930897123133021392e-02
3.630627599536929290e-02
-6.296824546444405868e-02
-2.260510000074083051e-02
-1.508063217114262444e-01
1.085630874802938697e-02
-2.317698367107892676e-03
1.793476716824422834e-02
-1.489407707211905241e-02
5.291306984359750790e-03
-7.187652122725055048e-02
3.790526648830572914e-02
1.955476422953678691e-04
5.691414055252338317e-02
-2.148275657141347772e-02
-3.516905871513355264e-03
-2.539394306087718045e-02
4.790545594322273559e-02
-7.261087073434677186e-02
2.675106697108997275e-02
-1.092396412658804272e-01
6.313255928945396556e-02
6.520602758121139819e-02
-2.416161748298169959e-03
5.512738006608414176e-02
3.905078454672603061e-02
-1.034453305789892336e-01
4.959146679284648362e-02
7.573566087567581984e-02
6.962242024359009684e-02
-6.504870535673314136e-02
-7.246296699995052881e-02
-2.677507225700396370e-02
-8.107328486416447155e-02
-5.547092267200982169e-02
-3.052345708489363416e-02
5.669265878305850687e-02
-7.496499133776290957e-02
-4.724670499666160095e-02
1.608011008487529592e-03
1.564692501329733448e-02
3.761797666311201410e-02
-4.551319455756457077e-02
4.052931635620080075e-03
5.953800236647732030e-02
-6.851995741498656534e-02
1.980234745010017033e-02
-2.660679111171834754e-03
-7.108143880750847354e-02
-9.992225080917067903e-02
6.776568301762227187e-02
1.457492781843189485e-02
4.977908901329981123e-02
-9.782183357382465139e-02
-3.149667280051196561e-02
1.473940506008226264e-02
-7.899211949463910698e-02
-4.591355329826808662e-02
-3.844145005080464028e-02
-5.405519136849346734e-02
5.021379962019831972e-02
4.461170918384170514e-02
-4.160150357146633754e-02
-1.815705565910278110e-02
-3.099161477614744906e-02
4.607553658657077139e-02
-8.623477591629000183e-02
-1.962244726891207523e-03
1.406480254007113143e-02
-1.694226752272961350e-02
-1.103749047609271505e-01
-7.148132768366272094e-02
6.225474404521571387e-02
1.250903641544438318e-02
-5.908229602129402847e-02
-6.171581342646235979e-02
-3.622763312598488439e-02
8.162140975839060619e-02
1.182325616900407328e-01
2.719226749832113002e-02
2.059310751948837531e-02
-4.007057643757232918e-03
6.994363903451664144e-02
4.910375982177545701e-04
-5.230763040836228922e-02
-6.772780644419340579e-02
6.349045402058972609e-02
4.955089832552715678e-02
6.538525651336546396e-02
1.597929574392619942e-02
4.468794275344101230e-02
-3.789337952848799429e-02
3.693790856765649666e-02
-4.085413582023850534e-03
-7.150015523347150181e-02
3.536708396768362822e-02
-9.335322029745232730e-02
-1.719173979796001159e-02
2.889954832841562515e-02
2.628882411495423940e-02
5.627009950384822407e-02
-4.458296463769328977e-03
6.425774213029288029e-02
1.443011548227494598e-02
6.021645985866160011e-02
-5.538666628406979653e-02
1.873621678162705473e-03
8.803390572682252835e-02
-1.083540196047471926e-01
-5.936326996266725470e-02
-5.250376580044164437e-02
2.056574946056424422e-02
8.526097541793816251e-03
2.038080364728360461e-02
4.214907960879588772e-02
3.791720480335549273e-03
3.219607988423067724e-02
-8.292854915923872361e-02
-8.493709242397368131e-02
4.317051055387299829e-02
-4.854323648714528594e-02
4.482669192139587810e-02
2.721970832219490835e-02
3.471030638351549347e-02
-1.502719676682731306e-02
-1.528049430644394004e-02
-5.070597790936124533e-02
3.090397023330166207e-02
2.163962477096597128e-02
-7.981457537941935576e-02
-2.340870785194450882e-02
-5.879027699218598163e-02
-3.342030545719595902e-02
3.237920611102801383e-02
6.074620656054270998e-03
3.463750484298754040e-02
-3.267221856439996019e-02
-4.519243984832879701e-02
4.060452335984796740e-02
-3.206755182403996790e-03
-8.745440705965260020e-02
4.415338565505186330e-02
-5.119374941982241661e-02
-5.527738475880547564e-04
-4.947769081510599437e-02
-4.230616837385524354e-02
-7.525475370332834757e-02
-5.232126176881957136e-02
-1.098617005256621454e-01
-7.032748452129483629e-02
-6.746548883340350300e-03
-6.265965403378549736e-02
9.836971810233872959e-02
-8.127783104366682887e-02
-5.234284970541200344e-02
5.076283967427538957e-02
6.831641119241212146e-02
-7.577214410135282158e-03
4.849789303985628519e-02
-7.538617409225525923e-02
6.527330693075769977e-03
3.073258157050572786e-02
-6.279889902778273969e-02
1.450003905570959421e-02
3.083643803399456138e-02
3.185538160268550079e-02
-4.694280321354577651e-02
2.620526759059698882e-02
1.631295531808443430e-02
-5.342238493110940817e-02
-5.419658552376586946e-02
5.889926173241249660e-03
-7.663188138013479755e-02
-3.676415986082551268e-02
-2.856731678596616947e-02
3.710588294647199081e-02
9.054038426048513499e-02
-3.843428085618016965e-02
-3.490655068005213413e-02
4.999915027163312486e-02
-7.595228283160908311e-02
-2.957126647415862092e-02
-1.205670475320472362e-01
-4.862471838566152782e-02
-5.708441156175102921e-02
3.307775061105620862e-02
-8.399862777873620678e-02
-3.978995634671966125e-02
-5.198102706828972019e-02
-3.814990671486918894e-03
6.624622179111622211e-02
1.609486690359127059e-02
-3.490794637779572052e-02
-1.234880818298501014e-02
5.095246215364548914e-02
-8.535636250645542433e-02
7.194894631179002409e-02
2.566890058406828823e-02
-1.228214059362492394e-03
5.846745409125451293e-02
3.963538752794706910e-02
4.347598078209273520e-02
7.319319100151681912e-02
-1.695749724760954591e-02
-8.190257363258568457e-02
5.787850163642992846e-02
3.854948881034925279e-02
-6.373010141341756141e-03
-1.646505861525902632e-03
-1.059451797934271716e-01
-3.597408497948197809e-02
-3.680284354750233689e-02
-1.163063775213687111e-02
5.233211215236522815e-03
3.346370351022059930e-02
-1.456184392529095636e-02
3.680603757201456223e-03
-8.206368845465611406e-02
-5.549834014372133362e-02
2.845012413376633506e-02
-5.778338257392137689e-02
-1.007030743758593749e-01
-8.900235239118695074e-02
-6.043227529845964646e-02
-2.236391301367034526e-02
-6.174713219096796685e-02
5.614874245835111549e-02
9.912541698539820145e-02
4.072181806153235550e-02
-7.337103065208151753e-02
2.700256242438084028e-02
-5.125936911609302316e-02
6.218428837520614816e-02
-3.010253260525518060e-02
-1.485202639530824008e-02
4.553307172012578674e-02
4.555975792862293483e-02
-1.478032758411088055e-03
4.197137664229882298e-02
6.473029640892027925e-02
1.820875513672535334e-02
2.035428149363270600e-03
-7.974418651965986538e-02
3.174398492955250034e-02
5.471212197972760705e-02
6.791862127578077168e-02
2.767345268572396835e-02
-8.345150761454320221e-02
-7.669138023631788537e-02
-6.616844428736221029e-02
1.475626333389361972e-03
8.199055825156328914e-02
5.660475770301057891e-02
-2.934592638195300182e-02
3.108159872290425924e-02
-4.320053796310056871e-02
-4.783465610407199031e-02
-7.368088553058634027e-02
-9.615343856718507054e-03
8.008113518479122173e-02
4.451561107584586785e-02
-5.424388016341694096e-02
-3.825709581217071921e-03
-6.190525638967516592e-03
-8.147049764131844563e-02
-2.918846394287140378e-02
4.574279705989942740e-02
-1.605918505178881642e-02
4.474675176905921342e-02
-5.078259787699960365e-02
3.522113325828435393e-02
-8.090391379338814082e-02
6.640332045433187252e-03
9.204384641289208024e-02
-1.597714595712353483e-02
-3.270265913205675640e-02
4.790906095407114484e-02
-2.956053550247278450e-03
-7.872082008850407597e-02
2.721139440700283060e-02
-2.887829125907302036e-02
-3.825197588310555452e-02
3.084628756771455246e-02
6.386580894267430974e-02
4.913347742503074850e-02
-1.354235027359225810e-02
4.245948548694625929e-02
-1.898864501439714164e-02
-4.541699858650097288e-02
-6.737359408871286537e-02
1.027890796671351165e-02
-2.734527586326684911e-02
-5.836870180421530052e-02
-1.911533852747307818e-02
5.330134359285747941e-02
-6.676089026808068594e-02
1.065620019125725071e-02
6.424453758229317635e-02
5.139977662221211462e-03
-1.656233173475327863e-02
-8.791026349913072524e-02
-1.197988665236016104e-02
-1.482605271266974889e-02
-1.177896123105481863e-02
7.507943650998126495e-03
-4.252492392404882970e-02
2.222234681673757734e-02
1.386884680383435476e-03
3.878527008020300065e-02
-5.819143682167167431e-02
-3.705009150057602535e-02
-6.848367269078303732e-02
-3.375917416479478489e-02
4.808897727886153606e-02
-2.941238591081262246e-02
6.194608719535442398e-03
1.699250503464162093e-02
-4.656772175387387941e-02
1.607555585927533670e-02
1.018738241390693688e-01
-1.276397078450096090e-01
-3.383915240971137328e-02
-2.755129778878943198e-02
-8.548454854994559649e-02
-4.321928821603740478e-02
5.691304610969979971e-02
-7.807068023453088423e-02
-7.401789671755243383e-02
7.735162754127083984e-02
-3.570214998665695305e-02
2.115750614149148473e-02
-9.835792223360895203e-03
-4.772257353449744360e-02
-4.035573276280929322e-03
-2.347547746584432299e-02
5.560039209831207918e-02
2.495824295758444084e-02
-1.142269962138839356e-01
1.268670861934990263e-02
6.667534553610582337e-02
-7.636372014714963574e-02
1.377083839270885554e-02
7.437046873897651400e-03
-1.090403021200625350e-01
-4.390092526313947585e-02
5.377671181478160117e-02
-3.565536249988267292e-02
-6.307386795008004809e-02
-1.450438683070826018e-02
-6.620091397191633920e-02
5.597836114570992755e-02
1.004255127688699484e-01
2.986421764902319823e-02
-1.018968262205756543e-02
1.179042133090084654e-01
-9.539130201515502033e-03
-1.642456766742683011e-02
-4.107967380358951842e-02
4.658567250171614937e-02
3.276423707314392308e-02
3.001064474080092359e-03
3.105507676230088651e-02
-7.726132138009619843e-02
-2.202670837643304000e-02
1.952540809991843221e-02
-4.936975079012916046e-02
-7.108261103291463323e-02
-2.584001832338002347e-02
-1.244182242899059682e-01
5.155198885546874443e-02
3.674668639043567053e-02
-8.906703750916966644e-02
1.152954515590699364e-01
-3.982405930969267621e-02
-4.110140702107775018e-02
5.072604191919315164e-02
-7.965603126539244627e-02
-9.520472660507614537e-02
1.080843533561087755e-02
-7.130844168712794501e-03
2.447934583802506905e-02
6.325428357181528405e-02
-7.941308963993057302e-02
-6.671727981633494842e-02
1.877657351595127255e-02
5.924781974218321090e-02
-3.205148728667098212e-02
-3.138314383780958089e-02
6.330942980198195347e-02
-1.391362760773696278e-02
-8.913758840681287876e-02
-1.026731338205577326e-01
4.944551419468391773e-02
4.114726043740282724e-02
-8.450507218308757340e-02
-5.511081777633933254e-02
-2.607269811099962101e-02
-6.235233560165377720e-02
-5.392799742715501284e-03
-6.940567782417716991e-02
-4.429225064085032249e-02
-6.051226749584043968e-02
-7.187410421479945022e-02
2.291389818177366755e-02
-4.451653340923536484e-02
9.559152719187651720e-03
6.166380032130244770e-02
3.845251467002780421e-02
4.877875128078686812e-02
7.559411954250197518e-02
5.272217328313258400e-02
-4.164982550896719968e-03
-7.827199563959860718e-02
-5.010597083530182738e-02
3.156002561279960122e-02
4.211791601340820340e-03
4.036990503417273862e-02
-1.070577004181657438e-01
6.927090055493270726e-02
5.566226384860849946e-02
-2.273871173004176835e-02
1.352772244399155777e-02
-4.322513223143893690e-02
-4.904523085138978722e-02
4.199528872623440462e-02
4.331371260907325438e-02
-8.723206513390005523e-02
2.369177519039075350e-02
2.820458418015147489e-02
1.438487542423379402e-02
7.793234829906298122e-02
-3.279346509975455265e-02
1.105292722079678214e-01
-3.828190885141855709e-02
-1.291560236550343480e-02
-8.442806593037130436e-02
1.327774728028902618e-01
-2.672662399687369961e-02
2.098523878079876573e-02
-7.405530636070704886e-02
8.865592246827166609e-03
1.789451223372663657e-02
-7.105327180062410986e-04
-7.806676286789109021e-02
-1.086465773416295244e-02
1.550379463952041015e-02
2.991120101773737591e-02
1.133924145033859132e-01
2.026823802958595960e-03
-5.811289519449697183e-02
-5.126718195977161135e-02
-7.338238472146180191e-02
5.384023936378804637e-02
6.331968839186896680e-02
-5.296921249485646993e-02
-8.270344623394253192e-02
-5.996166659085309936e-02
2.605534110378099344e-02
-4.095691362732831881e-02
-6.512773077986523662e-02
-8.316281499488058573e-03
6.494388410301001752e-03
9.097359435614482681e-02
4.117879967638179983e-02
-6.200866099091823652e-02
3.244979263312010309e-02
-8.922786887677541801e-02
-3.211394478992990464e-02
3.866730534400168035e-02
-4.456835504390751351e-02
-4.905728016074576564e-02
-6.594917440386713348e-02
-1.751944932144075540e-02
3.754607317903383562e-02
-9.189393349557965773e-02
3.318609473218903094e-02
9.637674429710894192e-03
3.198945340785817881e-02
-4.681236057067602457e-02
4.950619880334190814e-02
-7.421751733141527391e-03
-9.766807800716863219e-03
4.143475882014169276e-02
-4.125473359932041451e-02
1.500199432041908476e-02
-6.040581298106666164e-02
-3.147202342396265146e-02
-5.031934224641828463e-02
-4.400581362988836842e-02
-9.580804791915026666e-03
6.386159072268887682e-02
4.297618021486048628e-03
-2.649448401839539502e-02
-1.732411779414912145e-02
1.764674488453105150e-02
-7.509578860548929424e-02
-2.318127798012335761e-02
1.855967907816210780e-02
-4.270289004705282027e-02
6.238826346927678693e-03
4.976981944372670108e-02
-1.508536786793764420e-02
-1.220504591648260972e-02
-3.998787768125405817e-02
-1.055501897571136868e-02
3.393565900710324157e-02
1.843274605115878539e-02
-4.611050907995136589e-02
4.810646652817161806e-02
-3.338738828052596752e-02
8.039763561344384635e-02
-3.868428052712640647e-02
-2.907378423524615077e-02
4.819326045482429793e-02
8.758084139854466210e-02
-7.339292423093060624e-02
-2.799180536156574070e-02
2.281726806648494421e-02
5.319444519558005902e-02
-7.823052757442676419e-02
-2.632465327762051333e-02
4.089752706532682330e-02
2.537244378303757375e-02
-7.034884885702467894e-03
2.793746140531279051e-02
-7.762277761236500984e-02
5.326165040730249794e-03
1.996768815111276546e-02
-6.238322405614987742e-02
-5.023036302096202388e-02
4.649406773632805412e-02
5.242313710593330539e-02
-2.544385302429996373e-02
-1.782354395015565279e-02
-2.804429704856395422e-02
5.859251466222369781e-02
8.456132430083197760e-02
-6.114897268685060006e-02
3.813818835331325707e-02
4.988168364975287261e-02
1.734007712119136832e-02
8.673732455494857774e-02
-3.837145983811689198e-02
-5.196743256337735956e-03
-2.568455750109732011e-03
1.600638736781466107e-02
2.696194773203780190e-02
1.223582007396390933e-02
-6.880139701977137923e-02
4.563307266047030020e-02
3.569505640253969186e-02
4.244970015568549741e-03
2.792827847318202911e-02
-8.651921362920587943e-02
-1.320730577505183634e-01
1.092470738435358940e-02
5.214587596834725780e-02
-3.522771122496869134e-02
8.359140234100041755e-02
-4.361981195883012780e-02
3.821990740572685924e-02
-7.582714212468820436e-02
-6.621627417776070057e-02
-5.368022395955408116e-02
-7.108912803432076988e-02
-3.941599228305985025e-02
2.027267657561428529e-02
-1.073904872313828363e-01
-2.606834061226458860e-02
1.390210209038281880e-02
-3.557960965851593785e-05
9.170722903463524034e-02
-7.594790956080572919e-02
-9.566624089571343359e-02
2.161178811648187953e-02
8.322008241664521910e-02
-1.618729569627004941e-02
-5.548998763618290253e-02
-5.063040700907484731e-02
-4.304624799611379143e-02
-1.383732519710475714e-02
-1.213271912755589654e-01
4.292929148134198500e-03
9.727866896570218358e-02
-6.208816339456016409e-02
1.990201825277233133e-02
3.950585911864234329e-02
7.744622202029287361e-02
5.465553395480569204e-02
6.332181509556389365e-02
-8.001851574532159450e-02
-1.805366399380916795e-02
-8.522639638118584271e-03
5.777599441895782395e-02
-7.032400583892303714e-02
3.438644137213234253e-02
-2.543760915498251285e-02
-8.699476693935513649e-02
-4.553145084011718524e-02
-9.997290613917696189e-02
7.923111137728476583e-02
-4.557408541902624455e-02
-1.166873585581240658e-02
-7.658234128766341214e-03
2.376523651609241394e-02
-4.827553375322954365e-02
3.202251588417838468e-03
3.890314387638425797e-02
9.709486741043018426e-03
-4.772392075820440505e-02
4.919629721548386680e-02
9.445180892755734858e-03
6.487627885376621995e-02
7.119357360655019507e-02
-1.161251229666834944e-01
-5.686183224283518356e-02
1.724829007881162508e-03
-7.272095076949387782e-02
-1.019249737647784509e-01
-3.192895282563967818e-02
-6.787392277958131936e-02
5.041725327960398795e-02
4.960971864233799933e-02
-4.647736531210968497e-02
2.322523575009503502e-02
8.046481728410208312e-02
-5.377523404111752420e-02
2.141745079210317926e-02
3.730114514175433132e-02
4.123359071157910866e-02
4.887699165090374220e-02
1.139669485391059216e-02
-2.365387380287630598e-02
1.693100750742480148e-02
1.076614745181710131e-02
-5.934522232982287343e-03
-1.200183814180059982e-02
-5.809248673323524209e-02
3.756422651969464066e-02
2.045276669855904464e-02
-3.487849316915707376e-02
2.756577473568435840e-02
1.180313797148738186e-03
1.548211431244325004e-02
4.436759546323022774e-02
-7.929536258640267066e-02
7.231903133890961455e-02
-4.142263991662172018e-02
-6.116137189766900767e-02
-6.744228257408428628e-02
-9.428829465843937760e-03
-1.140357711105659429e-02
3.150640410313471779e-02
-1.450956027891902103e-02
-7.182701473973296391e-02
-4.826127014164756368e-02
-4.665863763644419182e-02
-4.782655203154646817e-02
2.879144008696535306e-02
3.211367334882403446e-02
7.437720207013723273e-02
-5.458966526390881396e-02
-3.918208715947971155e-02
2.648609825980597146e-02
-1.995971291823691110e-02
-1.611711053599427027e-03
7.075520222723456071e-03
-1.962902871190094073e-02
-7.883199495273883473e-02
3.917141964230604761e-02
5.716864438594247699e-02
4.396279873040349201e-02
-1.360290599198784450e-03
6.101570148944970157e-02
-6.485747972496598568e-02
-7.828648615536722144e-02
-6.135789272215295270e-02
-2.090519791563142868e-02
3.866607776281362485e-02
2.944098420353648965e-02
-6.373267329510137746e-02
6.740328265976437694e-02
-1.494748415484199178e-01
1.363082996846351133e-02
-4.829125633959966551e-02
-5.405001495697635966e-02
1.342470511400696911e-02
1.099021497523430119e-02
7.472285583788151886e-02
3.805713987346538707e-02
4.566752683062942630e-02
8.811068408039889055e-02
-2.500351137021264436e-02
8.040642424121409448e-02
-5.346906547669125903e-02
-6.816529980025259894e-02
-1.177785806165486115e-01
-4.924908196970070873e-02
-2.888707497257295836e-02
2.432940807867682576e-02
-2.071833362708090653e-02
-1.794985436964141590e-02
-2.056894025372883739e-02
-6.854743690302300685e-02
-7.320493052300428710e-04
-5.158856111532722499e-02
-6.150354071078276141e-02
4.886197465091118852e-02
-1.085711736172605690e-01
-6.335372044695002092e-02
-4.633167275463030699e-02
-4.875539226905282325e-02
-5.253194602312152850e-02
4.519995868967777164e-02
-3.219377447293331196e-02
-9.934529287916821216e-02
3.652708003317742952e-02
1.403866421693665198e-02
3.033142415962799057e-02
-3.119874774884511676e-02
3.759167579458028846e-02
-5.000058075638297989e-02
-5.417283410064740318e-02
5.452000692876150800e-02
4.237106146472827822e-02
7.307811057070467964e-02
-7.671711466686732123e-03
1.750826457528219249e-02
4.404815673511375956e-02
-7.273227963423740949e-02
-5.152276208427182536e-02
-5.562849437541181330e-02
-1.950800416217224331e-02
-6.431852236572169201e-02
-3.508075535664760547e-02
-2.884273204673662439e-02
-1.993569189336525868e-02
3.186498055948758235e-02
-2.544891309397474821e-02
6.595454895263538897e-02
-2.837065779781116140e-02
-9.424683337813176409e-02
1.200770064234633894e-02
-9.792843823238579770e-02
-8.517443252570033874e-04
3.308094714651361318e-02
-4.182984046390857830e-02
5.891084989337669331e-02
-1.129937372476084168e-01
3.513536816100518156e-03
-3.730102943279865746e-02
-3.986002350499619901e-02
-1.642349115600257731e-02
-3.275188316053091742e-02
8.975846095265688218e-02
-7.538437276441813106e-02
-6.571131488135192877e-02
-6.840288747307254891e-02
-2.908898046028425208e-02
-2.989776831506226612e-02
7.010666912567947717e-02
1.735999504856318085e-02
-4.449196746929789947e-02
-1.030196359823397079e-01
-5.897625558340634927e-02
1.350154547740955308e-02
-5.960226454663210618e-03
2.835864850275342242e-02
2.584870987015030347e-02
1.111097904323134627e-01
-1.361588913855068389e-02
-3.352407845586515001e-02
1.493551292698740325e-02
-9.118787913406754819e-02
-5.682579250070671217e-02
-4.050761895924648304e-02
-9.031828213649292780e-02
4.952396282800641814e-03
4.585032066264316947e-02
-1.162711062371579174e-01
-4.475765957069639811e-02
1.165598968374742528e-02
-4.452570807698292416e-02
-2.724569532097847677e-02
6.375400015323608172e-02
-1.335606199568032115e-01
2.969906397309472409e-02
-2.462690964365194315e-02
-8.659416503875909388e-03
-4.019928271670256820e-02
1.950790276473611876e-02
-6.164090135422224670e-02
-2.999237821426714579e-02
-4.731887951734631802e-03
-2.239641201072666010e-03
7.427011736606020827e-03
3.647682389977295603e-02
3.428706985512777056e-02
4.474300181958245498e-02
-2.656591363297455474e-02
1.292799663541592016e-02
2.997186180844400860e-03
7.043366909507242646e-02
8.982038718441266723e-02
7.405131143333483490e-02
1.746565760972909609e-02
-1.041172789352095285e-01
1.531495130969415946e-02
3.908394950631705750e-02
-9.052450394988600935e-02
6.052896876399510573e-02
6.344242355233092878e-02
-4.149003389509370310e-02
5.164311255727066508e-02
4.298377929529069441e-02
-2.712975864496522393e-02
-1.003202871663158441e-01
2.406187200466834708e-03
-5.634496625322979457e-02
3.256669281730829001e-03
-7.583911589965297573e-02
1.143674239711955920e-03
5.852549663809342162e-02
-8.838769246346425690e-02
6.000291296577947575e-02
3.325860054500253543e-02
1.216701010795545324e-01
4.392179658040878260e-02
-4.765094934453646680e-02
-3.428002072072154627e-02
-2.782865901747105797e-02
-6.330432398979192465e-02
1.647595881201103368e-03
-1.061134005308940198e-01
3.966940660701306215e-02
-7.284780808320126533e-02
-8.522408502994474611e-02
-1.291833035339547478e-02
-9.677768188796460891e-02
9.491788731521816347e-02
9.856279032063983148e-02
8.796491579271205688e-03
-1.701341690928695471e-02
-1.221592735910523725e-01
-3.412386954617441237e-02
2.702502267140280065e-02
5.105806517420950763e-03
7.665414153492565615e-03
3.416879152167711514e-02
3.742222820267700201e-02
6.338775052799597298e-02
-1.203707915846702337e-02
-4.723831465459313317e-02
2.462525088111216370e-02
-3.591050311626952513e-02
6.621859526502914262e-02
-2.638854327299922087e-02
6.758178870689260376e-02
5.285315738651741313e-02
8.287285552951109691e-02
3.491075590999942468e-02
7.817618203876521704e-03
-2.580973352117281461e-02
-7.306369989704346313e-02
2.370981440279734329e-02
-3.255127869768922183e-02
-4.652054431343742580e-02
-1.188751083610893461e-01
-4.900164682711798808e-02
-6.125407707185141770e-02
4.913270859052870643e-02
-4.184784665347015403e-02
-3.040274066534836075e-02
9.356836999923262566e-03
2.593249463375681824e-02
7.303030242794734950e-02
7.403195733450140814e-02
4.137182361913643858e-02
-9.025568021906653360e-02
9.051751805492552760e-02
-4.132037205506505773e-03
3.692206131889496507e-02
6.222726116864499279e-02
-4.585801509824097982e-02
-6.061882032034592027e-02
-3.015783371195494486e-02
6.573212581787821196e-03
3.430574414413874867e-02
-7.159194303646004842e-02
-6.592898481354349249e-02
-3.255236795574267122e-02
-1.339137012689369660e-02
-4.627894457448003540e-03
-8.201142347810584654e-02
-3.321556267645513899e-02
-4.065214063017276447e-03
-4.859649747614969845e-02
1.240540478659999182e-02
5.543933003302740914e-02
-3.682449998098213245e-02
4.918386836542768675e-02
-5.247314017449321299e-02
-2.941262562176867601e-02
5.482976026550843984e-02
9.149786884719683655e-02
2.802569751901701905e-02
-3.238531877396948200e-02
-6.831518479584809678e-02
-1.903564802188688473e-03
-3.286885372946789230e-02
1.040429854104996804e-01
5.404021630626760359e-02
-4.757434072549695386e-02
-2.260884559852382319e-02
-1.618332041602255078e-02
-3.702673231825312494e-03
-5.134772223239336686e-02
4.639452317144850818e-03
6.209194847582065468e-02
-9.289596609602791821e-02
-3.149436567437732815e-02
-4.406121854319888786e-02
7.343323332125363534e-02
-3.116685880969119471e-02
-8.800620128272031162e-02
5.485152777985381062e-02
1.556606433087216919e-02
-9.935432006249925174e-02
5.530222387579957627e-02
-7.379183580318145197e-02
-5.756247669948983542e-02
4.774701570776834769e-02
-6.606333134289688047e-02
-3.301151064099750593e-02
3.960261609790932669e-02
2.355364091529502449e-02
3.624826034431979926e-02
-2.919718500479857870e-02
7.808810242980429583e-02
-5.158131999552982572e-02
2.976982042185402286e-02
1.485529662377349340e-03
-4.461168675526525768e-02
5.635885194651699820e-02
-7.796058178507930814e-02
-3.965266481002548138e-02
-5.820517548377370648e-02
1.068597083316239621e-01
2.821494683367878689e-02
7.930521196272910522e-02
-2.131869856410966921e-02
9.076392913331036982e-02
-4.935658943334832183e-02
-6.011546410012321567e-02
-5.158797417492781701e-02
-3.960157993812005173e-02
2.644356214976169295e-02
3.283526411182969423e-02
1.603182144786977417e-02
-2.384105815713076157e-02
-3.946339785553194812e-02
-9.924987267828307841e-03
6.815319209717025234e-03
-2.359773475204769017e-02
-4.727194120685289380e-02
-9.854441277233833008e-02
2.942473616759678362e-02
3.273253026054363107e-02
-3.011466275990948294e-02
-7.255418322484052940e-03
6.366849167086767458e-02
-3.167148707962240753e-03
-3.984214755992565582e-02
-5.911407607546009801e-02
4.735904128407746050e-02
-2.542803470397608095e-02
6.580339452118634525e-02
-4.920248363826271870e-02
3.614596261383309916e-02
1.238375212907399589e-02
-7.576447609984737763e-02
2.159384799508138816e-03
2.800720109964946469e-02
-3.887054049999800337e-02
1.105407988971226357e-02
-6.484866734829253590e-03
3.491086136855695715e-02
-9.423166433891888571e-02
5.097788427955367990e-03
-1.278810898289633458e-01
4.841000263896496486e-02
-9.910626125180862708e-03
-7.867783810335304828e-02
5.523556722219799542e-02
-1.942059660602099905e-02
5.136690875230381925e-02
-8.380695053720325916e-02
6.192163179452590122e-02
5.993577949100760416e-02
1.719348847981150286e-02
-4.956179991624833775e-02
4.974116283647560255e-02
3.457241961154938759e-02
2.603737858804319044e-02
-6.320023619229148126e-03
3.151002172578062227e-02
-7.259099674971464244e-02
3.270278091468181020e-02
-1.842943235760447634e-02
-1.104748896575570016e-01
-1.511015213582675085e-02
-3.643669306634916838e-02
5.498620592003820168e-02
-8.584665153887165168e-02
2.329174297726884640e-02
-3.368272075077440725e-02
-4.347191862965839315e-02
5.938987409005050400e-02
-2.727334261967485907e-02
1.931623439778677731e-02
8.634008033056228548e-02
3.919691808054419357e-02
2.960414616034354185e-02
3.410097981844492643e-02
-7.794136703920970244e-02
-4.273214812039871635e-02
-2.023092431428872781e-02
-1.770928508898586204e-02
-7.004370654452674039e-02
-3.024671430571897884e-02
-4.046340516174148916e-02
-4.468565393712896350e-03
-3.579892435160444281e-02
-7.961375759238371874e-02
-8.675430804702072285e-02
-3.312515035193055318e-04
1.401458805517799902e-02
-3.025516363040093443e-02
-1.209429922356591684e-02
3.822791789306476812e-03
-7.771856377253416603e-02
3.174172721652648854e-02
-6.114579451085125350e-02
-6.928481450593176882e-02
-6.594604913785291622e-02
-8.064500100378116376e-02
7.206397417450931264e-02
1.058592895420705782e-01
-1.058049707551388663e-01
-8.406162832282279562e-04
7.850255858555774124e-02
2.038903983563300146e-02
-8.344094223299249047e-02
-1.750519743467041089e-02
-1.251294655973768377e-03
-6.428517493931781845e-02
4.506891410191094655e-02
-7.667785789297980326e-02
5.255920953144063539e-03
-1.580191254424361241e-03
4.750332139744051219e-02
3.690931719561297425e-02
-7.450123332690128386e-04
-5.249450977960688769e-02
1.783124372742672659e-02
-9.673768592597295490e-02
-4.571721316874279017e-02
9.177536896732750582e-02
-6.487294659896623850e-02
-5.762649627705804245e-02
-8.315206655869211705e-02
-3.924648704229924401e-02
-2.017838291089413261e-02
4.098778358544975103e-02
-2.975269295644869874e-02
1.969073806078028635e-02
-4.927811691746564887e-02
-8.067734120630491723e-02
9.853195650187588153e-03
-9.435951174603808556e-02
-2.399426327784028729e-02
-7.594055595849963369e-02
8.594042181093721269e-03
4.201332801960225294e-02
-6.933568375771859138e-02
-7.773240103925752389e-03
9.531138691206914038e-02
-4.828089995508554055e-02
2.606170559645743651e-02
-4.036431905915352503e-02
-7.770433717898905801e-02
-6.213765747599250822e-02
-8.376244587003250919e-02
2.425770787180654003e-02
-1.878593864667763014e-02
3.867980450583863999e-02
-4.006801116588001171e-02
-1.826056124048169166e-02
-6.028549704574375639e-03
-1.216448434297343409e-02
7.160093427486906303e-02
3.725138391581543640e-02
-2.029085793612313629e-02
-1.358709242119211097e-02
-9.077271177447356065e-02
7.207126465706063800e-02
2.265129581570171635e-04
6.304863531098885143e-02
-4.927012326239535445e-02
-2.326564286407437065e-02
2.901538322959767990e-02
-1.150434494322818690e-01
-8.459369365339604319e-02
-2.436084751835333392e-02
6.402650210385153751e-02
-1.658410659468423365e-03
7.539191359185323793e-02
1.122395190316845780e-02
-5.839055420698049947e-02
1.725722936295500179e-02
-6.633421183427842815e-02
6.867474191251365934e-02
-1.186689733136785802e-02
8.547257487005927024e-02
-1.899347649056223886e-02
-9.396807683863717120e-02
-4.721987574763083367e-02
-1.936425667248477256e-02
-2.246906325665431331e-02
-2.767922932069502226e-03
7.351131669840919869e-02
7.531927583973087315e-02
-4.780689496623133101e-04
5.313869802080659760e-02
-4.149278586156306126e-02
5.175162426397830057e-02
-8.826798417637136962e-02
-2.802279839909299977e-02
-6.753487094204291274e-02
3.056623724530947023e-02
-2.708968896802019938e-02
2.957524362869892037e-02
-4.317203908639902915e-02
-7.932797475166240841e-02
-8.642242775663176724e-02
-6.221147664209671080e-02
-6.930780007427107814e-02
8.903222888384540457e-02
1.418941104313167431e-02
-7.109273300684175456e-02
8.484155380547037106e-02
-6.824629784283295364e-02
2.643837585577196031e-02
2.863883123392545541e-02
-3.244501159068856333e-02
3.938600178176768218e-02
-3.604728846762587230e-02
3.374900926839903559e-02
-2.720844782706836537e-02
6.584467051430743789e-02
-4.064684255864728368e-02
-6.623384980149620016e-02
-8.898992909219032021e-02
2.013205846766813467e-03
-1.258701229089579862e-02
-4.984384734494082259e-02
6.763780574203756557e-02
3.761311648733046964e-02
7.877915409944731551e-02
-8.494619015605145429e-02
4.142746001173697179e-02
3.274146686004127116e-02
2.440899619939055840e-02
-1.824353290248477422e-02
1.770354711110423696e-02
3.800581995241782141e-02
2.897780724644530292e-02
-4.142891235281258994e-03
9.569780744702154063e-03
-6.591044774098253622e-02
-3.851419965542138280e-02
-8.216927937582226005e-02
2.734492858198135298e-02
-3.672274699104893098e-02
-1.390345719794258347e-02
-3.507589867491852503e-02
-4.156709434085868737e-02
1.562331999316800973e-02
-1.031458917018467265e-02
1.264906898218635112e-01
5.302365136860555384e-02
5.710665348900764715e-02
-3.033755695053440629e-02
-6.573870128173137095e-02
-1.593528472725058362e-02
6.534818792172365776e-02
7.900649137088217033e-02
-8.585360146660850345e-02
-9.121960178803008301e-02
6.026145201966880832e-03
7.910757301055985902e-02
-7.804494593290957349e-02
-5.736731728273198813e-03
-1.914330877065711228e-02
4.760502599552918213e-02
-6.048250768784278059e-02
-3.827302932668238261e-02
-6.275110083110006787e-02
3.863324849077735129e-02
-2.880557934824195740e-02
-1.036501998187935730e-01
-3.430149751932373703e-02
-1.060036888102370289e-01
-4.908243243175892945e-02
7.611576921185420064e-02
-4.995768203720966916e-02
-7.865901905951658279e-02
-2.933301521267057607e-02
-6.847243591750708236e-02
8.033211055500801001e-02
-7.861963070637192907e-02
8.248469213216658158e-02
-7.945055403985862297e-02
-5.190391397935190110e-02
7.576240165199965571e-02
2.207846970883522650e-02
-3.827801244779932555e-02
-1.600297924788721474e-02
-4.717526440220701917e-02
8.885709353991803894e-02
6.926845325459098958e-03
4.374143435818622638e-02
5.711833586135763030e-02
2.363974111801139463e-02
-2.315641463368770664e-03
-4.508492806679527398e-02
5.999371025087811560e-02
-4.451016446883354627e-02
4.767098698911324817e-02
2.176025574226374271e-02
5.452483385846049885e-02
3.550194540625292022e-02
-4.358703623671360272e-02
-7.645517120055793370e-02
8.722140111226787951e-02
1.728104762038030692e-02
5.165924812150891887e-02
-9.380694055944455850e-03
3.060314460556612728e-02
9.856073008041726924e-05
3.073434325200993800e-02
-5.483852271779524230e-03
7.922155901833989600e-03
4.639422444403145523e-02
-6.514778458851872012e-02
-6.361340026029450867e-02
1.278996116716307231e-02
6.445991996365063592e-02
7.096263023214872956e-03
-3.230071153983218174e-02
4.299481866122701473e-02
-1.104440317181214770e-01
1.180782525608570221e-02
3.043248692271215139e-02
-5.537125942658328165e-02
4.519517008327028629e-02
1.546834382776614281e-02
4.012434926130273999e-02
-3.502954510124295373e-02
2.192340315212416499e-02
5.323036820003314296e-02
-7.453244438835414376e-02
8.742116209539467497e-02
1.508255264974059547e-02
6.590712191090962457e-02
-4.602728240857840991e-02
5.861958044983758831e-02
-2.628018578721217149e-02
-3.850603755808609113e-02
-5.289497955360904224e-02
5.284596005521949302e-02
9.176459128341213356e-02
-5.968997455380861683e-02
-7.798488837154472775e-02
-1.120131250419947599e-01
6.533548254023863189e-02
-5.091569866798378863e-02
-1.735531017817307925e-02
6.459104085171936405e-02
-3.517807764646183749e-02
-3.187100895850743243e-02
7.451155579536624524e-03
-1.627086761364710671e-03
6.720060852176859556e-02
2.812256701200674738e-02
-3.430942819746037736e-03
-2.636120403520610458e-02
-1.182873071951231619e-01
-6.280365165724834109e-02
-5.289623114369967211e-02
-6.925854049288880654e-02
-4.038805531284580391e-02
-1.282302164637853098e-02
-9.326622279611282429e-02
-1.139057255670213736e-02
9.147333413916428069e-02
-5.444531378825299972e-02
4.984685311519412854e-02
-5.383083067117970522e-02
4.692294110675426788e-03
-2.021115054577451303e-02
2.349056042323798693e-02
2.137036178080364140e-02
1.615145319312354111e-02
-8.297701588876305046e-02
2.040867160207127107e-03
2.466205917657587898e-02
-3.877654111702689976e-03
1.744223642592462875e-02
-5.338192035108969141e-02
4.349051689937699638e-02
6.556058035286325969e-02
4.359254634524213634e-02
-1.291184264865981590e-01
-1.330852136295428145e-02
1.499159271324488653e-02
3.306086154558142073e-03
1.778606080741025608e-02
-1.221602771153804112e-01
-8.398495802678959676e-02
-4.776944066129641675e-02
-5.737058749243886119e-02
-1.772775548112204280e-02
-4.479724768598544737e-02
1.044625336831977655e-02
-4.129052570014909301e-02
-9.255889443721866672e-02
3.758913402663036085e-02
-3.171852886783352310e-02
-4.375808996660321415e-02
-9.519886275684499854e-02
2.766118153824651676e-02
-5.989947587088041703e-02
-3.722628366461885885e-02
-3.073094025040495891e-06
5.951797291348103619e-03
1.660642011163845216e-02
-4.775163496509386707e-02
6.757284239616397070e-02
-3.149463852957846977e-02
-5.154821222369371930e-02
-7.423250952058386976e-02
-6.103411852104029256e-03
-4.367248036162493796e-04
2.030786641575352269e-02
-4.675121972404552156e-02
-3.481619190206749342e-02
-2.105210262273618863e-02
-6.009337099229671714e-02
4.505379454323661659e-02
2.332536694365073410e-02
-1.926739826721113671e-02
4.083810346726538670e-02
-1.760763472165085414e-02
1.121141604821715432e-02
-3.343749779511658721e-02
-1.165272669525324462e-01
3.225086567802281159e-03
-3.860664214552922413e-02
6.750289494355786457e-02
-3.839278493489224620e-02
-3.766646627138023340e-02
2.362782311373233871e-02
-9.240154381798459937e-02
-1.614237186678428582e-02
-2.982399739304237782e-02
-3.639915743735283593e-02
-1.496463265019352257e-02
-3.173962958220248598e-03
3.369814682848497334e-02
-3.434307626348417301e-03
4.274180304068570663e-02
-2.494790318957706282e-02
-5.777352938076277949e-02
-5.393950330138069793e-02
5.262697370966873400e-02
3.881226466354222027e-02
-1.946835855256586270e-02
-1.157040164868420977e-02
-1.151875590129358418e-01
2.841986831747232364e-02
-7.250887761383530139e-02
-1.988266189346816690e-02
-1.539827581711955204e-02
2.411031206998875270e-02
3.072837222160672635e-02
-2.684021717928540551e-02
3.089428759775409566e-02
-3.019160294854538254e-02
1.296899581021792869e-01
-6.664172268240575736e-02
3.964422392806991359e-03
-5.439049161730932780e-02
-4.560548284601560753e-02
-7.585101063812867139e-02
-3.825306663770661197e-02
4.192853330528305278e-02
1.432893387728355339e-02
-5.885764351083964951e-02
-8.387826577032270192e-02
-6.577268445994401830e-03
4.328228811133008613e-02
-3.950075391694807259e-02
3.251176904885628993e-02
-4.506018801731598994e-02
-4.281320437929969636e-02
8.745285799232643820e-03
-3.473548123037492608e-02
-3.377420856371909919e-02
-1.083128502870609744e-01
-6.397343220351150994e-02
-6.512680117153435422e-02
2.970112121997471252e-02
-2.843588332580803540e-02
1.408803074824563351e-02
-3.331149697158425349e-02
-6.507113650590930221e-02
-8.830981869907150728e-02
-3.372326775842111879e-02
2.479689880474213876e-02
3.993520868450652767e-02
-2.464998297068266009e-02
6.091695201600323684e-02
-1.223544081275254602e-01
-6.174288266072987252e-02
-6.364817146914561463e-02
1.107688428318154457e-02
-8.618535400927476720e-02
2.151339496560145809e-02
2.763908519091905561e-02
-1.173347974398955829e-01
-1.782647710675604354e-03
4.097521006156860934e-02
-4.935584019482597284e-02
3.616112492175344723e-02
6.663697583820217540e-02
7.171780401853899978e-02
-6.208059395835018729e-02
6.634745133005855167e-02
1.372911515619003320e-02
-1.250803953736143691e-02
3.545998573349985056e-02
-4.283424085285111871e-02
2.475233994720049679e-02
2.602509959472145556e-02
8.441185095338954447e-02
6.934054835025423025e-02
-1.173697172489786278e-01
-5.336320448095514812e-02
8.458560800475051211e-03
4.088244092270885977e-02
8.774336907366862837e-03
-3.415038030519493284e-02
2.060308859806066900e-02
-4.350626979367153840e-02
7.282471416184572999e-02
-2.919568091168701918e-04
-2.755115809314897385e-02
-3.483264632215779533e-02
-8.764500075296925707e-02
5.364007826133010415e-02
3.222641329682485178e-02
-5.259798811302834887e-02
-2.307979440077052163e-02
9.557495135145235854e-02
-4.567367509144033139e-02
-7.217962196164168232e-02
-4.647736813508936832e-02
-2.232130181270600838e-02
2.014337830720969516e-02
6.565876106184774519e-03
1.823810871073125103e-02
7.922022235644556737e-03
2.018987903147833468e-02
-9.464796789564788870e-02
-6.271925183027590722e-02
4.522985321884822468e-02
-2.785908734007564932e-02
-1.135853835666194786e-02
-2.757828579025963650e-02
3.698663454150340896e-02
-6.154044167997037296e-02
3.586283035856360421e-03
-2.934327405589093329e-02
2.677690760919757690e-04
-2.681079596359004641e-02
4.686852792197569728e-02
-6.184567005608032630e-02
-5.835115682773615864e-02
-6.474748598273235428e-03
-7.756996036218948010e-02
4.217537191910234601e-02
-4.870279089424799784e-02
-8.408657909389889717e-03
-5.208663915131715727e-03
3.921684603128367669e-02
-5.158240624909583849e-02
-9.177431090469219399e-02
-3.935285552147839427e-02
4.599951133644987478e-02
2.178315546200143907e-02
-8.089838114251282630e-02
-1.533973911058786332e-02
-1.346782686666389388e-02
7.689872186777246821e-02
7.156809060096783193e-02
-2.265080832195602578e-02
3.893899322191754497e-02
-2.445586463544196371e-02
2.780374031993645273e-02
-8.723378244308414853e-02
-5.690048308430017965e-02
4.919031241213189104e-02
-4.119661165545565606e-02
1.394932402085700268e-02
4.631725606063629569e-02
-1.102723117966883035e-02
-1.606778912200028386e-02
1.923923269884875512e-02
1.105645380078314546e-02
2.491865379742225217e-02
9.721255405913214326e-03
1.119284446799555938e-02
-2.526995653123716851e-02
-1.389523019543251192e-02
-2.197210190853187556e-02
1.009668171983770998e-03
6.068469183576931381e-02
3.190494206076716771e-02
6.094226298881061377e-02
4.873276136135237802e-02
-3.083962455592002827e-02
-2.345850350688133412e-02
-9.213907667075062202e-03
3.329334682587437033e-02
-1.031339905980140359e-01
-6.970075671585265753e-02
-1.122265651235908844e-02
-9.193189168763260533e-02
-7.537829808150655134e-03
-1.359728579368767350e-02
1.361481534171308377e-02
-3.437608979411249654e-02
5.514678263991347473e-02
8.794863040009066879e-02
-5.888889524919661139e-02
1.016712435039390100e-02
2.507650586595567416e-02
4.612703245082016429e-02
6.433184206353249890e-02
-2.642156251419715274e-02
-2.606805767928684417e-03
-4.306877006376440969e-02
-1.658790045440928021e-02
2.695262872229795686e-02
2.947748816230288255e-02
-1.034045321906612580e-01
-4.091676476769730286e-05
9.163141896853695123e-05
5.272165433462783213e-02
-6.668402198431686023e-02
2.811465207744314257e-02
-8.091048619003958497e-02
4.014424446908040900e-02
8.346176934768845951e-03
3.027648689892717751e-02
-4.491683342458656358e-02
5.150111068818575416e-02
5.144962391980049260e-02
-7.912515786508836357e-02
1.619121920128744480e-02
-7.547150547736350412e-02
-6.723080295384303851e-02
3.159049970590610545e-02
-5.467238558301419638e-02
5.048467179439032615e-02
7.317498137312961060e-02
-3.739881443245929304e-02
2.597755491254496313e-02
3.673096116951984902e-02
2.727329712776328102e-02
-2.084528877144661146e-02
-9.803892528722229008e-03
-7.070078491137300747e-02
-3.512383480233192967e-02
-1.359071600118929614e-02
-5.610957996266647402e-02
-5.614931512987064027e-02
-4.511083325977503083e-02
-3.654093024503732995e-03
-1.089092872225164016e-01
-7.024406760668701344e-02
3.000887808658749684e-02
9.546966637945013268e-02
-1.019178743437750972e-01
-6.031383712395693708e-02
1.103461632718475902e-02
-1.492764620202107623e-02
5.101262057645157555e-02
-1.146681544782150730e-02
-5.015856656285880982e-02
3.681251907044680305e-02
3.043711000939679223e-02
-6.563578437989325831e-02
1.736596416485642821e-03
-2.037744013066590879e-02
-3.294675720846288597e-02
2.197962119770438538e-02
-1.741406737168550711e-02
-4.206168414383867210e-03
1.170492798909204823e-02
-1.056532954328430474e-01
4.510530481639413170e-02
-1.585687703308024527e-02
-5.538638895985303900e-02
4.880708323234492219e-02
-9.336066161553861764e-02
5.635718736929262729e-02
-3.499761993510294537e-03
5.738273127974542059e-02
9.613638496970803790e-03
-1.346375544881648137e-02
1.216857502582607137e-02
-5.812569457070949908e-02
-8.121407296555901989e-02
8.592901025829054185e-02
-6.259795150386240903e-02
-1.321000596542867486e-02
-2.287599837692786200e-02
-6.077078112665338511e-02
4.981730236136693024e-02
-6.758914720334978365e-02
-1.047230572272487767e-02
2.390737013018979368e-02
-4.486828210445117232e-02
2.123835979603757446e-02
-4.417495505289718849e-02
5.696894291429674406e-02
-2.869435288618144009e-02
-1.152964982153059925e-01
-1.183123484718585638e-01
6.791235734306250160e-02
1.152156657414585110e-02
5.439531908394974052e-02
-4.013143336956129237e-02
4.507128057345331090e-02
-2.988505590084176294e-02
-6.028842538052089917e-02
-1.024782032819179615e-02
-6.346266947364287425e-02
2.941612725612686649e-02
-4.108987721659118630e-02
-3.630117308650714081e-02
-9.158825446726762132e-02
-8.822939222019907102e-02
-1.132518541993502853e-01
-4.539517537455017848e-03
4.117781411197712904e-02
-3.462813065409372365e-02
4.547956616904231392e-02
-8.990377699615506590e-02
-6.717779196972377409e-02
-4.169683877324932564e-02
4.166988960432640998e-02
-1.108528968743004023e-01
-8.287823155959331972e-03
3.331198304009899691e-02
-2.243771568163568583e-02
2.584177971746355260e-03
6.910473041854259257e-02
-3.087482295891311179e-02
-4.138501235915727217e-02
1.890546701495830068e-02
3.250598456999749530e-02
3.660099814437599297e-02
-6.183475103049120014e-02
7.371547430789843203e-02
-7.048719017696666866e-02
7.624994197953301189e-02
-6.341314286706185854e-02
5.927806342420025021e-02
-1.110094737700765243e-02
4.967769921531557664e-02
-2.670592918830926032e-02
-3.609219846431779150e-02
-9.913494703216800541e-02
5.197855385953158852e-02
-1.979798042623025917e-02
-4.039738664950236202e-02
2.378828401889877472e-02
-3.934953064043281157e-02
-8.717358467747483852e-02
-1.299461627853514857e-02
-3.542437230562131556e-02
-9.329980027048939695e-02
7.884044826860739374e-03
3.186703140903968112e-02
-7.526045973941540568e-02
5.870387012977276719e-02
2.071723911048179920e-02
-3.325321063069812400e-02
-6.602564653993697741e-02
3.146491676889505776e-03
7.659520951620910068e-02
-7.111796573140252709e-02
1.232684620783113666e-02
-3.065620689659681597e-02
-1.087613485489785647e-02
-9.691082194006545025e-02
5.177320543230159999e-02
1.309148864925768069e-02
4.935887786705987768e-02
-2.352022364966931817e-02
-1.374083114294856120e-02
-1.462031413407977390e-02
6.833837821835728188e-02
-7.221784229047167880e-02
-2.621576066848319009e-02
7.046027890477628980e-03
-3.933429351251505057e-02
3.989867818541171368e-02
-7.255862720090171247e-02
-1.811237794667131321e-02
-7.331182133958979996e-02
-3.070681738207164252e-02
-2.871542135187742442e-02
1.733571504097605048e-02
3.415373272786641212e-02
-5.969530801224060684e-02
8.178696419363459813e-02
1.473819546038829253e-02
1.339571733645787688e-02
-1.299280967702522854e-02
-2.412701586769249937e-02
2.422350862992953685e-02
8.209508526949704788e-02
4.134378024861647127e-02
7.913880314700419416e-02
5.919338282826833858e-02
-5.471070609433662663e-02
-7.750566006280336373e-02
-2.470754915039419242e-02
4.230688295777355196e-02
4.605458443002764107e-02
-3.324491885331397334e-02
-3.875814909638720246e-02
-1.099271983436285807e-02
1.806181247814121066e-02
1.387535264843714131e-02
-2.058427227661379505e-02
-3.723128036675975305e-02
-5.196138002209061552e-02
2.877284260622746739e-02
4.682812996749400464e-02
-6.686284494814706547e-02
-1.975295922676319205e-02
-3.970059930287562350e-02
8.035173968190109650e-02
-1.923800329949945653e-03
-5.047233828652615550e-02
-2.380241377895928045e-02
-8.703789406585778210e-02
-5.628327975211026152e-02
-7.706708188644190161e-03
-2.280813929789866912e-02
-6.612738122674678698e-02
-5.230994427135654545e-02
-8.605554805085549597e-02
-2.336116205355762143e-02
-2.791824717604197287e-02
5.297328560094475419e-02
7.552933452469878794e-03
1.116003059719631041e-01
-2.342940970027780623e-02
-7.404144030596775117e-02
3.059492863068476870e-02
-1.083386301185759217e-02
-1.096934756963928170e-01
5.066101121428168153e-02
7.172113189353131191e-02
-1.928028612502671879e-03
1.168963970239824540e-02
-8.767435486695596136e-02
9.787103358567951494e-02
1.304614661353693979e-02
9.969187239155119507e-02
4.116055003139727601e-03
-1.659212578540804339e-02
-6.375767550849451015e-02
5.258000120901969165e-02
-6.514027217651052748e-02
9.737965166444270682e-02
-4.418234524507234917e-02
-8.516293482224193689e-02
-3.096285783723065274e-02
-6.288785597302024022e-02
1.566436888057668939e-02
-7.097440583518832558e-02
-6.759501931220052162e-02
2.033732537631937828e-02
-1.381599196983266352e-03
-5.176479892272736055e-03
2.162581062764446643e-03
-5.014763197989666188e-02
-1.905136475162092988e-02
-6.293438873065616834e-02
-1.418005518159455233e-02
1.483315580032449135e-02
3.103045430115579026e-02
-7.551230681705552172e-02
1.119733277248297354e-01
8.736770995110296201e-02
6.324830023885893993e-02
8.113745867271478229e-02
5.655208093512560652e-02
4.482349089254662744e-03
1.017290490723744695e-01
2.177146765990291971e-02
2.412131037084793220e-02
5.622486975067253478e-02
-1.872670808294163436e-02
9.409823964382491024e-02
-1.572058561354274658e-02
-7.224669561324680023e-02
-2.166588425204048901e-02
1.113879872968643464e-02
-8.513970637247014750e-03
8.104589077285376253e-02
4.139497163666915058e-02
8.691149242908215167e-02
-5.294874959165752487e-02
-1.325599656776874427e-02
-5.657443819241699673e-02
5.267962801419319441e-02
6.031018059545758397e-02
2.465579030281789263e-02
1.241888501718722837e-01
1.175502035042668980e-01
-2.291934567312323839e-02
-1.764216855683750640e-02
1.272604902583838841e-02
8.509189936896440973e-03
-8.320142424618368060e-02
3.275608687763533616e-02
5.660954150935663259e-02
5.603790313911504589e-02
-5.115503046786647190e-02
-1.647620866752643257e-02
6.904138523223447843e-03
-1.647587947780371903e-02
-6.009911739256513369e-03
2.237518413381607563e-02
6.319115955772201115e-04
4.694621727590216759e-03
-4.891405031899361683e-02
9.008453355947687591e-03
3.366050184059143219e-02
-3.195269879092819953e-02
2.774387247058960476e-02
-4.997894785847287885e-02
-2.779076822942695701e-02
-7.509918581045381056e-03
6.780158524947314802e-02
-3.789902865445061303e-02
1.875235318613954413e-02
-2.155101720748732810e-02
-7.057634252729370894e-02
8.017964507123666318e-02
-5.047451431804485938e-02
4.775726144518818717e-02
2.110449246320188557e-02
1.814130260850906756e-02
5.683203225211192096e-03
-5.582651587852403841e-02
8.959525637347748317e-02
4.232307012296289417e-02
7.380239745360692161e-02
9.922317172980855970e-02
-5.793608592852415168e-02
2.231594871552714313e-02
-4.115976510388470039e-02
2.053849449604176411e-02
4.574368578372374483e-02
-1.133506434446824584e-01
-6.852318669838418363e-02
-7.455376577076371081e-02
3.770180925165111246e-02
1.078101410914655278e-01
9.147887967265774800e-03
3.839301604344945440e-02
-3.805942957980342628e-02
-5.874911682435049465e-02
-1.954803781733007936e-02
4.335078952717224404e-02
-1.371209138354012244e-03
2.613000266370833768e-02
-4.595049078170567597e-02
-7.126870461372072918e-03
-3.080858137719571024e-02
1.804357353686594778e-02
-1.105507716467970386e-02
3.873595010733400790e-02
-1.079851087021642397e-02
-6.074636054897422643e-02
5.239502994242221934e-02
-4.603252212035621738e-02
6.535374306080039830e-02
9.275711215689649153e-03
7.467478788905086706e-03
1.137867981915060972e-01
1.073134456794893124e-02
-2.807178144212003207e-02
-1.009563987505248360e-03
5.305127584541623198e-03
6.660019450126342111e-02
5.369799617951118154e-02
-4.001660071487240372e-02
-1.150953914068965009e-02
-4.974082596682893528e-03
-8.394842931720924994e-02
-9.407654213907490348e-02
-6.571043635629292279e-02
-3.862738464626569446e-02
2.254294067368466450e-02
-6.267495550915559710e-02
-5.178417015606059937e-02
-8.594636804083172210e-02
-5.727730802030591567e-02
-8.003287058011006316e-02
5.600438998805678387e-02
-9.942804697744027365e-02
-1.694002604529684305e-02
-1.479879920882708894e-02
1.599858998465572557e-02
4.890787762265245281e-02
-4.987643421867107157e-02
-7.754408414352643997e-02
-3.056228376623804782e-02
3.352927263086957071e-02
4.413464924057110966e-03
-1.071654773426107543e-01
1.087264028735631799e-01
-5.809442812416454327e-02
-4.326138800341223362e-02
-1.465037738681103548e-02
4.818063639286686989e-03
1.321237848677317243e-02
1.153750423367818495e-02
3.854084595928031209e-02
-8.294003165076763162e-02
3.967479289381924817e-02
-3.202871449865971748e-02
1.466220044949862605e-02
-1.121474139210084514e-02
-3.517751720903407320e-02
-1.521664984123075569e-02
-7.254670620356268307e-02
4.077812934610110240e-02
5.835800486211351057e-02
-4.069408596237226311e-02
-7.467822139235613665e-02
9.403982924753023775e-02
-5.027322044324394890e-02
-7.391707044474576938e-02
-1.301637764435224429e-02
-1.328083903970409679e-05
-7.972043107586598842e-02
1.235278477738614537e-03
-2.956332946930891395e-02
-7.768241287237195869e-02
-5.251833724515455465e-02
4.060150301667055095e-02
-8.899788571149692962e-02
4.578598337635130661e-02
-4.690714189479121277e-02
-4.957987608045143907e-02
-8.418081562192553796e-03
-1.034410172113605642e-01
-1.266218696817551087e-02
-4.156364495278244697e-02
-2.171308418228059395e-02
-7.536534782766322882e-02
-2.211503402275425550e-02
-6.020254074833589208e-02
-6.632872355184510349e-02
-5.148318526612942481e-02
-8.836736375980897007e-02
-9.298372489441644739e-02
-1.468532179584217112e-03
4.443459209742044169e-02
2.877599966898106848e-02
-4.371346720830036892e-02
-4.534617427247192301e-02
-4.520820418694802834e-02
4.542756114352390628e-03
1.424542750230788080e-02
2.198219384664672205e-02
4.635035589309733500e-02
-3.101561600060983442e-02
-5.502795342584618221e-02
-1.302809576834488003e-01
-1.016073577695699170e-01
-3.653596488678410859e-02
-8.765951299781218203e-03
1.205563533323565639e-02
-1.010467439834927122e-02
1.645233774399171983e-02
7.073373530251951535e-02
-2.419921851389541384e-02
6.448027143230174174e-02
3.081419378726550293e-03
-6.905662648238816703e-04
5.746015851192989854e-02
-1.118165607537917675e-02
-8.184294156650728791e-02
4.803856049633367653e-02
-3.237532163325754914e-02
-5.999913036158701501e-02
5.656871382013303751e-02
7.394792509333602062e-03
-1.121157835903631578e-01
-4.217195782528600917e-02
-5.049435140913195036e-02
-6.520144999646060313e-02
4.645329470259334376e-02
-2.247156133301685121e-02
-4.840080830104333265e-02
-5.529011075329471475e-02
3.693112413577075148e-02
3.225469395132077310e-02
-5.581364838722284449e-02
-2.546711476455626108e-02
-2.258499123479510567e-02
-9.279526570004949237e-02
-6.510938713228306418e-02
3.478942334669057890e-02
1.524018160488164672e-02
-7.181977345556990466e-02
-2.674605492204954957e-02
1.555317364057607656e-02
-2.047699028349667799e-02
1.955959372181426820e-02
2.977587169240730053e-02
-1.721411088980192433e-02
-7.607917923543189298e-02
3.212882645487864786e-03
-1.022171321563049157e-01
-4.737825898719901646e-02
-9.607516392950068984e-02
4.471587271280968306e-02
3.888907371981441957e-02
4.160217229962698965e-03
1.220201900477829032e-02
-3.826168576214407369e-03
-1.427587126482393609e-02
-5.510958610904657246e-02
-2.339727631052659559e-02
-2.944484271399826561e-02
-8.384454884487489712e-02
7.729235373187437474e-02
8.252902416083766901e-02
4.745227136146838026e-02
-4.651887527430361574e-02
-4.195970611301447911e-02
-9.484629508487602001e-02
-6.888839511432170992e-02
5.495590701374885451e-02
3.741681802260907880e-02
-4.775090493119675539e-02
-1.038856012923672703e-02
-6.819041237286187218e-02
-1.432785136707177276e-01
-7.942080451209825032e-02
-4.246757377777476278e-03
5.562281487163494437e-02
7.297581686881378371e-02
4.021532381251582272e-02
-7.150985473363036249e-02
5.920825116006409039e-02
1.126943024624128299e-02
9.104395681749999358e-02
2.889444934868152376e-02
1.708159325231479661e-02
-2.304062657636252176e-02
1.696187986310121465e-02
1.585319028548970444e-02
4.107235272380871383e-02
-4.976748837387287572e-02
8.850340665843026144e-02
-1.281397183577146631e-03
-1.668542963406271368e-02
-2.093545777522696355e-02
9.220543944392006752e-02
9.380429444004197148e-03
4.108725531139461457e-02
-6.513179221839499045e-02
3.311799476633371653e-02
-5.766119879994426739e-02
-5.288181927775981173e-02
-1.123135906067979778e-02
5.902922009490728372e-02
6.874759234459167090e-02
6.386017193864103325e-02
-9.969935813840097305e-02
-9.703050754468482871e-04
8.488939869311544484e-02
-1.083323563817051999e-02
6.057905889078735173e-02
-1.866563186046537454e-02
-3.083983813782163047e-02
5.182530313100756902e-02
6.458149231030174686e-02
-6.520816365223477962e-02
2.362737730450034657e-02
-1.273646711109935152e-02
-9.705924736202758973e-02
1.065125355558378395e-01
6.318760293507180714e-02
-4.441013934981231925e-03
-9.335238977817851905e-03
5.548597286807878393e-03
-8.578258697581447878e-02
-1.473287293627948413e-01
-1.019567715641913133e-02
-5.222907964564489636e-03
-1.490271734554651090e-02
9.631610394114435703e-02
6.696756436908899573e-03
-1.179217341840515382e-02
5.413030468953458629e-02
7.635211674839796278e-03
-7.506008114566666001e-02
3.925552672059381965e-02
6.574981908890914495e-02
3.570646636656311240e-02
7.976972896559446358e-02
6.018934626588665071e-02
3.677212246198930529e-02
-8.101221470448949358e-03
-7.028363608728398215e-02
-1.148245663563803171e-01
4.306227581195433939e-03
3.270729984993913514e-02
-6.360387934839831225e-02
2.489723731292751638e-02
-7.590579738144684341e-02
-5.890378110251139748e-02
5.013928877902055700e-03
-7.238748426197653962e-02
-2.116455800252580247e-02
-2.590867136267804155e-02
-5.522715862862134784e-02
-6.062067573061153541e-02
-6.969492235918821332e-02
-6.559724786709650313e-02
-1.120204985429938543e-01
-1.425130191855687040e-02
1.611147885038128821e-02
6.400075671155153190e-02
-5.670478929420585262e-02
5.025803871952596452e-02
3.850271390583136222e-02
-3.847573742744338221e-02
1.469976475383043615e-02
-7.611045649012880207e-03
5.346965131668808546e-02
-4.251406177176380446e-02
-4.357447194587537459e-02
-5.084919401204639200e-02
-6.797087779742744251e-02
3.797704046727863603e-04
3.528880734082749659e-02
-1.379083615789911677e-01
-1.035996349938515110e-02
2.536075285364028896e-03
-4.372317846852159795e-02
-3.352490956093592128e-02
-6.039573802590103568e-02
-9.973377142424072472e-02
7.145959983880963151e-02
-2.176761083353632997e-02
-3.570717668361041153e-02
5.687800828751948812e-03
3.882023305224463483e-02
-9.385418573246648299e-02
-7.172742727555940501e-02
-4.603402024391359260e-02
-9.157864886616444433e-02
-3.861429557221952857e-02
-7.476977740783685711e-02
-8.873216091118685256e-03
-9.086411296956874162e-02
-3.605729320855274173e-02
-1.154217486657690972e-02
-5.540833038937440641e-02
-1.106991143335970817e-01
-1.022560547151530747e-01
5.085400017538212192e-02
-3.485610262828069128e-02
3.512369340057983763e-02
1.429858793420011806e-02
-2.354973120017904431e-02
4.431267164543171294e-02
-2.387105018521226349e-02
-3.999883310059993563e-02
8.312905296004165223e-02
2.918432948205659100e-02
3.241451743450367989e-02
2.286959870482415183e-03
-4.113516390596549943e-02
1.831019860686369793e-02
-1.577965538873206744e-02
-2.118242238230341051e-03
-6.950755894554390066e-03
5.635294090466007322e-02
3.133930479611592157e-02
6.733868818609284324e-02
5.109543297349342095e-02
6.669474755534396393e-02
-3.132659954478072412e-02
2.557161079876344584e-02
6.709362718977074369e-02
-8.238746543929081900e-02
1.836948424655666934e-02
1.712166475347204342e-02
3.388485144455123665e-02
3.476640575680402245e-02
-2.465067840796654822e-02
-8.411002699835076757e-02
5.126707906738965648e-02
-7.312643353165906857e-02
2.093738719192493603e-02
-4.658907086386217256e-02
-7.188973780422632312e-03
-3.231989080298029032e-02
6.121307786794908529e-02
2.172546034700529455e-02
-6.027789911624227559e-02
1.234589012635754768e-03
8.671100408288712202e-02
-5.280715678778978399e-03
1.328719197291202553e-02
-1.505731597343658648e-02
2.578773464440614269e-02
-8.746016315838901767e-02
-6.865814034457660975e-02
-6.182365948351168511e-02
8.693215768019461887e-02
1.484318783744617912e-02
7.585175731799329024e-02
-8.861492113893222611e-02
-1.089461881686087513e-01
-2.804284855572326471e-02
3.599893140042983997e-02
8.549496195964390033e-02
-2.694033406387461374e-02
7.018599568312230974e-03
1.127912639936222601e-02
-4.532604936063824863e-02
-8.579333201837520406e-02
-6.201952458984488770e-02
1.459856505864197407e-02
1.244400289158719419e-01
1.946980259965103849e-02
3.147481829055364527e-02
1.754446408682686434e-02
5.529674170393725913e-02
-3.565748240951636949e-02
-1.982536752067159264e-02
6.699049678195809730e-03
4.556791266675688790e-02
-5.197148763830124890e-02
-5.382021734214276210e-02
-2.572563365103094565e-02
-1.567376017415041817e-02
-7.224321063197204629e-02
8.018434877699688601e-03
-4.104974008357952647e-02
6.457693677715705197e-03
1.268501513903624520e-02
-4.128685060676416663e-02
-1.091994035109279254e-01
-1.749386111463167859e-02
3.307017566948960985e-02
7.085287629388095643e-02
1.136416287387678747e-02
-2.607330818437363779e-02
2.815659426559533052e-02
2.239263414492445592e-02
-7.038584111874564286e-02
-2.215224432878364069e-02
-5.438570168292871515e-02
-4.893976026974661969e-02
9.594315479422254461e-03
7.733475654706125323e-03
-5.786867362745011512e-02
-4.787316227516608125e-02
-6.414017145127952346e-02
-9.777692876272940647e-02
-1.749229806868416587e-02
-2.848728938276167896e-02
5.486778672928805875e-03
7.531147245251822164e-02
8.585782079236096986e-03
3.600907543515623893e-02
-4.466744602506426617e-03
-6.448626599937924697e-02
-2.243880161072200549e-02
8.505804573557546044e-02
-5.350744011810443235e-02
-3.618233779385651716e-02
-2.727549807893631453e-02
-5.354397821554043174e-02
1.660967610163603322e-02
2.406916126487611621e-02
-7.488498818239210097e-02
-1.888809802999856166e-02
6.264007853584262209e-02
-2.140056019300469112e-02
6.779471178684688681e-02
-2.913282557149888749e-02
1.111047951358757127e-02
4.897415283574790140e-02
5.678105062779102707e-02
7.198910956093911018e-02
3.171521408997698965e-02
-5.656879939061776330e-02
-4.916476411168082400e-02
1.472268474604940085e-02
1.008662174805479289e-01
-1.703399509865250600e-02
1.217942165232421478e-02
1.901853308262440798e-02
-3.654071327999047075e-02
-3.701099743197423797e-02
-6.636512238302719191e-02
4.926629139007356051e-03
1.188527245931170380e-02
2.553505363708270109e-02
-6.130216214744504954e-02
-8.604431618937509463e-02
6.678396321567695026e-02
1.417370281646033320e-02
7.851617688336455514e-02
-2.342152912815564231e-02
2.552740883284812523e-02
9.518043010002241733e-02
-3.666805273187405401e-03
7.655433061182312371e-02
-5.741874097319863562e-02
-4.739339617406819645e-03
2.716406002849787449e-02
-2.195282774724433006e-02
1.318255737247140194e-02
-1.158875293481041457e-01
6.071224731942063968e-02
-5.645869585245348599e-02
-2.951046655217263309e-02
-2.572042972472836364e-02
5.240022344498050308e-04
-1.734374633365163079e-02
6.072399982577644795e-02
-1.726462134292779810e-02
-1.195393457477968158e-03
-8.565901905534657745e-02
-2.453302955354431936e-02
-5.143489522521790813e-02
-2.532586558023044651e-02
-2.515007218509764803e-02
-1.358269205212702946e-01
-2.121935983987303931e-02
4.405137363848786458e-02
3.021158914058118955e-02
-5.323262703608507007e-03
7.577077079554020433e-02
4.509921052210467268e-02
-8.916669376155701709e-02
-5.150895794430017383e-02
8.289565348320619698e-02
3.075692679184872935e-02
-1.964366840684886664e-02
7.177045121869421451e-02
5.350209173006716806e-02
4.792978246187672847e-02
-2.121137731530601048e-02
-7.736812771843169789e-02
2.091291554619571086e-02
-8.853993153086384821e-03
-7.340348974997057407e-02
1.396860483302225613e-02
-2.045486032957992070e-02
-5.248549017246935400e-02
-2.492463943696452897e-02
2.840335271172337098e-02
-1.194665892637484794e-01
-3.482083542720655622e-02
-2.752952903902795845e-03
2.589055692920572485e-02
2.909812616584177281e-02
7.006738406386495144e-02
-6.595738818299287654e-02
1.802661880789913421e-02
-1.587850648895008931e-03
-6.307751122087779452e-03
3.517231183183530674e-02
2.532068120364174002e-02
9.196401916759407158e-02
7.714288256360883611e-02
-4.678289868060103024e-02
-4.192423202694468831e-02
-4.938712048472961025e-02
-4.088133426137571108e-02
-7.377135082860404591e-02
-1.576453349780354909e-02
5.145060620189109701e-02
-3.634133023717348726e-02
5.299972295354299368e-02
-1.077008910334869562e-01
4.937115293774133745e-02
2.793665627849979335e-02
-7.309470810567079979e-02
-8.671099253464256695e-02
-9.963378101344604054e-02
7.279181762540873346e-02
5.333035293334103394e-03
-2.031892881388646516e-02
-5.074167355347310171e-02
-2.650522530124727744e-02
-1.159571241414735082e-01
3.357394325886925435e-02
9.232611179174522384e-03
-5.467813858335331817e-02
7.989659127710445341e-02
-9.295779970136430759e-02
-1.210476102047201158e-02
-5.123637181419407605e-02
3.029332043305043437e-02
1.888073349882087720e-02
-9.155433834443739427e-02
1.521227060839039011e-02
-6.013266748228168757e-02
4.920526441745791402e-02
7.006054727854070519e-02
6.618072006971936760e-02
-4.483223657758057812e-02
1.051702609703577401e-03
8.004871219106479696e-02
7.761558337137411390e-02
3.374036255810437812e-02
-3.128231665825090962e-02
1.373684329705681384e-01
-8.780261766338812168e-02
9.431163889524799004e-02
-5.504611540031890959e-02
3.300174380967693666e-02
5.057554369495766144e-02
-3.543361538534677002e-02
-2.539329851804620827e-02
-6.089558807324695761e-02
-1.639399674026436812e-02
-5.264023047354066814e-02
2.634073007101243175e-02
-4.787206259453901519e-02
-4.344767507537229678e-02
5.346981819747755743e-02
2.472473529122588137e-02
3.192307486244967685e-02
1.434107767924403323e-02
6.558425735717733629e-02
3.714583700189814930e-02
1.101422951820512225e-01
-8.744507821783220614e-02
-5.982380810436701418e-02
-1.293731459211910351e-01
-1.305274995161852421e-02
-9.455736913822150591e-02
5.475629334174972329e-02
1.616268720023981975e-02
2.449373763564006296e-02
-7.066627689443361060e-02
-6.165375174599290603e-02
-1.152558387940607297e-02
-6.554716699717821893e-02
-7.430645027732266095e-02
-3.404454138223411003e-02
4.846276967424507920e-02
8.044441294297591249e-02
4.665226508162861885e-02
3.236776252965838790e-02
4.965577753054183086e-02
3.937138567141047762e-02
1.964838989918659198e-02
-5.018814126435585526e-02
1.651751708678235453e-02
6.816112103707269720e-02
-1.646453975496128819e-02
-4.166719495905349402e-02
-8.962100197204797558e-02
6.412661139731168358e-02
4.725356139665264077e-02
-7.912332756195564198e-02
-7.027974131746744790e-03
1.079547897773873166e-01
-6.472495403748099174e-04
4.088502531272435181e-02
4.863100451250125522e-02
-7.083291180431637579e-02
4.919489643473957258e-02
-1.840833133933357513e-03
-1.456368335065843372e-02
7.769037212666635162e-02
-9.672620096730527584e-02
-1.634013619614662835e-02
-1.725113766580409214e-02
-4.477916049714328328e-02
-8.433898490263395942e-02
1.883207706404352311e-02
-4.764945270773060515e-02
5.270192647610184855e-02
5.052702222431772194e-02
-4.594671237459575786e-02
-7.517743646130429017e-03
-5.628928429502489533e-02
-1.197232006846234501e-02
-2.512638430472812281e-02
5.783100907658708656e-02
-7.783272784788332344e-02
-3.898611553536018848e-02
-6.857783388952433390e-02
-7.967594628570885684e-02
-1.283249240446547312e-01
-5.811468298151251100e-02
-6.543069513314386798e-02
-5.788103111280681196e-02
-5.951589022893387371e-02
-5.404934880894488730e-02
1.239024255229149128e-02
-2.040221465609744211e-02
-8.271530284127637245e-02
1.187678364467160616e-02
-5.578081445796731486e-02
4.175062514921638185e-02
-3.169862323899361178e-02
-1.010640330060708081e-01
2.467185926288527342e-02
9.937826359525555459e-03
5.047998784404401224e-02
-8.629460900330999246e-03
3.723834640612629782e-02
9.455035879983365865e-02
-2.834785170489548083e-03
-1.873765911899335362e-02
-1.937630636742305665e-02
-2.277233856264396228e-02
-4.506531921202729107e-02
3.231693349832109874e-02
-8.229590901994629504e-02
-1.561558844990808444e-02
-5.024383771376324248e-03
7.161820304679571147e-02
-3.337662799802700725e-02
3.985222609362758933e-02
1.462404341433972722e-02
-7.140481771619518192e-02
-4.246191558558259915e-02
-9.203510975360520985e-02
4.700004860118654759e-02
4.965800414405723007e-02
-3.976856571814128133e-02
-5.524467807993768687e-02
-1.033657062539786314e-01
-6.597601158879851102e-02
4.476747641108384801e-02
5.270427803036156766e-02
-6.660340654823636297e-02
6.788166698241801522e-02
6.192165821717914714e-02
-4.036472973675593601e-02
-6.582534337814688330e-02
5.463271761661072506e-02
5.803904938219005272e-02
-7.797512477868326353e-02
9.536507108247693765e-02
-1.077368267342157515e-01
-3.079970222869803445e-02
-5.192099446974589305e-02
-1.094380722790496835e-01
-1.565032558864810214e-02
-6.508411423514920413e-02
9.054132524891737172e-03
-7.614849698601568184e-02
2.732387374675811567e-02
1.136302108985756537e-01
-6.989254395345967374e-02
2.877278207666601056e-02
-4.427258785228700526e-03
7.118280047978017833e-02
1.163655660720057210e-03
9.958823990410276689e-03
3.554822368901303792e-02
-4.945463829364138419e-02
-2.133756150041077326e-02
1.014202539450150542e-01
-3.505647369860106360e-02
1.534118403010835061e-02
-6.112660063278121253e-02
-1.698742794763400885e-02
-6.006866765723514745e-02
-1.981509604927202822e-02
3.444917450485075749e-02
6.535164030802972923e-02
-6.330681360461387630e-02
2.887989121839862686e-02
7.691189073822583822e-02
-2.605280698558001817e-02
-3.141973811265394434e-02
3.306745951926429866e-03
8.187921864622315499e-03
-3.298077069634037378e-02
-2.076409594935645780e-02
6.985098312202378534e-02
4.983186496923461967e-02
4.161634527226448776e-02
3.221039345875804927e-02
-6.880647622541499753e-02
-7.672141600965462493e-02
7.322159773893859025e-02
5.279549614145247205e-02
-8.939436488237240824e-03
5.812001035896981194e-02
-1.055552826456468557e-01
-2.879002087154992201e-02
5.812356796135351167e-02
2.342859978986001727e-03
8.803410696168488536e-02
3.072253504739354962e-02
-2.468484514223748955e-02
-3.083590911963515757e-03
-4.611681061975448498e-03
-5.635638640929924170e-02
-9.015739540833814236e-02
-4.979641370848462978e-02
-3.155929158137842777e-02
2.006932321331052552e-02
-6.203637384468958793e-02
-1.816550614709306830e-02
-8.916651719463912495e-02
-6.930859013557780224e-02
-3.886856283803025863e-02
-1.088310120977152851e-01
-9.480450827349601664e-04
-2.718867636869560372e-02
-9.085244952170175303e-04
3.070559181982061153e-02
5.478521564935336097e-02
-7.447837183843666886e-02
-6.549097688364391434e-02
8.571281194392785241e-02
-1.147804615397685427e-02
-2.487028904582053515e-02
3.536483325573104575e-02
-8.042291487534800748e-04
-3.921991517772838165e-02
4.418478148289473051e-02
-1.051484386447755770e-01
3.039501196714861075e-02
6.455463408618473953e-02
4.847978552601096836e-02
-2.387148646676175504e-02
4.439594762402694628e-03
7.094570504357877727e-02
-5.871297511663949031e-02
3.308010366617192971e-02
-8.446992960811081086e-02
2.491020903683805257e-02
5.477325939860546583e-02
4.133309053841362907e-02
7.528134574828680703e-02
-8.378210835732967376e-02
-3.069843245445753876e-02
-4.868119732525938437e-02
-7.271494313095334255e-03
4.899993438559073489e-02
-7.193154635257641150e-02
5.855815442392046932e-02
9.287255771246311076e-02
6.708087276785865138e-02
-7.662347203457703371e-02
-4.082578764477660244e-02
-9.980324018041335232e-02
-1.033950181749565267e-01
-3.529854639905444930e-02
1.832242126792745646e-02
1.711415002398174179e-02
6.254886562510136860e-02
3.963418799854538654e-02
-2.190790887874467102e-02
3.457269661304206154e-02
-1.238162364629939900e-02
-6.942618044153459067e-02
-2.145944631140801750e-02
3.715283225010876378e-02
-5.589295486432691723e-02
-9.560356850064534451e-02
-6.961960204542469444e-02
3.656046073250762002e-02
-1.390349819719793358e-02
-8.511296230734273494e-02
7.356168016305737745e-02
-1.053672186754917306e-01
1.207331725624110133e-03
-6.431797118154078396e-02
-4.104016975297530845e-02
1.128438916037054207e-03
3.125279557573936579e-02
1.677456835068282318e-02
-7.502025917959728729e-02
-7.145962052748081050e-02
-3.119927442415323243e-02
8.610896783660167836e-03
5.249635604212994633e-02
-7.811342383079791785e-02
1.656033433421444379e-02
-7.071085090067479040e-02
1.309899064500444008e-02
5.871479146406871630e-03
-7.528519923296517202e-02
-1.427515788053448226e-02
4.112332930723618801e-02
3.829571800107214180e-02
-3.987013149281058710e-02
-7.637434670985487895e-02
4.514173729634417959e-02
-7.708060536004432417e-02
1.566652112948169889e-02
4.071081845220959200e-02
1.498663780248712767e-02
-1.098647909418865379e-02
3.608570009769920817e-02
-2.524898948478866006e-02
-1.927862019221402920e-02
-4.675095179630123221e-02
1.218815450496918071e-02
-5.470487552343689108e-02
1.524659569982032489e-02
2.634328241775885787e-02
3.079122367824470990e-02
-6.009847208401875029e-02
-7.601798290542126357e-02
-3.467521657216154213e-02
-7.959651204258631763e-02
-6.177001324750002603e-02
2.447734905886837786e-02
1.198936875657932027e-02
6.989485532007175261e-02
-8.656842153993078715e-02
1.061149967031545793e-01
3.039680721855859621e-02
8.712763203392159123e-03
8.355363752429954480e-03
-1.106762787545083893e-01
7.238292650786998239e-02
3.503784433655129926e-02
-2.256366049340641222e-02
-3.940419974992120933e-02
-2.260675150327309813e-02
-6.599023978305272597e-02
4.707312551119234578e-02
-2.251436047546366212e-02
1.025062743439107173e-02
-2.645557654427695138e-02
-3.438149744765964244e-02
4.906070905129242959e-02
5.620237480785837680e-02
-2.826642004863547109e-02
-1.169990517608420766e-01
8.468442742106148738e-03
-4.827991834128780857e-02
-4.504749949930658692e-02
1.043080488961902266e-02
-2.762390187462382060e-02
1.239775119028155639e-03
6.088346759754843796e-02
6.215362672037708092e-02
-2.150987344174343230e-02
-4.562596775645976627e-03
6.797930422735906641e-02
7.737776847314511985e-02
-6.745183602579674087e-02
3.965210884899382504e-02
-6.796638535955493166e-02
2.493604445183902202e-02
5.497191988720846745e-02
-5.046601880328126233e-02
6.165804196944843496e-02
7.209146814374814416e-02
4.988810348210285378e-02
3.416498798188751657e-02
9.839521802535688977e-02
5.192554803367689653e-02
2.126259061480180457e-02
1.378764934600004710e-02
-7.637993212498792039e-02
-1.013390741878310297e-02
-4.829301025788312884e-02
-4.213366043529198635e-02
-2.756492155155543244e-02
-7.135610127241598377e-02
2.781458712715259227e-02
-4.955892998855788295e-02
3.920061196014063692e-02
-8.364460941526170867e-02
-3.219005498127320425e-02
5.773286223498143993e-02
1.877025082063787237e-02
6.046640492149250867e-02
-2.238195208471450287e-03
-5.576152220554236871e-02
-4.029548899184831612e-02
5.059415013771517700e-02
-9.932493740974554508e-02
-5.219618323329192761e-02
5.430793454760948769e-02
6.979358377400640689e-02
3.737600319278720773e-02
3.932986992358099287e-02
-6.757810640065545216e-03
-2.905779406570130341e-02
-2.053285222417557815e-02
-1.800899161885688438e-02
-6.517603388442122503e-02
-4.233078932747026679e-02
-1.083798097737689002e-02
2.026048768083043780e-02
7.630284809174275873e-02
-2.664375821573419095e-02
4.064028277131465777e-02
2.279265467516359070e-02
-8.502210402047313820e-02
-4.648080170451014681e-02
3.608166853508017885e-02
3.972637518335080109e-02
-7.142348374490001262e-02
-1.959058899514592306e-02
-3.720546988185176318e-02
3.901532398654140171e-02
2.061181872587407662e-02
2.270328281627531294e-02
3.905081757359846195e-02
-1.003227401494772991e-01
4.218974564638496016e-02
5.121549507966616926e-02
-7.458350345634251477e-02
-1.001528670756337974e-01
-1.360997967319529933e-02
-6.780099599688105272e-02
2.008033971000452306e-02
7.460080393794016329e-02
9.033194072495134494e-03
6.778495274330201270e-02
-2.045699263752316643e-02
-6.283984340318771265e-04
6.704366947202868021e-03
4.368596815754243606e-02
-8.080306615308374685e-02
-4.925283963425623746e-02
-6.145900829799079423e-02
8.091633337699147277e-02
7.542252988453714002e-02
1.838858692909460524e-02
4.418459346107889152e-02
-9.136806013698983708e-02
-7.090606783261831081e-02
9.571747681254055840e-02
4.690558351051758723e-02
3.266595230904340008e-02
-3.315554255181302201e-02
-3.225582288607369008e-02
6.851001638336309818e-02
-4.073439737135749195e-02
4.862547403575381844e-02
3.495338131939743076e-02
-6.030814538087315296e-02
-1.027575241388381105e-01
4.474147950959884296e-02
3.615488386852053898e-02
7.006286034009835684e-02
-7.021665012795365313e-02
-1.322543632642133454e-02
-8.171992757467029522e-02
-1.455407130917747704e-02
1.014341044462779146e-02
-1.862473524620930285e-02
-8.719923828042330793e-02
3.381672987036540151e-02
-7.187103528176314038e-02
1.417678373826682103e-02
-1.115795151362752036e-01
9.205408072700538291e-02
3.820074064399795605e-02
-1.200586455218809190e-02
7.783901684792407516e-02
-4.389324344394936878e-02
1.108184207248366290e-02
-7.778557566729812911e-02
-1.317262405920950619e-01
6.119130127131076902e-02
-6.021777873496643452e-02
-6.743960082867726802e-02
4.214116624371287700e-02
7.437028938523140842e-02
-9.143582600373023617e-02
1.513264542159844378e-02
4.421911298258800194e-02
-6.698719913991527108e-03
1.201054292529821557e-03
1.737632947926522758e-02
-1.562728653871486243e-03
-1.147226410356888965e-01
-8.881403129551113107e-02
-5.148534818494447315e-03
1.763277509461304293e-02
3.425217108397084643e-03
3.800385869224070373e-02
4.772245908709357720e-02
7.378969376582830003e-03
8.792463369375471544e-03
-5.761216876267710729e-02
6.999993166172210901e-02
2.937011976578093528e-02
2.745794974362213495e-03
-1.853907188604286480e-02
4.666373690272230396e-02
2.510245048229788403e-02
-5.771842566066574809e-02
-7.829180604033542101e-02
1.254947775230914539e-02
-3.144403615019809167e-02
4.494699366365462190e-02
-6.287883636874751214e-02
-2.801879172351122785e-02
-6.774086143774074587e-04
5.649041633722926177e-03
7.842427979163610341e-02
7.430999924032689885e-02
-5.938635876588883866e-02
-9.634910822959343035e-04
-6.676216345432538918e-03
-5.067070804386009097e-02
-5.157857005920275795e-02
-1.105243073694009426e-01
-4.787839163153983363e-02
5.239009037634383137e-02
6.349209995126227357e-02
-5.351126701705254812e-02
-4.845799527333902179e-02
-1.368907677408701118e-02
4.074382628312830934e-02
2.253258047095695049e-02
-1.052146791763539438e-02
3.985621433405001773e-02
-8.558352196276829138e-02
1.979576336610790882e-02
-1.445514538640835754e-02
-5.728228949676236748e-02
2.341382309022266989e-02
2.044526391681062219e-02
-1.889784181277777766e-02
1.057128663999286899e-01
-5.252636370394500598e-02
-5.468298990618302574e-03
-6.969602410758175826e-02
1.994571583446060233e-03
-3.267871968266699428e-02
3.815287377220916848e-02
-1.776938832098227602e-02
-1.257493735541781801e-02
3.654109118568996811e-02
-5.363599988747995428e-02
-3.648168379182677862e-02
-5.764525796076353653e-02
4.515172995000725498e-02
1.188866312869561390e-02
-7.235991199485486414e-02
-4.769004371408027028e-03
3.043922532052115854e-02
7.319196934848742897e-02
4.819666614840976970e-02
-1.038056401635306311e-02
8.636362061489126496e-02
-3.373513545277533748e-02
6.168860661369389431e-02
-7.035398471265198739e-02
4.599986572478524660e-02
-3.004167637817360681e-02
-3.647994856092568600e-02
-3.955637529576633976e-02
9.558401920911938077e-03
-3.263751917595841823e-02
-4.911036303667393188e-02
3.070999484067529067e-02
4.172450255036780353e-02
3.960793570497531113e-02
8.561579425765324103e-02
-6.506385911962536683e-02
-8.081082982551317240e-02
1.543039411746144340e-02
6.399173826522389086e-02
-9.816203157320442171e-03
4.820124697187389007e-02
-7.327061187372782558e-02
2.550245996092604869e-02
-3.005263815170096386e-02
3.954470281514234353e-02
-1.990200169176812792e-02
-6.223417749561715312e-02
-2.037936656338603172e-02
4.427011747342332604e-02
-2.372245433676594545e-02
6.914338598333845051e-03
-4.432902382018258369e-02
-1.024960679164994837e-01
5.750124142698846350e-04
4.350430568261996755e-02
-8.427586257916584722e-02
-1.116516978136382343e-01
5.940053948235451964e-02
-6.870483352636252983e-02
-6.147770569138097385e-02
-3.884234221985648217e-02
4.100284330109617292e-02
4.046834140449748207e-02
-5.701502045826971343e-03
-5.885493622677403364e-02
-8.071491210951028950e-02
-5.392812449049323026e-02
-1.987915577636860387e-02
2.655552836358008456e-02
9.973653702652685027e-02
-9.992434035472988474e-02
-5.383843572080971272e-03
-4.168496881319126018e-02
-8.815282849678229837e-02
5.124006080588924122e-02
-6.641840974761119287e-02
3.001580610349711270e-02
5.626608801276346272e-02
-2.046368094715778768e-02
8.331459756546871764e-02
-4.402886325698686376e-02
4.370531167110543180e-02
-1.178641981348411000e-01
2.022298098955572360e-02
6.434595561226236216e-02
6.069617919192235589e-02
-8.422895079325812967e-03
9.653145129695894777e-03
4.049488412963348632e-02
1.912681809113107173e-02
-1.106305598510234633e-01
-3.626138164534989383e-02
-1.347656218763253026e-02
8.012845912454180652e-02
-3.504295495664587479e-02
-9.696104233310520737e-02
-4.759872464702730177e-02
3.237058098504933673e-02
-2.924475615338965884e-02
-4.828682118003123358e-02
-5.530485423702274222e-02
-1.187095347196528705e-01
-8.682828168001389957e-02
-2.438946842055634417e-02
-5.616084773012539055e-02
-6.586849970442348878e-02
4.469442738156970130e-02
5.288646985128796219e-02
4.585378139328794359e-03
5.147192852038115496e-02
1.560739951534058714e-02
4.463622043009266016e-02
-9.385869354139687870e-03
-6.372565612369723853e-02
9.473176774861868932e-02
-2.467836805829299457e-02
-1.478352355560916265e-02
-1.024128006572973953e-02
-3.721886232585467497e-02
-4.053294994844523769e-02
-1.127652684590051135e-02
-1.023434907086362283e-01
2.181779356933929298e-02
-2.557765166821891756e-02
3.685298489451845766e-02
2.439812956078769857e-02
-9.803659698867797645e-02
-7.698570478915363335e-02
-7.025708247658815631e-03
-8.274228811392249361e-02
-4.646869011317363019e-02
-3.276829819643829744e-02
-1.002601890510001620e-01
1.407953365742151391e-03
-2.638054985157858162e-02
-8.713962925662878389e-03
6.547029526856035231e-02
4.916018154862149964e-02
-6.365557496419806116e-02
1.170581635193657100e-02
2.758564897001678298e-02
-5.264960087932757382e-02
8.235959828257848753e-03
-5.366096023534065729e-02
-1.635770141488263746e-02
3.951380038840669739e-02
2.798630613086440164e-02
4.942395841333536294e-02
-1.046928856100283120e-02
-2.248088178996868192e-03
3.359664128168423497e-02
8.363437089589323414e-02
-3.820341603458884960e-02
3.009218884083096623e-02
-8.961029097588725512e-02
-7.019027270771718841e-02
-1.847260748382754253e-02
-4.574097053207659691e-04
1.967913517843703983e-02
-2.180746583760325916e-02
1.039434958446956020e-02
2.755896104624312379e-02
2.238269844857042334e-02
5.103294214999426481e-02
-1.203407277176145665e-02
-5.446731374786155377e-02
-6.806536899334883484e-02
-9.191572208342135841e-02
-1.162107913443901630e-01
1.417725947530177472e-02
1.711853910128996112e-02
-2.432635718130140429e-02
-4.245107541971436527e-02
-2.538076824150534844e-02
1.593171829844332310e-02
-9.288201413698779496e-02
1.233901359165014491e-02
4.907381127045604835e-02
6.794466722945037562e-02
-6.736109253303203259e-02
-1.048617137076005446e-04
4.300593298545042631e-02
-1.012538651007583168e-01
1.210851696279848649e-02
-4.297110331599741928e-02
-3.954984979631074454e-02
-6.341372375665137173e-02
2.150395157966374093e-02
-2.440868354867333639e-02
-7.780857012514005855e-02
-5.185026842260791885e-02
-1.538369606341092460e-02
-9.222439264238174728e-02
1.285272897997449121e-02
-7.882932883402399282e-02
-1.740020728568109076e-02
-3.773582866140642866e-03
3.085556195671675106e-02
-2.416880081002815983e-02
-3.206706513098034339e-02
-4.290446909567408040e-02
-5.726503328020868255e-02
7.944839834022562886e-02
-4.813880407870884531e-02
6.627779774200407217e-03
-8.243682920340907050e-02
-1.174650875073556325e-03
-9.171215274956994595e-03
1.177556738216593568e-01
8.086589216183885653e-02
-5.861142410545978898e-02
4.875443537237940383e-02
-5.214229958392834624e-02
1.288240564682621714e-02
2.308093056590690244e-03
-6.020198502157542847e-02
7.405035545971634658e-02
-5.235498902541932398e-02
-8.037179970742398816e-02
-4.238119036757818231e-02
-1.810451840724819697e-02
3.235911660757062602e-02
4.003824406405986913e-02
-3.875323795871515875e-02
4.716092401358343289e-02
-2.234316840450622718e-02
3.814634397581666281e-02
-9.578104493089929783e-02
-4.637172357168377335e-02
3.321270952271492688e-02
-7.554454132475478534e-02
-8.601695935641093249e-02
-1.614344999191127256e-02
1.590145910838569945e-02
5.034765389516327599e-02
-1.589098205067245029e-03
4.723161689536493207e-02
3.278614501109200496e-02
-5.392109459253906223e-02
3.409565971773089593e-02
8.706495296845240262e-02
-5.714331344995799561e-02
-1.673936411453065543e-02
-4.964406569072975228e-02
-5.814386213122658964e-02
9.480884161599389959e-02
-5.718969027131381999e-02
-3.774917430101817906e-05
-8.124815585606024251e-03
-2.054263565396284574e-02
2.655412819764016094e-02
4.111502780124853818e-02
2.703034574580101199e-02
-3.836172426835389448e-02
5.473640920284530975e-03
-4.359674333632782700e-02
3.404901633588396787e-02
3.645618801017993377e-02
1.000108276381010339e-02
3.518007821898588849e-02
-3.355504775472110957e-02
-1.224353219953369931e-01
-5.727735801245365660e-02
3.164793129714137815e-02
-1.005347777183572822e-01
9.965529768283705458e-02
4.824253692835433344e-02
4.475226134410807688e-02
5.952691305937961308e-02
-3.634822188526978803e-02
5.143554715800011112e-02
-9.651544877673366718e-02
-3.932760526341996105e-02
5.292651892012811832e-02
4.759352144374898869e-03
-1.462123069893973143e-02
-8.316501763048472773e-02
6.843134880151716115e-02
-7.394147215408354568e-02
-2.312836234739302707e-02
3.798272643120621100e-02
-1.480002534955740870e-02
2.626128681560983835e-02
-5.648104548188767095e-03
-4.362036549609557556e-02
-2.249569704352690283e-02
2.493127149639441306e-02
3.804860312540420814e-03
8.206815627498445509e-02
3.652078158569373179e-02
9.050835324763398249e-02
-3.228403940503784403e-02
1.846777534491946676e-02
-1.341281499614480621e-01
-2.619038683058695291e-02
-2.041177165888103523e-02
3.808400197173574669e-02
5.138336682994543159e-02
4.609756437034904369e-03
-2.745162183726442690e-02
-3.493822670591403314e-03
-1.237364046037708019e-02
3.264058124147116435e-03
-1.026707680604657669e-01
-1.059908654306984145e-02
-6.685638832939010123e-02
2.190222430966322700e-02
-4.705151297986862741e-02
-2.752213227605213031e-02
-1.467948524442234254e-02
-6.745433192623966068e-02
2.461877322460746462e-02
-7.965244995481060575e-02
3.108025175579382654e-02
7.410217878032797356e-02
-9.040662619968425906e-02
-6.526472152142828720e-02
-1.090295079245655330e-01
4.633608853913736420e-02
5.770678477331762229e-03
1.195200549760011832e-01
-5.510339552561223375e-02
-7.201292103021587898e-02
-9.196770896255050676e-02
1.479900169477483055e-02
-9.241785619938474444e-03
3.129396679015062493e-02
9.454454074917338635e-02
3.784700303241075175e-02
3.041729457742680526e-03
5.893849864410193734e-02
1.945115409497013767e-02
-5.895470304895349123e-02
8.321602116567208829e-02
-6.056114276381179690e-02
-1.369565571629944439e-03
-1.083545388100849161e-01
-5.999783802580486991e-02
6.137230815763479452e-02
7.112291152264574833e-03
7.430934553436747969e-02
1.571623964334735793e-02
2.865879032787731207e-02
-5.906603835205792574e-02
2.172568825809254034e-03
1.435490113733957351e-03
-1.794322059150058740e-02
3.065823330536298491e-02
-7.413582900983564650e-02
8.222761317310056661e-02
8.043666270338911684e-02
4.134786905680927493e-02
2.434454197280417828e-02
6.325983680694331757e-02
-3.702271195006063415e-02
-9.157418318214718966e-02
9.790136510431510231e-02
1.193662237691937161e-02
-2.733300061314846569e-02
-9.045948294525753275e-02
-4.549739984875737775e-02
1.790253748081775675e-03
-8.178050714156516465e-02
-9.315401410030466067e-02
-8.868739346337092301e-04
5.163474517920700613e-02
3.474259491609633932e-02
-6.391231689883028477e-02
-4.165209875668894612e-03
5.627065482211349168e-02
-5.124111326512883341e-02
6.751247343583223481e-02
-3.689473010852765966e-02
-4.301147633242949353e-02
5.922916655605233588e-04
2.403282630876193982e-02
7.911796941671522809e-02
-9.610555123091875374e-02
-1.109962135522638352e-02
4.214563885566256080e-02
-8.143478438159783284e-02
-6.317838061926707438e-02
-4.732995190998486035e-02
4.581520809415742801e-02
1.888145687630501252e-02
7.345767718923043588e-02
-5.549544435128174469e-02
3.512245470541015824e-02
-4.988081548402804877e-02
5.047870388327428681e-02
8.391236497832760266e-02
-6.115786249982022027e-02
-6.089835752449795220e-02
8.251759554463797275e-02
-4.806076543639596632e-02
4.343339545431110227e-02
3.963002023684077113e-02
-4.578240334712722209e-02
-4.196964683850770705e-02
-2.675534549401697992e-02
-6.089347574660539802e-02
4.308640502560617119e-03
6.162205478921706225e-02
-5.758348837350085736e-02
3.450488207116759326e-03
-5.982227505165426534e-02
-8.543743204371412325e-02
1.353585536406522877e-02
-1.042982190704901113e-01
-3.641426550609364737e-02
5.399281641096272122e-02
-6.890600657217452185e-02
6.550637637639483701e-02
-5.150772425781959679e-02
-4.774511815656568708e-03
-8.613988913297492001e-02
4.524113018708063316e-02
1.446256195623581500e-03
6.122230026607635572e-02
3.253018579765844243e-02
-2.734258540070931554e-02
-3.563303425325459878e-02
-5.015397213967885681e-02
-3.129731981636899030e-02
5.314591724919087712e-02
5.688187094136976790e-03
4.757611406688343897e-02
-5.254584280785652706e-02
9.609819706271365003e-02
-4.759017433717808304e-02
5.384007233961380506e-02
1.712999494992310801e-02
-5.798236418304753004e-02
-4.235212442800232596e-02
-6.016769975363903816e-02
-1.399180687118598346e-02
-5.614162425288760777e-02
5.753698013657014554e-02
-9.577052424517898399e-02
4.320295689767856412e-02
-3.911419658502966051e-02
8.521310000217879876e-02
7.920449703087632798e-03
-4.791891409808091834e-02
3.649637251020063783e-02
4.084156787718389719e-02
-4.583432284717228224e-03
6.112833674252947380e-02
3.128955215460166306e-03
3.994151178955848702e-02
2.251584485623629034e-02
-7.488923484996871938e-02
-5.478442418739908060e-02
2.539680412705802928e-02
6.317654303361920631e-02
7.188481270873162132e-02
7.719798023558412103e-02
-6.430817326160939706e-02
6.139282721200227388e-02
-1.344324572567215381e-02
-5.912288336953613888e-02
1.064583357088820688e-02
-9.669143428476680013e-02
-3.505367061482680957e-02
-8.290833628432571489e-02
-5.874057327732151723e-02
1.292494268952822795e-02
-4.282386327730706987e-02
-4.633642777199610541e-02
-2.911424138710580478e-02
-1.040813089783652716e-02
6.218683702000026015e-02
5.147463429563159387e-02
6.738436333096167741e-02
-6.019318885354146137e-02
6.270522261084184035e-02
-9.738865505395577493e-02
5.912211331644285500e-02
-8.822925069355068428e-02
-8.973185469428443528e-02
2.141254320366252004e-02
-2.761784148791155205e-02
-2.568127278559332455e-02
9.587385605418862963e-03
-6.448271081191885024e-02
-4.100630415772169718e-02
-5.179026067803284283e-02
1.417048374372195316e-02
-7.159682184004756422e-03
-1.059978778648338477e-01
1.091060537030879296e-01
-1.029619028157770233e-02
6.999626742728150275e-02
-6.412337800509122776e-02
-8.424640375164507700e-03
3.162385545763154310e-02
-5.028566469218899437e-02
1.093866416078058679e-01
3.227204776969119088e-02
-1.384768522907872668e-02
4.321516210207220626e-02
-8.469767178486908854e-03
7.304437430509387250e-03
-1.107031936476096483e-02
-2.014112281924705303e-02
8.696300872540958793e-02
-7.629276667862160133e-02
8.204390809784359306e-02
1.680298797816705270e-03
-9.369841041852277133e-03
-4.444026903173411980e-02
-1.739270455723413572e-02
-9.163020840900837696e-03
-1.076306949308002275e-01
-1.290050456029186339e-02
1.212043460630564395e-04
-7.339637398472145802e-02
-7.884552139021422379e-03
-6.136945546780422228e-02
-4.092536595083663686e-02
7.178228088833198128e-02
-6.535008318467344646e-02
1.677769988993202399e-03
6.904856697820009603e-02
3.201050822717022015e-02
2.045059539073648680e-03
-1.243775601800528423e-02
-1.094640042174249359e-03
-1.372338151952192872e-02
-7.946940555655358784e-02
-7.643718703524132740e-02
2.568385223359314490e-02
-8.028653141524277892e-02
-7.024110901937588580e-02
-7.333398941728881681e-02
-4.923788749201466614e-02
4.581303747981851915e-03
-6.805623120905240908e-03
-5.545035175096153096e-03
-2.008225326743293820e-02
4.328973548276562194e-02
5.325605910015211719e-02
2.726892895889572802e-02
-6.646054515237037608e-02
4.001612702031209085e-02
-5.301897813249874247e-02
-5.326534589125837826e-02
-3.642923361128580506e-02
7.483432948770241122e-02
9.670789566861640041e-02
1.046970363890837863e-01
1.229730052761300943e-02
-6.207670665675344909e-03
-1.073016868293369397e-02
-4.418024986760443057e-02
3.370485878187610973e-02
-7.130588725231228053e-02
-5.451424128736193087e-02
3.018466295608021252e-02
-8.983884991894511285e-02
-3.800831076146223182e-03
-6.679121517871029756e-02
5.752799402224896552e-02
-5.627097005650484596e-04
-3.430517810021473102e-02
-6.027654151330965465e-02
-1.016440587624745269e-02
3.513506266279360635e-02
-1.877893742857316556e-02
1.467833916790253768e-02
-2.636272645375559512e-02
6.433560791712147897e-02
3.923425941995668104e-02
1.759882546198461226e-02
-6.228689970803124448e-03
-7.512965330494300598e-02
-1.102893235128312860e-01
-5.557708978523104998e-02
-1.906649457800068531e-02
3.998380726190624290e-03
-1.484413663186349291e-02
3.997609058330083009e-03
-6.496778471995723336e-02
-3.802180596093281822e-02
-2.864089401384498426e-02
-5.558958647356932944e-03
-6.448334845327720333e-02
6.908129226196313422e-02
-3.147488036925489424e-02
1.362236366662694827e-02
-3.025918786966547147e-02
5.923073037327700185e-02
5.656204438299392012e-02
-2.378658521726146127e-02
3.800459145920710713e-02
4.876510097834191836e-03
1.593675660884064094e-02
3.377058937005412986e-02
4.630197744779245006e-02
-9.209494041402234432e-02
-4.122586180103837705e-02
7.577764257844650519e-02
2.404626160924896311e-02
5.241338157317242119e-02
1.280706875010970483e-02
5.998129229859300304e-02
4.990080456524309538e-02
-5.998849144611281825e-03
2.462654677972350714e-02
4.348723617676177738e-02
6.828980138744356054e-02
4.854215591271698882e-02
4.449770564455475877e-03
-1.672615216182150866e-02
-7.590051463423386213e-02
-4.284801146168598640e-02
-6.140567877293374999e-02
1.191682587382540681e-02
-3.896715675849789229e-02
7.203231995023262613e-02
-2.930629963461967025e-03
-3.343893114806160277e-02
-2.738706934009853267e-02
-4.022570212633820586e-02
-5.362125162394928979e-02
-6.107626297782139252e-02
-1.078246955848561825e-02
1.127782197434270411e-02
-2.467083655078090854e-02
6.462392705286147676e-02
6.627216820749744219e-02
4.779795362819633589e-03
1.183697811352332416e-02
5.059151363963104026e-02
2.359667848932479536e-02
6.651783300121191789e-02
2.847065560781614907e-02
-2.230524654630524836e-02
-1.122932095523617724e-01
5.500217258057563119e-02
1.449721537592650600e-02
2.425507305122554663e-02
-6.623193926610631416e-03
-3.746287393280707534e-02
3.836917312342780911e-02
2.441210712254525406e-03
-5.816924253295653602e-02
3.516511911481470798e-02
2.707742035180463885e-02
-2.341808979910322414e-02
3.290130716614880768e-02
4.743852650308905822e-02
-3.327554474770213350e-02
-3.515357615455575596e-02
5.867337309161650694e-02
9.750039316961328639e-02
-8.255180667794806415e-02
-1.153039561509394337e-02
-1.106882647549813914e-01
2.038525201283202318e-02
8.180089510684912524e-03
-3.523822534098938059e-02
-7.156860331853688584e-02
1.702036464990122969e-02
-5.159925530435720276e-02
-9.503391830898816339e-02
-9.934818610000681338e-02
-7.249993985604295810e-02
6.519472899972356128e-02
4.304095454946980925e-02
-4.950435162328900573e-02
-5.730579306581523591e-02
-3.275061865293193118e-03
4.613151696117710754e-02
-1.022551159107783561e-02
2.662675807831733216e-02
-3.078525157228385184e-03
3.523485690463523667e-02
2.021356362465897422e-02
2.684911694511889560e-02
3.905634106968059599e-02
-6.027932884025300614e-02
3.496655307448578998e-02
-3.608365766671992048e-02
-1.280444958553057441e-02
2.887295472273360836e-02
-2.934491815675724716e-02
-4.852064883014562194e-03
3.420191791525593883e-02
-1.747082706631010798e-02
6.277535923121259354e-02
1.618760232583495162e-02
-8.052921698535704317e-03
-3.445341870053764827e-02
2.153258649652105630e-02
8.442006139546183452e-02
-7.725876046812849007e-02
-4.632465194994481866e-02
-4.913233473638381477e-02
-4.591399615918147908e-02
-5.674390665596919237e-02
-2.959900459865404121e-02
5.723077672324515530e-03
-4.620147274655331260e-02
7.548269960617614779e-03
5.114045605894432939e-02
1.249329641639475644e-02
3.945862368965982053e-02
6.798183883807512595e-03
-6.654046170934665994e-02
8.995819457814896447e-02
-1.798764223489065714e-02
-5.283269772054933339e-02
-6.054050718452652635e-02
-5.577870443511221549e-02
3.937256487149649181e-02
-1.129867981068522625e-02
2.468776485919562530e-02
5.898183818978512682e-02
1.347742039785750079e-03
-1.332119827059577433e-02
3.812723538994605005e-02
-5.649892966948627526e-02
7.512300381935553550e-02
5.974531723661455351e-03
-5.919978419347814852e-02
4.280772454570914987e-02
-6.304083914636544883e-02
-2.023977900093754806e-02
6.567095484599430599e-02
-7.484916870734539818e-02
5.612123137112626226e-02
-6.209244498174257970e-02
-1.066037238234585766e-02
-1.187877218076957911e-03
-3.443962666999732941e-02
4.975710248919618800e-02
-5.350240825593907505e-03
-1.815811897451561491e-02
-6.876312848391069599e-02
-4.741127540744522438e-03
3.830093480914892323e-02
-8.449194927784309250e-02
-4.128698656213829199e-02
-3.941175466304149000e-02
-1.731014061629008657e-02
-6.740638614388667904e-02
-6.521697789893389496e-02
-7.339327406162585166e-02
5.480205976108924737e-02
-6.480490271928024404e-02
-5.312793059546461194e-04
-3.926878311567881530e-02
6.063966759443956134e-02
-7.447876994359217337e-03
3.639966676573132970e-02
-3.789444654574895127e-02
-3.366540100780951450e-02
6.071620998465962482e-02
-7.354726085434935834e-02
5.156453216687464230e-02
-9.889484922213190310e-02
4.420926681081771559e-02
-4.152534291064715471e-02
-9.309240579403890714e-02
7.132605222283940061e-02
-4.856773898989673321e-02
4.168194118008994309e-02
-6.568720375926462296e-02
-4.366637463731224550e-02
-7.213550451256968421e-02
-9.410519617645256296e-02
-6.978031679326950065e-02
-8.257043797661266227e-02
-3.568979460704014423e-02
-9.669096183540917128e-03
-5.599105368121717885e-02
-6.289258156576642278e-02
-3.866316009618946808e-02
-2.294828050737354741e-02
2.455610546108537642e-02
-4.022741222242049580e-02
6.439840675715149954e-02
-4.796603129157517298e-02
5.987197234796345219e-02
3.947137214653652360e-02
-5.115973688627260818e-02
-6.870561736753645621e-02
-1.270360482837216629e-02
-6.727922831064185594e-02
-5.592375794350858825e-02
4.534222991654110468e-02
-2.105394888426566358e-02
3.478915062923121360e-02
1.103211883615239954e-02
-3.554385572590130354e-02
-6.876347759818994543e-02
4.476205249252614149e-02
-4.412172883210879748e-02
1.709234853021113221e-02
5.000766589128164546e-02
-2.689929386285266205e-02
-1.143239423123591919e-01
-4.536552256693421326e-02
1.949799545586137356e-02
3.124548808409331746e-02
-2.749368621602704330e-02
-9.340899776690528289e-02
4.713181203994593060e-02
-2.724937548491809802e-02
-1.015009254430787877e-01
-3.104676333736058544e-02
4.732664150185453278e-02
1.321475203158679890e-02
-6.255423580623449553e-02
1.016463451813280072e-01
-1.681452463750427936e-02
-5.412884959017765646e-02
-2.782717405175401393e-02
-3.421664969394578454e-02
-7.537387038402776178e-03
1.171008707582741476e-02
2.900784242026801726e-02
2.431734226807632029e-02
2.695858727822484507e-02
8.306036540696895565e-02
-1.361229693735469676e-02
-7.073526383757564040e-02
7.830889362997814698e-03
3.610820325781217977e-02
6.475513489283696474e-03
2.025193771106200899e-02
8.439543819700651150e-02
-1.200066725986225977e-02
2.396428145137264806e-02
-5.870000161832544805e-02
-4.033695938733272701e-02
-3.276177676027126201e-02
-7.314279874785736824e-02
-8.001952131398015755e-02
-5.433815863743247931e-02
4.029705604667523089e-02
-5.619775497192591382e-03
-1.855205660501597215e-02
-7.778469080364999733e-02
-9.082878173474491501e-02
3.360001950658152853e-02
1.055479108423183904e-01
5.732815093143171781e-02
-7.583208764004555069e-02
6.589843264800077094e-02
1.037945404707851238e-01
4.607785984607378621e-02
-2.344979627127757871e-02
-3.154609356511847013e-02
-7.021740829191995548e-02
2.819278081586995555e-03
-3.100264697315231743e-02
-8.496828557444918023e-03
-1.355603484811378767e-01
-6.855347328597272138e-02
4.339733584056987975e-02
-6.395365319241130830e-02
3.928278787778777953e-02
3.391016311793467602e-02
4.652419813808898394e-03
-1.577878827490442060e-02
3.002920242533061584e-02
1.106585147197310104e-01
5.607641247404290819e-02
-1.763496611806747438e-02
-8.113323251257281016e-03
-8.607856386675798166e-02
-7.036452615824924373e-02
-5.567300908570426560e-02
2.988688820696769680e-02
5.101665959553385726e-02
7.006414893571052960e-02
-8.595726963672897791e-02
6.950562732139585476e-02
-1.166629240385208544e-02
6.169567353933486098e-02
3.017056314835478426e-02
4.974787635878502590e-02
-3.405913064350617192e-02
1.117504366662223358e-01
3.577987880870609622e-02
4.200004161982092560e-02
-9.858995244440654782e-02
1.201347654014632213e-02
8.453110538821981615e-03
4.520906569491196791e-02
8.716220623278962687e-02
9.768624899523839500e-02
3.377878692157200435e-03
7.695573512608590294e-02
1.788443086647348995e-02
-6.370781486359694545e-03
3.843999738778362124e-02
5.762935906914813666e-02
8.642714493434251050e-03
-3.381722148964261265e-02
-1.200689680615173692e-02
-5.915498121057658626e-03
2.087757965370761262e-02
-1.464830214166883832e-02
-6.855826207285677099e-03
-5.851177769528709272e-02
9.470191893796625626e-02
5.687663635455397770e-02
2.583416322734654463e-02
3.718220009986270003e-03
-4.271289568692222122e-02
5.362252453031170901e-02
-2.810717724854495947e-02
8.953453239133329911e-02
4.861320858679431256e-02
9.998282799318408687e-02
1.193927534032965601e-02
3.273213765846891277e-02
-6.105529230572817601e-02
-9.038124934162630741e-04
-6.859438450163199419e-02
-7.106212542172297975e-02
-1.161876121726624078e-01
-1.315191945676087021e-02
-4.717930970481305775e-02
1.415612065974555106e-02
2.411370391372041552e-02
5.447212183820897280e-02
-9.234913725099515303e-02
-4.536820321866481126e-02
3.451328720650406745e-02
-5.531141193874855588e-02
-5.175996599723598629e-02
1.107531006886990251e-02
-1.826231494904784550e-02
7.009566496050098627e-02
5.185261257488812947e-02
-1.156555484643849441e-01
2.982403286720294172e-02
6.224547802265245622e-02
5.500958563649052668e-02
-7.221103337629217189e-02
-2.812337357767934545e-02
-1.368082162259130416e-02
-4.371805187698078743e-02
-5.282313643517044799e-02
3.840898058710338209e-02
6.646549279920171971e-04
-1.434430223536229667e-03
-6.865599209771264255e-02
-4.158664383388001318e-02
-5.032509916385047299e-02
3.642704521864596756e-02
3.508359358115217125e-02
6.120758612096856288e-02
-4.504531307859304529e-02
8.361933842462053457e-03
1.802047064172430241e-02
-1.071570862016759662e-01
-2.753406345399423555e-02
5.848262643580687953e-02
-1.871930268951649268e-02
-8.440155989102189615e-02
5.268529160742177475e-02
-1.649670990975975540e-04
-2.005362864156157859e-02
6.508463840294501090e-02
-2.954438410835667078e-02
7.740682509428289948e-03
8.180826411665498288e-02
1.949718711754843195e-02
-1.164986190034561671e-02
-4.985860450404172584e-02
4.482390385262581545e-04
2.297177354065801230e-02
-3.739260846611391215e-02
-8.898068816070361930e-02
6.758478920937525947e-02
-3.103677092236153956e-02
8.331051692583549273e-02
4.987417000338807693e-02
5.500461813743363904e-02
6.797693224368540899e-02
-6.152866400042009132e-02
-6.468226133286215929e-02
4.409782011819757264e-02
-4.479917942791587782e-03
-1.265283056973003639e-01
-7.321323203301315086e-02
2.280164693236827120e-02
-3.845596345583374154e-03
-1.447559886827284523e-02
-4.150756731459408905e-03
-1.665962184466289464e-02
-1.667943834409653381e-02
-9.387834131331058984e-02
4.569581011911479779e-02
-9.033384408049625891e-02
2.838558827619142022e-02
6.292317565389919654e-02
-2.768112205981790308e-02
5.486392777879656180e-02
-3.839026619826241271e-02
5.714425255685866289e-02
-3.925477915887926050e-02
-9.643990695081910980e-02
-6.884549299887014751e-02
6.325896067023135949e-02
6.328177947437982342e-02
3.700051598333969904e-02
2.933232170730836960e-02
-1.016838812582442075e-01
2.817590246212966359e-02
-3.424388343864188944e-02
6.826138315138804979e-02
2.864916226887265216e-02
-3.267291077711637071e-02
3.768202659512154273e-02
-5.645057221663494357e-02
8.639562662510257007e-02
-5.908713028085195440e-02
9.906207811304815203e-02
-2.974258440082666599e-02
-6.464664178104895589e-03
4.080301196288284304e-02
-6.352396699304804772e-02
1.737840745855193797e-02
-6.241513434502089785e-02
-9.029866569222921857e-02
-4.754066419653682485e-02
-8.438553172535591396e-02
4.876979362293334952e-02
-4.729663167110570443e-02
1.874898481130125166e-02
9.515571899401442657e-03
6.270870176160926734e-02
-7.787091762674476503e-02
8.597969681300338118e-02
6.626676200295558705e-02
-8.912201635333920346e-02
-5.280376907271755460e-02
8.123146938268965833e-02
4.655740382110065689e-02
8.786181099316605833e-03
6.616490301092550763e-02
2.370672551571702258e-02
1.047519344164739644e-02
7.296468790624011103e-02
-7.959998732694900658e-05
-5.071593515617378589e-02
-2.557720442302920463e-02
3.582929551103224836e-02
-4.762824848541812733e-02
-7.615214302239228794e-02
-2.933529841964785390e-02
6.919507020099149863e-02
-7.895671926328680368e-02
-4.499003375584692543e-02
1.711718450185177945e-02
-2.404919811792692597e-02
-1.046058881919402841e-02
6.746326380383914356e-02
5.214334686266716007e-02
-5.227669271663735323e-02
-6.695803630759196434e-02
-7.234252939535160652e-03
-6.905357881411673671e-03
-2.734427880118777895e-02
3.249003990624698551e-02
6.635872286574985568e-02
5.722496098635607154e-03
-4.520607524970269436e-02
4.311567815418641814e-02
-2.791712754129366605e-02
-4.472728104646812863e-02
3.193218220880016806e-02
5.635272144745363809e-02
8.849948326994015041e-03
-1.946571441893951704e-02
7.296564235438010582e-02
1.167193013594164386e-02
9.478625738392252795e-03
9.801031046790749379e-02
-6.949939382396557591e-03
3.591283403642663019e-02
-1.196935151764432978e-02
-2.139726022579462733e-02
-8.600976483192260269e-02
5.933095306054216034e-02
-4.726355525939889002e-02
-1.547158613213413247e-02
2.393868329468133022e-02
7.610042337935035012e-03
-3.714266679027947160e-02
-6.685084138287190891e-02
6.773037157315689449e-02
-7.055220462476825827e-02
-2.304608323174656831e-03
1.487291407169240992e-02
-3.628434365408973739e-02
9.655654629875862899e-03
8.030465110841381038e-02
6.548926263240054113e-02
3.504486340228959995e-02
-5.688311188591100784e-03
1.737144974695766647e-02
-4.672604016348490263e-02
-6.174762181413850914e-02
6.863626671587179373e-03
-4.185957427511442785e-02
-2.516761881003224538e-02
-8.619833712867430719e-02
1.622292538058676958e-02
-2.753962207139788038e-02
-4.189953884140243390e-02
-6.527861582382762928e-03
-7.634685592332113302e-02
-4.136548984973535681e-02
5.922003096308965653e-02
-7.228571748320399004e-02
-8.893551410439856642e-02
-4.132206848165052848e-02
-3.588832548067143885e-02
-4.821429497111721918e-02
-1.225902800520525526e-01
-4.739723118927514217e-02
-1.046329864291098699e-01
6.850460258311023842e-02
5.368711903373894062e-02
1.289652134232822933e-02
-6.158339592345336844e-02
6.399588457397445418e-02
-2.113584477509841686e-02
2.462419933473523198e-02
-1.226401704378193847e-02
6.690881579974891635e-02
4.198242979743059544e-02
-8.833264958273256973e-02
-6.416315153614135514e-02
-4.621463825668288561e-02
-1.088682929011913492e-01
1.350077300680692025e-02
5.661619773200722572e-02
6.882299851327319806e-02
-5.874379412152708202e-02
-7.566539841998870530e-02
-7.953960270886156758e-02
6.247619733981198999e-03
-2.685584841996096345e-02
5.310145141131279722e-02
-6.156702022525605694e-02
-1.702021720537395116e-02
2.981684863173495598e-02
-7.177611477765734327e-02
-1.631271481200283896e-02
-5.923656048878171015e-02
2.765109393879953276e-02
-6.403003532537414333e-03
4.441912090278184871e-02
6.868766476989426883e-02
5.012236846717070538e-02
2.269191619700873519e-02
4.080671978222347174e-02
4.239986439958690762e-02
2.627435047937316890e-03
1.395166150253325868e-02
-5.456484672498929100e-02
-5.596729230852991871e-02
-1.253543906095893612e-01
1.028577824104768418e-01
9.160598844682338315e-02
-4.286853908341282937e-02
-5.628457393976502021e-02
2.586491396620969538e-02
6.978526105888832945e-03
-5.500728435835865182e-02
-1.430124200889808239e-02
-7.487703952718721689e-03
-3.184231617869213993e-02
-8.125849691576314537e-02
-9.939897514765004549e-03
5.796819983987727687e-02
-5.508387413792016629e-02
7.264896087341163322e-02
4.175350250380786832e-02
-2.571011096862901857e-02
-3.358223597021777612e-02
2.011983262550330262e-02
-5.931888579189033284e-02
4.410072874154600392e-03
-2.807341879996060052e-02
-4.700509153013354702e-02
-2.018717961970825300e-02
-1.811061193118964491e-02
-9.223312289981476508e-02
-1.020412219225224626e-01
4.820052269353038155e-02
3.809460513399047510e-02
-9.012139609790788264e-02
3.392687319494558373e-02
-1.060464526299147170e-03
3.111249223902089536e-02
2.202137783289995210e-03
-9.513943736039298660e-02
-4.859922216514505483e-02
2.026438586725950661e-02
1.150347905822562689e-01
1.829915521753778737e-03
4.075164340552264730e-02
-3.259198904356618021e-02
-4.808230008435583104e-03
3.216217188698812512e-02
7.672987834933195361e-02
-1.497462592724051536e-02
2.718429021910176435e-03
4.461115946487300560e-02
-1.141707826171520224e-02
5.525399854917274756e-02
-5.551041110961628389e-02
-8.809858042485627094e-02
-5.366182425278164664e-02
3.393212584357481465e-02
2.524329052521228842e-02
7.094818267166069781e-02
1.695346010731332495e-02
8.336256332654409795e-02
4.539542930216761835e-03
-6.644522309056534459e-02
2.971548530590370496e-02
-9.004443541549489449e-02
1.566999365451780465e-02
6.368623533059064590e-02
3.210962192709000684e-02
-3.830038290228569842e-02
-6.870371978788825107e-02
-4.401401738117957652e-02
1.044585327196847005e-02
2.394043224389869745e-02
9.527497838084491785e-03
-3.159346364800352802e-02
-3.832821655945804762e-02
-4.106258482743865151e-02
-6.430498117844841988e-02
2.388059809922063459e-02
1.010671514042474177e-02
-1.857341514879721003e-02
4.866989644072141491e-03
1.709584556179774908e-02
-8.550704679415338516e-02
-1.434570632857662918e-02
4.298438731885127762e-02
5.744116660190577185e-03
-2.016312161961582305e-02
-3.148848534095639862e-02
-1.568655460973475413e-02
-9.501878811073949382e-03
-5.449355788276771112e-02
-9.633030341564343541e-03
-5.147351638503078197e-02
-6.211458694862714847e-02
-3.052488885087761492e-02
-2.682582482254352967e-03
-6.037443082210679213e-03
-8.637732809006065660e-04
-1.639532730337991268e-02
-1.177037777777808769e-01
-4.834281326592450301e-02
-9.053317849032642417e-02
-3.654070927123546919e-03
2.285392479646724401e-02
-1.838063727818851217e-03
7.904785030074855390e-02
-1.026895554209102668e-01
7.333599276920609034e-02
-5.106618653964481447e-02
1.057237962924544583e-01
-5.215189518037093019e-02
-6.998954304409624183e-02
-6.443212423216507223e-02
5.270212604772785137e-02
7.100428859144681387e-03
-1.249336233983364686e-01
4.780510030692533552e-02
1.717098250048442257e-02
4.620548636228451189e-02
-9.405873155829889282e-03
-1.179127100613995213e-02
-9.508344727309762934e-02
-2.884830938854799839e-02
-1.458556873276638799e-01
-7.937515254385607566e-02
-7.613695966944876437e-02
1.471454760572127318e-02
8.375736922040924459e-03
-3.139727602476176382e-02
2.775930024616540120e-02
3.364381317962180512e-02
2.324794104568114403e-02
-2.759313027284104880e-02
-7.589739976202842381e-03
4.301166617185603336e-03
8.227970074669992140e-02
-7.905440545556353255e-03
-2.305733385913605674e-02
1.406472614582286382e-02
-4.202403553375477774e-02
-2.212639018427065007e-02
-3.073035484633052788e-02
-1.394452089807664795e-02
8.041290576307570659e-03
-3.994579771461544832e-02
5.829813635064066274e-02
-2.473953109394980143e-02
9.419154334789144045e-02
-4.249164984288598262e-03
-9.624451197471740882e-02
-4.790813234507798613e-02
5.770575228452202998e-02
3.677764947431505504e-02
3.886961538156170903e-02
-8.260505908469098144e-03
1.676800881871356314e-03
-1.129473181807083386e-02
-5.968784106286249835e-02
-6.479091626615565702e-02
-7.185489297429929756e-02
-3.069960735401453672e-02
-2.083269642602244426e-02
-1.066212323841657234e-01
-3.129293647312540727e-02
-9.630019358439101396e-03
-2.255894803011720962e-02
5.352922683327886871e-02
1.301357552884286478e-02
4.970407235315908723e-03
-4.922093344878425425e-02
5.275682097151498245e-02
4.371390883908576191e-02
-9.848490152530893493e-02
3.645646093461881246e-03
-1.037158695083518212e-01
1.196599171546402531e-02
-7.407549389128625407e-03
5.899204992786252419e-03
-6.978919746446519273e-03
4.266350529238253919e-02
-6.613694373525257075e-02
-1.305095346434572146e-01
-2.503010197209813367e-02
3.695604457961688960e-02
-1.013592704974980788e-02
1.926144329589903059e-02
-7.371630440320631195e-02
1.045038728008962706e-02
2.440748963975087477e-02
-9.592446882646772643e-02
-5.208673267036591226e-02
-5.695753780424839957e-02
-4.044136798821416218e-02
-9.459680679907160605e-02
-4.097775533979411411e-02
-4.746646451873566541e-03
-5.927889568487653207e-03
-5.280984997024726346e-02
3.665016621436659183e-03
4.600444111652118168e-02
-3.175122362680692090e-02
-7.022370666323925203e-02
2.567052756454351464e-02
4.806450805367297463e-03
-7.154441517469760370e-02
-4.809445575278971374e-02
-6.616000128770496702e-02
5.504996047003286180e-02
-7.086604075848441930e-03
-1.633822384280896045e-02
-1.059608776821775733e-02
1.481649332278053670e-02
6.024482873005313627e-02
-7.908517277546478486e-02
4.177834383471869251e-02
-1.905417850406872921e-02
5.797579147056456175e-03
-1.986244193387316781e-02
3.685062085818556488e-03
3.069969954794154673e-02
9.005577464750140135e-03
-9.352348148000264039e-02
3.447388696348448189e-02
4.070214969834049651e-02
-7.218494011013167067e-02
-4.283092146254968008e-02
-6.695313023648735706e-02
2.693760032151268358e-02
1.675820583816740525e-02
-1.582379492172361624e-02
1.060453175166508298e-03
2.057148282690950472e-02
6.401775260960634872e-02
-1.923842453816961007e-02
8.902006762829938608e-03
2.222274473685387219e-02
-1.045584697883834846e-01
-8.132060537553427448e-02
7.134452313257233502e-02
6.804949166706977803e-02
1.249253249279656114e-02
-9.773673869360833405e-03
-5.480904525415471185e-02
-4.644820743935681312e-02
9.432084937913820522e-02
4.459721398803333237e-02
-6.959233647889392915e-02
1.427979848375186128e-02
5.049630302040745977e-03
-5.663195013261981131e-02
9.400931063126349158e-03
-2.208871757115370149e-02
7.875045479228258427e-03
-2.294469966996041770e-03
2.152933695979950338e-02
-8.696958832325388244e-02
-1.000168486321256767e-01
-5.640744947326147007e-02
6.134336530788481179e-02
3.728934149908089135e-02
-3.242757424183957682e-02
4.008600390445560963e-02
-8.171201513003359396e-02
1.981026878423852201e-03
-2.071176482307653111e-02
-9.027052048564242204e-02
-1.613471554320223406e-03
-3.547979839805191771e-02
-7.199283652930951738e-02
-5.786106272375340226e-02
5.080442237215283124e-03
5.930911517716724174e-02
-2.670189167934581762e-02
9.546649584009483935e-03
4.270164216912634980e-02
5.476714652122992300e-02
-3.229038935245013425e-02
1.485538531686518386e-02
-1.018026770468849901e-01
6.323116594097354104e-02
8.262499572609817433e-02
2.801779641203536869e-02
2.109163231205970004e-02
2.103179860371748311e-02
1.747887190316259332e-02
-8.844529779923668289e-02
-9.970582339556592621e-02
5.191560380129855989e-03
9.318552780866082297e-02
3.785571822536529241e-02
-9.778214984169582291e-02
6.734582968136966497e-02
-1.191162044783156820e-02
9.807117910435125471e-03
3.358982693870631725e-02
-2.069346003288682553e-02
9.881479948024098764e-03
1.152982433538180494e-02
-3.800065014665671842e-02
7.646634386749151524e-02
-8.815394711715872356e-02
2.211020690630115942e-02
1.131159748534821263e-02
4.655856791635508418e-02
-3.332429127642590194e-02
2.433789041929385402e-02
-1.131301261339926478e-01
-2.621811291410207356e-02
-4.640098001259195665e-02
-4.773903835600629836e-02
4.753047840744335784e-02
-7.445874454788609098e-02
-1.339503703226981035e-02
-2.797144906275058490e-02
6.619225097481640230e-03
-8.564459713024351328e-02
1.676564286108866292e-02
6.096274098770509270e-02
3.709599051459887276e-02
-3.887960502905345866e-02
-2.564681498905438048e-02
-2.479599595273219992e-02
7.529977826912404026e-02
-4.920124397276239014e-02
4.240964543427643008e-03
-6.162784414416063589e-02
-8.869748390422974027e-02
-7.079651440260449624e-02
4.188392322440299270e-02
7.769786673005908695e-02
9.794791455407925174e-02
1.184929007891299957e-03
-3.418115021211838578e-02
-7.122186041947456414e-02
-1.144580588800020275e-02
1.069001293213686088e-01
-2.094049217068458951e-02
5.477009344537691476e-02
-4.378670756427324728e-02
9.650217019746404334e-02
7.799773472707545452e-02
-2.086426060332527074e-02
-3.241609791124466788e-02
1.609821707927055340e-02
7.994605542582837454e-02
1.429199386009924466e-03
-5.334988320783476401e-02
-1.001400329500404113e-01
-1.384751815588812496e-01
-4.044900988393358710e-02
-1.129192449522446462e-01
1.986515867787073258e-02
-4.627242967757327213e-02
-1.671493797317931407e-02
2.776868110883415341e-02
-1.120476063598214653e-02
-5.514013194538826268e-02
5.991897157819561781e-02
3.319906331438439440e-02
-5.812760006299490939e-02
2.616350611946743204e-02
1.134165083734980789e-01
-1.352986987458627138e-02
-6.500711193218805528e-02
8.947405520722294392e-02
-5.865260132513857270e-03
-3.568984002640471220e-02
-3.387767577787401813e-02
3.171790282052561194e-02
-4.984271600009865244e-02
-5.150434878702908614e-02
2.672105879353137148e-02
3.669279228767037548e-02
-7.648021392554220366e-02
-1.942709230816794946e-02
-1.344242441566846809e-02
1.462287531138040803e-02
-8.410970768596452707e-02
2.496332174990098518e-02
3.275486845456251211e-03
-4.899522004952840126e-03
-1.599968488912514863e-04
-3.967570294962529526e-02
-2.345593167167763990e-02
-1.294647616116791078e-02
-7.485743117584711670e-02
3.717058729690124463e-02
1.193147140993973954e-01
-8.926613484382457664e-02
-7.119431901518930017e-02
-7.989761021963594223e-02
-6.788888802617840112e-02
-5.820025728591171274e-03
-3.504551938592122967e-02
4.535641737378262595e-04
-1.002024156315003828e-01
-4.691945409933916816e-02
3.654531850318708253e-02
1.704060755421125256e-02
6.401282579512654336e-02
-8.820455924015625782e-03
-3.661239067667342723e-02
-1.897709310323317938e-02
-3.036135679648890515e-02
-5.329802410808080759e-02
3.405496179420086471e-04
-2.241937283667219671e-02
1.993308105442326283e-02
-4.077816570259975432e-02
4.783375419531919748e-02
-3.921165638368032808e-03
-1.069009012199745139e-02
-9.066016642566382400e-02
1.793405718909613783e-03
3.050880835077885919e-02
-6.103362082507299974e-02
-3.726603356976745246e-02
-5.366335592909821789e-02
3.466153340983811615e-02
-9.447424018458123324e-03
2.781605778187654782e-02
-6.037988075389271597e-02
-1.711807486783676127e-02
-7.806117663528526485e-02
-7.631194649509344397e-02
-4.214203425733790975e-02
-8.140773771305220841e-02
4.584253739899610963e-02
-2.649334474406047496e-02
4.706004011520519524e-03
6.154342256496377755e-02
-2.381238622201461985e-02
3.268829134839638245e-02
1.402479801365911875e-02
3.765173590945607163e-02
2.041665885591047169e-02
-9.246582438801990989e-02
2.537128628004138575e-02
3.259266793831093467e-02
8.167451562036395774e-02
3.381876317752740418e-02
-2.805290531115665897e-02
-2.278210986988005171e-02
-2.297508910190493997e-02
8.000700741299807128e-02
-5.067286940217084062e-02
3.975422947497259801e-02
2.282690416374670572e-02
1.573108329724434359e-02
-3.889151462829313483e-02
2.872557593828951872e-02
5.105520209652900793e-02
7.251173835287583191e-02
-3.795705018252986535e-02
-4.240708668877900961e-02
4.621566873553652893e-02
3.325887288390624169e-02
1.501359364119744626e-02
-3.325510668722334029e-02
-4.118624479013649475e-02
5.962765268152979414e-02
-3.509151700490403120e-02
-5.698356297306354790e-02
-1.739931708239171940e-02
-7.665044789139377479e-02
-5.017171678919430527e-02
-5.688680577613244860e-02
-8.916737290101113544e-02
3.472920405507945452e-02
-1.101301657872562900e-01
-6.940125585382521389e-02
-5.088450816007595440e-02
4.540081035564160622e-03
3.140775876796014776e-02
-3.756939992369918990e-02
6.241412470101162513e-02
3.747308128504050345e-02
-5.069474455785520639e-02
-7.396567809649479130e-02
-3.495625683366738318e-02
-2.072429356937997152e-02
-3.250127084544313788e-02
-1.033894227609677072e-02
7.933514894120695382e-02
-4.082239648949177041e-02
3.022203547584090266e-02
2.588814888641662731e-02
5.497097033662255022e-02
4.461732462716547221e-02
-5.847426568095797500e-02
-2.549771176460732466e-03
-8.086646505021878595e-02
-6.937062893355679105e-02
-6.544497994576645161e-02
-9.603177811750150672e-03
3.479817225897349764e-02
3.471168560698672384e-02
-9.365777618352558176e-02
3.125770782279480714e-02
-9.177063301793091099e-02
3.171644776093218709e-04
-2.730470355733071591e-02
5.435162406189432416e-02
7.004276084991860329e-02
-1.949302780501088045e-02
-3.423984456901909418e-02
-9.998679011954164642e-02
-7.718459162798220474e-02
7.169136970377069928e-03
-8.805358936387600033e-02
-4.249206655774577512e-02
-7.792511320017016241e-02
2.777239865864300147e-02
-1.636566017221442043e-02
2.013561197265758065e-03
9.295759428398506219e-02
1.382573881552540823e-03
-8.946955407770251778e-02
-6.100358943506258014e-02
5.061968257327210952e-02
2.076280111534335379e-02
-1.787994675530556188e-02
-3.425503335473479433e-02
2.956037700359603199e-02
1.751180130570794552e-02
-5.111888349333286452e-02
-3.906246555840493101e-02
-5.571233325246931906e-02
-1.589036267307677303e-02
-5.544415383898380206e-02
-3.287012444753017321e-02
-3.947640487492894840e-02
-6.920688791626421199e-02
9.955868260463600003e-03
5.115255792179058958e-02
-9.002231130883085741e-02
-5.984548463933231366e-02
-2.110512910194569866e-02
-6.247397303470030028e-02
-8.318732464037782715e-02
-3.412415903448708793e-02
-4.967828873113693672e-02
2.517429888416965189e-02
-8.021012593857462791e-02
-5.553378994197277763e-02
8.941006986905083997e-02
-1.892190609239039964e-02
2.417116543868570375e-03
6.503090831407920547e-02
4.312841426039642351e-02
6.719455857225577894e-03
-5.455655971107503666e-02
-1.652803022820956147e-02
-1.059966610455447683e-01
-4.279322841693183888e-02
-3.647836612086147873e-02
-1.058678213707156188e-02
2.160326969151125931e-02
1.399207647862497732e-02
7.094429170315486033e-02
-9.687121929113391705e-02
5.171362727803122117e-03
-1.445133148641722029e-02
-2.492286607416151559e-02
-4.457073636992473636e-02
-1.834356367812368591e-02
5.894071356653113325e-02
4.586490551680213329e-02
-4.141181355300752043e-02
5.554302915971111310e-02
4.086719842084742677e-02
-4.815653151461009307e-02
-8.237226082578669173e-02
3.534204635438040198e-02
-5.842659207818037131e-02
-4.128935829605730190e-02
-5.964211520168836989e-02
-7.611223897735612531e-02
-8.113882785806300624e-02
-9.798911201041066166e-02
5.567653816676443324e-02
6.681301374204455523e-02
4.325999229383540451e-02
5.223792720999004963e-02
-2.561708928866959084e-02
5.428512434000379305e-02
2.428420733058710146e-02
-2.465781654490679237e-02
-1.831833009216739597e-02
1.395363614653771442e-02
-3.193290271530695168e-03
-5.818713764411858475e-02
7.045556537147928955e-02
2.611512149990670439e-02
6.894795085894173114e-02
1.575074712129258259e-02
7.166845447417707904e-02
-9.085949357685860206e-02
2.587871420088609653e-02
-4.379299868241393751e-02
-3.755444303160750119e-02
-7.121310104324701795e-02
3.756073044119348503e-02
-9.427559872844724909e-02
4.842246266834610707e-02
-6.547215122564487011e-02
3.489801589337039600e-02
-7.493770563032162157e-02
-1.791425420946470004e-02
-5.803559182476310252e-02
-8.495831041478343892e-03
-2.587507620961931876e-02
-6.268698763530106133e-02
-2.451821597875352213e-02
3.659741189069788680e-02
-8.146324264570184437e-02
-5.670832016967649464e-02
-3.983434110311738496e-02
-8.737101193149604539e-03
-9.531034362730494980e-02
-9.748161784830634488e-03
4.657910832185609140e-02
-7.376905299716464762e-03
1.168533864142820011e-01
-1.354982383629985132e-01
-5.660012141476887526e-02
8.151841425117384299e-02
-4.197788398017603118e-02
-7.776264453431887269e-02
3.270073416360939900e-02
-3.942264961065090889e-02
7.394187067048368922e-02
-5.031548404368033078e-02
-6.472960357839442624e-02
-4.446839855737028807e-02
1.306622653188368489e-02
6.487406542777307550e-02
-6.396365548509869159e-02
-8.106461585503037248e-02
-8.243171332097878889e-02
-3.501155061777563859e-02
-7.640729539294839612e-02
4.719259906938289700e-02
1.328279163624662175e-02
-5.905333705404459260e-02
-8.779422342260545520e-02
-7.245486192999917030e-05
4.855011523920486211e-02
3.497900513651730492e-03
9.641836562879360639e-02
-4.975866867955785339e-02
-2.692103263668536167e-02
-2.815887268716886493e-02
-1.021448726329017287e-01
1.956443216045361186e-02
-3.859320407574860778e-02
-6.707588049860803425e-02
7.717580024416530182e-02
7.730589454441640085e-02
4.929866734897248026e-02
-1.511666844727378722e-02
8.304938796917560317e-02
4.474603908106119382e-02
3.764423300330089345e-02
3.233054016842566020e-02
1.014341082341174566e-01
-3.338989752234153979e-02
-1.551399725219963256e-02
-1.061828613087296425e-01
-9.256329355490161559e-02
1.058574807309392157e-01
2.769430039513787190e-02
-2.360755076266162281e-02
-1.050042490255882754e-01
6.666812127531181187e-02
-7.125719443977124312e-02
1.681490759482671959e-02
-1.093920905011066258e-01
-5.476542751705982398e-02
6.597845188381346038e-02
1.345626908021408177e-02
6.439454752058031139e-02
2.300137395565518550e-03
-7.668212698285180318e-02
-9.632397188841861427e-03
5.700721285416972262e-02
-5.090648421700816328e-03
3.146590890277770058e-02
-1.487674609711699125e-03
4.383656367835568612e-02
2.884060478713605311e-02
-7.114788425729628996e-02
-1.964914024759593925e-02
1.137780362658884908e-02
9.103170770586452992e-03
5.622652034662629222e-02
3.965805447574841103e-02
4.289250868332688399e-03
1.832786450363590655e-02
-7.489313711927993167e-02
-5.286161116970235219e-02
-4.574774288086663754e-02
-1.941927813800675695e-04
6.218029237537855275e-02
6.987362532392790704e-02
-3.240878244917873297e-02
2.081361233880313702e-02
3.756144743783570994e-02
4.195346669046366023e-03
-7.336929982766604574e-02
5.657202539161376720e-02
2.162663285850866327e-02
-3.618227924605359885e-02
-1.827484918847684450e-03
6.514200499067840378e-02
3.726815306706432462e-03
-7.333681498123946485e-02
2.412825846355395182e-02
-1.055628658158066363e-02
-7.779908299618909506e-02
4.246789618359629592e-02
-2.408501618249510659e-02
-4.202423619157828749e-02
-1.734665260428473049e-02
6.036512246216968469e-02
-3.242547863243243345e-02
9.367106043462458675e-02
-2.823490195784894921e-02
-7.962321029199553868e-02
-6.838992791550538297e-02
-1.899897867537946039e-02
-7.800092000587990904e-02
5.458446762131369256e-02
5.018454713437405651e-02
2.425203460935335814e-05
-9.194415169056169290e-02
-5.291449053963611510e-03
-5.041838461903256491e-02
2.081400982696095248e-03
8.494013810451822577e-02
2.019409095589710934e-02
7.035659784102874306e-04
-2.273003660001480380e-02
3.626263723614489565e-02
-4.538798351310873586e-02
-7.144613734966556717e-02
-8.743941556458229014e-02
4.007607836974899640e-02
2.502459105872493345e-03
-5.755100791408479521e-02
-8.149355286568160661e-02
-4.762083489829984154e-03
-6.089008228666397543e-02
-4.765722460536338939e-02
-3.314831356668237333e-02
-5.440134999329503118e-02
1.216305598660868265e-02
-2.855239179858638093e-02
-7.665501319859392704e-02
-1.343150268510510253e-02
2.414044264511753385e-02
4.318176124745243261e-02
-6.908162048931870691e-02
8.696688161496266001e-02
3.291361396305610143e-02
-2.593735799525099389e-02
-3.396968668842362260e-02
2.819764146193801807e-02
6.284213667567432882e-02
6.171933487921096168e-02
3.484716198494078321e-02
-8.586018301433409605e-02
2.517112492388020109e-02
1.357820409433336227e-02
4.355993029955544660e-02
2.232254035129142139e-02
-9.474363949840098470e-03
1.927132939032583786e-02
1.850040314574979625e-02
-1.854742824294167147e-02
-6.723454350011302816e-02
-2.306932639088585604e-02
-8.716982687331141511e-03
5.320319997907409226e-02
-1.248300526316763054e-01
2.523706806417942011e-02
-4.780469883444254942e-02
2.083632137918733224e-02
-2.984047561618483058e-02
4.770907924215524176e-02
-1.110040586422949421e-02
-3.777765477401449218e-02
-7.206280678892677816e-02
3.893477083027589714e-02
-8.798764113344796634e-02
3.963654887000163385e-02
2.308015017835242377e-02
-9.196608829014951692e-02
1.467020823377794200e-02
-8.095044370375983900e-02
3.049875047122264926e-03
-5.856677233711450603e-02
-2.241986101564299311e-02
1.947384049719047550e-02
-2.897076522399906484e-02
-3.889303525187062793e-02
6.405735874366183524e-02
-4.529837043176551670e-02
-2.361523719534684360e-02
6.334532707020017195e-02
-6.924171049527146071e-03
-4.602002244368142564e-02
-4.550522758747452268e-02
6.928585013995379460e-02
6.258547267081439325e-02
-1.194278340589999682e-01
-2.028260663380265783e-02
-7.008795396385129883e-02
-1.455139963575481470e-02
4.561376129663601703e-02
4.707104517286189727e-02
-8.064620572424417710e-02
-5.479014127672382495e-02
7.604207364404420855e-02
-2.377760057786690653e-02
-8.700089765593797819e-03
-7.523561184988492023e-02
-4.613569749950484356e-02
-7.755229458653686847e-02
-1.073508257253937004e-01
-2.251810943143491353e-02
9.694678768360724674e-02
-2.047256311871386257e-03
-1.544666995894025674e-02
3.845558025920493839e-03
-2.489505596303509538e-02
-4.415518665373554391e-02
5.553561096101305300e-02
-5.098448822485519838e-02
5.224659404116458600e-03
-4.190227172200748640e-02
-7.097703178787205525e-02
-2.256967938949634017e-02
-2.384420221189036126e-02
-4.406718688602662137e-02
-6.792870201615745784e-02
-4.817321222120236890e-02
-3.903873710911916900e-02
-3.107339869705486035e-02
1.935002319587595873e-02
-6.491031814078784823e-02
1.948913231337069674e-02
-7.942172113213760709e-02
-8.521303736351359959e-02
1.996795185625114752e-02
4.995734384099346018e-03
-4.104389184349101910e-02
-5.484962355378875110e-02
-8.872618008654756250e-02
-3.311262401995717503e-02
2.616435886181801840e-03
-8.257433908230171760e-02
3.014477337023265327e-02
-2.798599986376390167e-02
6.102536869282892962e-02
2.211414766388804243e-02
-1.681775794910362297e-03
-7.924507136973465982e-02
2.819797241073468061e-02
8.383406149388149264e-02
3.042813907785749811e-02
6.283052302049162152e-02
6.629705584735517965e-02
6.769705262292385894e-02
4.698552456913736297e-02
4.935114850747950033e-02
6.794568986919297116e-02
7.472231968916973055e-02
-9.385213222531784555e-03
8.751822154226004957e-02
-1.924557531779116232e-02
-8.869316411676966827e-02
9.663990134101824170e-05
-5.533361287906127940e-02
3.316890858689171273e-02
2.028131664495767816e-02
4.841569098107079139e-02
2.431344612788564202e-02
-5.012456070152833398e-02
-4.581101459959165123e-02
-1.250094879425010796e-02
-3.344093037445557831e-02
2.455916067625925348e-02
4.899333406170305882e-02
-4.641784053006262067e-02
1.847375295046140703e-02
-2.437503062253247588e-02
-9.949234820042909822e-02
4.375750497137158301e-02
-2.670502501726772226e-02
4.141448513787635011e-02
-1.212553471737462529e-01
-9.297317592199627612e-02
4.158816537403145497e-02
-1.278344331033693521e-02
5.726131924670575107e-02
-3.554006864740459626e-02
5.652060723276688958e-03
8.138884284505293332e-02
-1.048118110734958669e-01
1.618860569483211720e-02
7.845417806701286689e-02
1.448586759210885450e-02
-6.194908595441979415e-03
3.168976188589638088e-02
-3.821437638365550449e-02
5.088271113826592362e-02
-2.009472201170426145e-02
-6.893372228372587895e-02
-2.328800749706270989e-02
1.962372779029285946e-02
-5.479911539825810252e-02
-9.066415302215286021e-02
-5.000056539314498560e-02
-1.698025163840285665e-02
4.463073267755801599e-02
-5.217944900866033214e-02
2.850011011267148189e-02
-1.233886863065666306e-01
-6.640754632025841486e-02
-8.600829816878728662e-02
-5.326367171828169655e-02
-7.759335330041358669e-02
-1.075179763430944568e-01
-6.032551651940648574e-02
8.431739369054370992e-03
2.536491124316521406e-02
-6.167146441995713380e-02
-2.368785499078420245e-02
5.871139027743831063e-02
-3.959406117816691162e-02
-1.273824488722267653e-02
2.447928134994949503e-03
5.416484425445314971e-02
2.270152411779365054e-02
-3.376152546698600598e-02
-2.703109888034463393e-02
-9.689557019723189779e-02
1.729926635933715096e-04
-1.949519170507562488e-02
-5.977274983114965606e-02
1.062740864648162031e-01
-8.110984074524101028e-02
3.885710751331240831e-03
-4.452549867076605744e-02
2.423565425523981076e-02
7.569594222951681051e-02
-3.967472636952081022e-02
-4.410453854994413753e-03
1.096556208402696062e-02
-3.041435781995097815e-02
-5.760633781812176009e-03
9.994568052549987480e-03
-3.865253601866015104e-02
-9.868333507198692733e-04
-6.433131430610246337e-02
-2.890455349520176451e-02
-7.826174918803042307e-03
-7.718247349820687997e-02
4.849536115203133269e-04
-4.099597280800074128e-02
-4.389387821162389625e-03
-6.085223321438225363e-02
1.884682378144766912e-02
-2.432454122497721902e-02
3.798700697721512504e-02
-3.805223793168032581e-02
-2.484344738914729886e-02
2.942027417889342411e-02
-6.802088344958398536e-02
2.904725417235124243e-02
-1.284340089398365026e-01
-9.579765868342667023e-02
-3.150969464010454357e-02
6.129839612073317845e-02
-8.237116481718898334e-03
-6.568882015259396023e-02
-8.895882237570557766e-03
-5.577080730805785563e-04
-8.918917997999802061e-02
-5.572435651331008807e-03
7.689583869322200171e-02
-1.286854106736720627e-03
1.070802343547649568e-02
4.155836955463320520e-02
5.588825080689507202e-02
-1.250509178310891256e-01
2.198730806321684550e-02
-1.597605382025242202e-02
-6.774792147477644300e-02
8.386396850118127411e-02
-6.737996112668216686e-02
-4.088109993886897275e-02
-5.676648494062187800e-02
-7.303579488070748027e-03
6.608446743359464026e-02
-5.192426092194252218e-03
-4.605322414605381165e-02
4.458307364869217027e-02
-3.272021188359335725e-02
-2.573294945771678957e-02
-7.821565660110377238e-02
1.917804351773226210e-02
-5.744044131666124070e-02
-1.049244107620278255e-01
-6.128217886476468659e-03
6.306761523001176706e-02
-7.193466338669839144e-02
-7.017202693092508548e-02
-5.180309244231846855e-02
5.742619915481053661e-02
3.447306544283160884e-03
-9.516124488833559159e-02
-6.919046010218583842e-02
-6.515033836260411548e-02
-8.850228176174194938e-03
9.014873296747313858e-02
4.433249293395604557e-02
3.489437542994892893e-02
-5.751688192052778481e-02
-4.576766470950942300e-02
3.781943512221336290e-02
5.510845597578391264e-02
-7.120356960898260867e-02
-7.583605935494901196e-02
5.669692821237330357e-03
-8.914332556510237704e-02
7.530770745567117591e-03
-1.904706661181300095e-02
5.347446752327171537e-04
-2.033826540259600635e-02
4.828747305617862862e-02
-1.289485573647083938e-02
6.299021419731631877e-02
2.556800723945170870e-02
-5.336251268924101232e-02
-8.065973658384492651e-02
1.907359131040737080e-02
5.420846840291398266e-02
-2.288102717106461556e-02
-1.417318361229425935e-02
-1.292589871281869807e-01
-9.632003171980287048e-02
4.560038897978845734e-02
3.740354257112141201e-02
5.171296537757900241e-02
-7.726397078212411673e-03
5.796108393174908766e-03
3.983902134527902809e-03
5.434638507964044407e-02
-2.625331762503810631e-02
-7.820423366070012802e-03
4.964770824861383658e-02
1.911421324992480103e-02
-7.094451519696827468e-02
-9.060028690206509139e-02
-5.386490633185401361e-02
6.954445188268797151e-02
3.193769838479235124e-02
-7.168981653255877828e-02
-2.824031764670310862e-02
4.117447845156566727e-02
2.900213408386499714e-02
6.010604757508455215e-02
8.064571603324313664e-02
-2.693911834077593673e-02
9.432849332033109435e-03
-1.323450725382815385e-01
6.600093964045852801e-02
-1.271333491866372123e-02
1.949528691279692194e-02
1.435986761942445109e-02
-3.736924252079130288e-02
-7.483046292488829132e-02
6.733359493285637210e-02
5.078262586866166828e-02
-4.373857620903727483e-02
1.348825291761400827e-02
-3.567187481505263574e-02
-3.031483480960792815e-02
3.349026036929075856e-02
3.253964130807335958e-02
-5.003606704749669065e-03
1.782619044468785902e-04
1.030371996840656612e-02
-8.737291930269307227e-02
7.015834048441810245e-02
6.929745005295233351e-02
7.168561539025020135e-02
-1.171187099544636692e-02
1.194367806548695538e-02
1.124040530942566063e-02
-3.063576470604567614e-03
6.883535748980829094e-02
-3.813705868451230940e-02
5.921192250552966690e-02
-5.654459573759870045e-02
-2.349446914397827074e-02
7.102646009565355412e-02
5.526282436323438907e-02
-5.340024194018531262e-02
-3.923563713948092363e-02
1.986188546877963937e-02
-3.266855517936704395e-02
1.131460896515896000e-02
-7.215144468218152862e-02
8.888437134857476996e-02
-2.324515687465749519e-02
-1.019792853717377094e-02
-6.185471469093862390e-03
4.222426699696856661e-02
-8.115191681180908279e-02
-2.009507807297569726e-04
2.375323580974011972e-02
-5.169018731740245703e-03
3.187451561670324313e-02
-3.490247072662393951e-02
-1.022774227204624464e-02
1.241964366412024248e-02
-2.171713267918611023e-02
3.356883336730916850e-02
-3.065264268220663918e-02
-4.939491775145085639e-02
6.654032335430458411e-02
-7.482000662663063073e-02
1.648397649466289486e-02
-2.425834698065499825e-02
8.157715113784569372e-02
9.742300437653408918e-02
-1.535073391804224127e-02
-3.211658993319795041e-02
-2.531580709841411980e-02
5.806345035863826748e-03
-1.247240839883958195e-02
-4.962882912207554342e-02
-2.511829729024223079e-02
1.236392509200094636e-02
-7.606616673328367439e-02
-5.519885294605569176e-02
6.801696142072626017e-02
-3.160001735040119525e-02
1.281662990283457572e-02
-7.091602677097751106e-02
-4.973663424466563676e-02
7.221247361763433181e-02
7.742193561177035388e-02
-9.779622722544951963e-02
-1.003238022192823875e-01
-6.927389667641616414e-03
4.072846770236712710e-02
4.811846586486138305e-02
-1.591669789996515844e-02
-4.327802357346467732e-02
-7.054906740541673493e-02
-1.561227885627636258e-01
6.862991380648976458e-03
-2.424688843340729386e-02
-4.137858211268753000e-02
-4.582616529301538483e-02
-4.929919931033586306e-02
-1.341219416509797369e-01
1.465635002685127582e-04
2.853122990245952201e-02
-6.200523907913457755e-02
-4.815213395696774090e-02
-2.828239744413912557e-02
-7.524974719542529278e-02
-1.059387546619426079e-01
-8.734639399886889866e-02
-3.958241412529110020e-02
3.381668321946590394e-02
2.530427155792494553e-02
-5.522905475660137842e-03
-7.886623489528467312e-02
3.149864944546829082e-02
4.516018173711107420e-02
4.693292045678386371e-02
1.069937601442926683e-03
2.977995989509104810e-02
-5.634040309231463928e-02
-1.907623462945593623e-02
-9.231324904601571901e-02
-4.447282013619366370e-03
2.292742743095869257e-02
-3.555484377256796363e-02
3.861947146236013872e-03
-2.793829392569565848e-02
-4.661660290729887496e-02
2.675908186056781546e-02
-9.868594440431407988e-03
7.970836100689854264e-02
-1.753076087388542176e-02
-5.541540903249562305e-02
-5.633281828078656045e-02
4.813883564237099455e-02
-5.238175966211353757e-02
-7.810976901804246586e-02
1.190001098846291683e-01
-1.710714969872396962e-02
-1.374841897265375312e-01
-7.216901913814598168e-04
-3.562849670045407924e-02
-8.689401198279661509e-02
-6.463764704379358628e-02
-7.512004881219229435e-02
-5.311378031359201973e-02
-8.811435002186060461e-02
-2.698945831504736756e-02
6.459713196685813730e-02
-5.661609097753908526e-02
-2.476125990887823210e-03
-8.897418690244170147e-02
-2.686344692871628359e-03
8.122322698150756526e-02
-7.719598444094225020e-02
2.104011662119569664e-02
-6.991934924599266243e-02
4.557522648928097331e-02
-8.121951967260027105e-02
-1.596444773134480036e-02
-1.060270503276804083e-01
5.096282772310134490e-02
-3.623568129423750117e-02
-1.142747837903777264e-01
-6.380370622142023107e-02
-3.009598296418699095e-02
8.911062406781178336e-02
4.246101578602847620e-02
1.018286054814892955e-01
3.872732171366815440e-02
-5.617439545808373957e-02
3.184091979673793482e-03
-1.149002576198382697e-01
-1.789484202721349296e-02
3.304932908924995694e-02
-2.341678925430763954e-03
5.076912023091934012e-02
-3.629551205083629550e-02
1.218762255113653784e-02
-4.873599004769949700e-02
3.159236592190622223e-02
2.266970049859840658e-02
1.690414811366022785e-02
7.477533131688425538e-02
-3.503474877341457294e-02
-7.289577602189928340e-03
4.152470135438125071e-02
-8.523991454730463213e-02
-1.104939413038909524e-01
-7.078588602932070484e-02
2.210389282510030057e-02
-2.157054779202426109e-02
2.528386931340223867e-02
-8.723367758303304798e-03
8.366444290096972103e-02
3.894414061598862331e-02
-5.600411883014546482e-02
-6.514357289600378187e-02
-6.212226587532819477e-02
2.970510432378652144e-02
-5.040849178652535845e-02
3.672012202938518960e-03
-9.694741482567324764e-02
-2.299950742766066966e-02
6.540630552901031958e-02
-9.265031790870617567e-02
6.839977504317365509e-02
3.321139359436320326e-02
2.362012854570991194e-02
-4.608655883305053796e-02
3.750494630614430863e-02
-6.042661097042975604e-02
6.525877058486911908e-02
-3.279304408987402525e-02
2.582289815802303948e-02
-2.801506383712821374e-02
-4.193911424380224184e-02
-6.659150992213253017e-02
-5.775617594506352037e-02
-1.000274709073443492e-02
-5.014702591303762252e-03
-1.001612360348071162e-02
4.248733365253572203e-02
6.655414201094125848e-02
8.450170543635274201e-02
4.978017988727315157e-02
4.728337211882215063e-02
9.022205923936321703e-03
3.009562278728026424e-02
-2.037087187991121900e-02
-9.402997218738548546e-02
-3.457128547154943166e-02
5.615669399723409450e-02
-8.679345465874425958e-02
2.616101915128385413e-02
4.042201937517569260e-02
5.322561995076907637e-02
-7.462464523733458588e-02
-3.855062910618813066e-02
1.938558376873625311e-02
-8.895225914566889935e-02
-1.055779631160741194e-01
1.362933350143638936e-02
-7.381183690445712597e-02
5.231810131651812648e-03
-6.097855849581116511e-03
-5.954999933085018682e-02
-2.211764232890352927e-02
-5.616922701871368551e-02
-8.116192191978235937e-02
-6.802819332116397111e-02
-5.705037871214264922e-02
-6.644539545072236653e-02
-1.540709515618704159e-02
4.170491452367827701e-02
-2.190289157678965148e-02
-6.210106352042529115e-02
4.168563555306060986e-02
-5.243568275485549490e-02
2.245657425705990806e-02
3.696217416324811336e-03
-6.234999860770960856e-02
-1.257864570842193511e-02
-9.221762399849492420e-02
-4.199048420779250002e-02
-6.807311143554993504e-02
1.358922898631945153e-02
4.705101212263611277e-02
1.078278091374943251e-02
8.982721302638543848e-02
1.499447528265217613e-02
3.417777613908862255e-02
-9.161259263741200476e-02
2.322541574759113409e-02
-1.444834901796664822e-02
-7.128815842944048048e-04
3.293602510619515061e-02
6.897951312197093954e-02
-9.041896451089215248e-02
-6.050656064731516764e-02
-1.124037719297775878e-01
-3.469035838110770542e-02
2.760755514150958073e-03
8.317361215978211209e-02
-4.222340984905540578e-02
-5.678019252439226588e-02
-1.060985626488479827e-01
6.304464922861428844e-03
4.618234012409968420e-02
-1.667153899886410912e-02
2.951035257631579381e-02
4.882593724783326067e-02
2.493406262564897002e-02
2.280208960240129659e-02
3.041869818403047931e-02
1.314168095722861862e-02
6.478134678010621927e-02
6.937225999771229334e-03
3.302324034598760893e-02
-8.232589452074842717e-02
-7.468403025333757855e-03
-9.296974680633256216e-02
6.638920486007893196e-04
-9.701253742171092598e-02
1.308526906227712623e-02
6.923928693004623158e-02
-2.313662887261781070e-02
3.996445995143051849e-02
8.752038820651963230e-03
1.074702489022179124e-02
-6.814218092724949605e-03
-5.541857389084727664e-02
-1.232582579711327155e-02
-7.046510753209930811e-02
-2.581565708475902152e-02
4.766446956462189882e-02
2.246078801203596834e-02
9.159321218649815050e-03
-3.874389144002043234e-02
5.553298237305143159e-02
2.396686658622626531e-02
5.005467013431402767e-02
1.278875808663544264e-02
5.968445110349172161e-02
-1.191040600043175718e-02
-5.580306132552258214e-02
-5.850159183970624066e-02
5.442238261195704585e-02
-4.020834179367040184e-02
6.391028906975748658e-02
-6.957574038046050735e-02
7.910580243734119388e-02
-1.180337224992745460e-01
-3.797387571127739531e-02
-4.891543490226053087e-02
3.760709262691190602e-02
4.632241508059195545e-02
-1.622473164495691345e-02
1.718935373069274339e-02
-1.679290992158029641e-02
-1.047348282798290509e-01
3.203365711747909600e-02
-7.957562772690598973e-02
6.468180523487049305e-02
-9.763228095445791732e-02
7.246437110885872723e-02
-2.059869308459236908e-02
-3.522952669721927943e-02
1.926731951021647127e-02
2.502520073455986524e-02
-4.188657217123643167e-02
6.020309956887776731e-02
4.891556536871674576e-02
-1.698757060037451791e-02
4.950579778068237707e-02
-5.570662005805034067e-02
-8.178253693961190507e-02
1.940249961911919008e-02
2.871963586844387961e-02
5.648321356573473423e-02
-3.404349191597477037e-02
-9.902416999565516117e-03
4.438500215942515342e-02
-1.053294364830737080e-02
1.000133364357626148e-01
-2.582192671905677011e-03
5.259279236783830080e-02
-1.490255771148125095e-02
2.202518313683145962e-02
-2.298689591734474555e-02
6.101360566158647164e-02
8.791432732073277065e-03
-4.072383643831065103e-02
6.416753856296344982e-02
-7.539355701529405762e-02
-1.075290161707646158e-01
-1.988274996325691685e-02
5.787321603260923292e-02
-7.711195609698409670e-02
4.451896932670339896e-02
7.272367922428382703e-02
4.031385704541497889e-02
-4.781811637208820132e-02
-2.224479416413921787e-02
-4.346860144857589425e-02
-6.353770436200542604e-02
-1.460298582052018887e-02
-6.501538008292527537e-02
-4.342626844240082828e-02
-2.995562318472981544e-02
5.309858127222817636e-02
1.718729830039062920e-02
1.770117131244370104e-02
4.942712162832945538e-02
3.496351194355478559e-02
-5.508285371997442142e-02
-1.102094108245091700e-02
-7.850806451379338524e-02
-1.039086173709286298e-01
-8.623579150062718468e-02
-6.961021104740856835e-02
1.006456017117776797e-01
-3.694336826529936307e-02
5.856035652501957733e-03
-8.114700491397133786e-03
-2.875349455676094040e-02
-5.192768999958017467e-02
-6.743121616694913723e-02
4.595878056508838350e-02
1.929482186822754561e-02
-6.243604773537097391e-02
-7.485221707363161336e-03
-5.784612213271526221e-02
2.365116368839102409e-02
-1.136625971774779531e-02
-9.523918421359602732e-04
6.803948664874845398e-02
4.841836425353986811e-02
7.119520059299402903e-02
-3.342258964887466488e-02
-3.818610582577443291e-02
-1.221671463480909631e-01
2.786895729008449091e-02
3.933880826349713672e-02
1.979014074384433108e-02
2.488416917337316764e-02
-2.261875546861143865e-02
-9.630287820584781944e-05
-5.005594245736884329e-02
-5.336534253441833214e-02
-1.866596015545642084e-02
6.300500899267713617e-02
3.362718590828273069e-02
-1.051573613456248252e-01
4.149880773646026644e-02
4.479884043204321320e-02
6.840494409655942243e-02
-3.586074607319265917e-02
-5.572680848863700853e-02
3.971002963768208160e-02
7.363589971096033693e-03
1.146295968328811012e-02
-5.126521788038856248e-02
3.963083267645020613e-02
-7.328634870219807862e-02
-5.138193542566329292e-02
4.062999141064982389e-02
2.831767307140575438e-02
-1.160242147927577003e-03
-3.071527717160540266e-02
1.923116634086543056e-02
-1.381337321029241054e-02
-5.562870999295357194e-02
-6.160155280813688072e-02
7.505225728908014593e-03
1.243080627615286010e-02
7.179683054208661763e-02
-3.979734453863674470e-02
1.115231953979516424e-02
-2.795026952929659247e-02
-6.317851062303662946e-02
9.166571411211298093e-02
-4.200986101911332107e-03
-2.440126889451477848e-02
-9.797307405975587413e-02
3.415483428806137534e-02
1.720258587684576207e-02
-1.533174103554585388e-02
1.413543340601000620e-02
3.929539862395761479e-04
5.789066795423533293e-03
6.213106376546402576e-02
6.860148159479331764e-02
-1.177405323294085371e-01
-8.879825471836418072e-02
-6.483526106244237586e-02
-9.466386598934208030e-02
-5.225453288932440515e-02
-5.924357242897958925e-02
-6.539015527913588643e-02
-9.659631247082871297e-02
4.544642323985270682e-02
-4.286112709471790599e-02
4.041764983263196331e-03
-1.192933118675319065e-01
-4.855433646477382015e-02
-6.196092420259456668e-02
-6.864538761898676678e-02
2.066292601301267240e-02
-9.553550584135339641e-02
-1.059492027614830773e-01
1.431946800575831236e-02
4.363934332500714330e-05
-1.192744267671938529e-01
-4.932594851647795903e-02
-1.063992947271051315e-01
-3.003659617522124251e-02
-5.607941343119391547e-02
-3.486209426252579596e-02
-2.459372206655948551e-02
5.357431018101366238e-02
-3.273122700197365204e-02
-1.051892559091367196e-01
-4.966540415590021268e-02
5.747446541328252861e-03
-2.338062580700515924e-02
-1.003414198337677227e-01
-2.774828622727765204e-03
4.170791934970765474e-02
-9.797432348408041669e-02
8.468233097077797547e-03
7.223397745147779742e-03
-7.325797437964948200e-02
5.719939805460845517e-02
-5.312036484241564743e-02
-2.495916333162807171e-02
-4.813253294051335340e-02
-8.390680449405163444e-02
5.529706685018119169e-03
-6.616955576337185674e-02
-9.954950755284121267e-02
-3.650788842714264293e-02
1.909992056780726935e-02
4.614962263420709088e-02
7.083778431023195210e-02
-6.928736721376695801e-03
1.930913977820768526e-02
3.696364109065467668e-02
4.504850883142826057e-02
9.319221369173541492e-03
-4.620666198933869040e-02
6.254253329349154789e-02
-4.143328189093160863e-02
2.703170894369959221e-02
-6.030098576525221021e-02
2.683409738187919266e-02
3.190689548308812268e-02
2.168511597301901739e-02
7.953560276091861669e-02
6.567435798405511782e-02
-4.704566321256236500e-02
-7.778977510733248169e-02
9.467944404298758720e-02
4.878017283593071712e-02
-8.972736302873202119e-02
-3.672498898255371208e-02
5.637892269268698908e-02
-5.120933773504036252e-02
8.019790892781825109e-02
1.262617984991303011e-02
7.313939611706522792e-02
-4.202023895484648108e-02
-2.712650859246152138e-02
-5.969727078515243979e-02
8.311129002473699456e-02
4.378643774940419592e-02
8.240281019631731652e-02
-6.076105721901000484e-02
9.099463372682616014e-02
-1.286166051683016454e-01
-1.312629253149772551e-02
-3.100223899047017950e-02
1.669011849519556542e-02
4.230534983584637726e-02
-3.747450881198505224e-02
-2.411213765295831118e-02
-9.732219508999424840e-02
1.972247442756035196e-02
7.299166397254311378e-02
-5.105245379683209100e-02
-6.008072664936676618e-03
-6.805785849382917085e-02
1.636525541470135528e-02
-4.610730837433416052e-02
-9.121999747417626481e-02
-4.167442532511583114e-02
3.129524725201116020e-02
6.046672985478697415e-02
-3.357138235630232476e-02
-5.278928058457212080e-02
-3.701041484013508492e-02
-3.411770239092932686e-03
4.349557936162243982e-02
-6.882886963927212221e-02
5.676748360205284560e-02
-7.872710558939734551e-04
-1.004270271437664314e-01
-8.407238439407820063e-02
-5.636288313401370542e-02
3.780905296208403321e-02
1.811885742147252565e-02
-3.233543514972148092e-02
7.472629241830688884e-03
-5.692644747104288333e-03
-6.159496940021440270e-02
2.250952083870300102e-02
5.048795880407409148e-02
9.185734945795027973e-02
7.365429610290635809e-02
1.555144833736402457e-03
-8.383368861779472853e-04
5.177223770582230211e-02
6.132272970575547433e-02
5.820667438257045440e-02
-1.619678808323166824e-02
3.537081319645814931e-02
-3.206823713067660786e-02
-3.545355901136607035e-02
-6.829821308193291529e-02
-4.394199886732901017e-02
5.944532549271161481e-02
-3.066001616104163316e-02
-8.755634196796252544e-02
-6.294050052275693141e-02
1.414908040163622219e-02
2.219434617515323241e-02
-8.100640470352613032e-02
7.380210058952563212e-02
-9.741042143122127794e-02
-7.721260286424894148e-02
-9.644985711717213306e-02
4.820820652922027522e-02
-6.390545788796389570e-02
-1.003175553437521059e-02
-1.599910729826656969e-02
5.918461013961287542e-02
-8.750372483453894290e-02
-2.098814299196455346e-02
-3.102106168837905770e-02
-5.744367569691546938e-02
3.808417665270424912e-02
1.327475499787413721e-02
1.280478044207129101e-02
-6.672476394840756719e-02
-1.638468014312895182e-02
-1.107708734599859579e-01
4.971411535810295670e-03
1.940668842814800496e-02
2.267576107966491963e-02
-5.871727099007838929e-02
-3.268508784120822963e-02
4.415936713377206779e-02
-5.310909995730059285e-02
-1.372349962681407602e-03
-6.861650076961531286e-02
-9.291623039653187921e-02
-3.696145264542886888e-02
9.017860644283223759e-02
4.938444629063881014e-02
-8.035325374861486403e-02
-3.692414296243576310e-02
-8.954671259393384708e-02
-1.552203124341078495e-02
-2.809168832281990283e-02
-7.762149382712374424e-02
-2.195245914897079806e-02
2.190322107912701100e-03
5.764938278108452940e-02
-7.587704974352452170e-02
3.169922599506132255e-02
-7.696333672478419818e-02
7.324777437250433454e-02
-4.937174729081305474e-02
-9.027905611729958313e-02
3.385858760327684069e-02
3.450917160661332028e-02
1.516892718857434236e-02
4.629809395458253651e-02
6.913448648460243651e-02
6.628369370305649266e-02
-4.299525187164563583e-03
-5.684173534458014654e-02
-3.070946331976241728e-02
8.631640665497691822e-02
1.323476398705976734e-02
4.287609987646363863e-02
1.343071483604309571e-02
-1.276068898854538780e-01
-2.459446802672485971e-02
7.158309337821218421e-02
-4.847233312793813864e-02
-3.206894278050281821e-02
-7.253185073686846396e-02
2.389719418829409220e-02
7.074878228806465164e-02
3.919979803022328319e-02
1.433479348016084010e-02
-9.797747498403797106e-02
-6.290226761666761757e-02
-3.679556168185977444e-02
-5.456064616527841332e-02
2.801837366978153845e-02
-9.605948574781061899e-02
2.105272385362204346e-02
1.223283412743924603e-01
2.888514765030000125e-02
-9.427237473564610559e-02
6.323162833419335507e-03
-7.244941571646196232e-02
-2.219696404847350951e-02
8.845371910513433189e-02
-3.823060735017981895e-03
2.407059138614724147e-02
1.115690197633058822e-01
-4.837247247032283766e-03
-2.914935253685753402e-03
-1.319298820175525064e-02
1.090569499479214846e-02
-2.511476665183842022e-02
1.634052150693509481e-02
-4.799657612434241744e-02
-2.955301877465999622e-03
-2.531390936439655362e-02
-2.284856960620121683e-03
2.416842572105230846e-02
4.591060488624842950e-05
4.252742039893195325e-02
6.056077839937691609e-02
-6.724332022695589384e-02
-7.007416767094203081e-02
-4.768045798120797846e-02
9.791757455468313998e-02
-2.081941453654831062e-02
4.265258126748110862e-02
-4.240654499318354670e-02
4.014740878296431392e-02
-9.363378922867690579e-03
-9.604754272710105956e-02
-3.286486275875824536e-02
1.470316937597588025e-01
-7.521909695770837012e-02
-5.039427622525477490e-02
1.066944355698596775e-01
-7.145069857313453288e-03
4.561355132710718380e-02
5.340722935484550071e-02
-7.233898127400666123e-02
-2.679588159277358425e-02
-5.489152355682634654e-02
-3.345041357744717170e-02
7.348337910465471690e-02
-3.913005435025870837e-02
2.852404966958030016e-02
-7.149019636152022239e-02
-5.954628640051207178e-02
9.866241388263542744e-02
8.607357299640471665e-03
6.171382966429905109e-02
3.391882827539581535e-02
1.628042599457249495e-02
-4.332474533597183847e-02
8.636472622113387787e-03
1.870880414888102111e-02
-4.313184324436893091e-02
5.000339223095117379e-03
7.936265904148789851e-02
3.154337120985541143e-02
3.401202930976332528e-02
-4.392169584297465901e-03
-6.537747244023042748e-02
6.065205335445632284e-02
-6.397968163356526627e-02
-2.420578060260701603e-02
2.408603200456135157e-02
-4.086551846326103021e-02
-4.884642350578517755e-02
-8.002121749191824784e-02
-9.428430519953628908e-02
4.599319096388265748e-02
-1.067924934724363492e-02
-1.164276936412746329e-02
-7.553159409523618750e-02
-1.041455713965135921e-01
-4.678875813184502075e-02
-6.276022673546596126e-03
6.822495035703293742e-02
4.222272418430063345e-02
7.886869233365322029e-02
-8.901711026822947681e-02
-1.075722928315066690e-01
2.581345053797670652e-02
-5.317009756927088687e-02
1.584595278334413951e-02
6.952319690987367184e-02
-1.968129207020297144e-02
-5.096247018071826951e-02
5.281432496049681680e-02
-3.111745127579615758e-02
-3.974621713995291072e-02
2.908475073180596948e-02
-9.219771772782767161e-02
-1.193668857454424637e-02
4.356610236522154983e-02
-7.635137780081720227e-02
-4.655914643417750909e-02
-1.215618529093827685e-02
3.262582266009671911e-02
-9.734351132375898552e-02
6.042078117165661927e-02
-1.300575271157293489e-01
-1.210912516669524971e-02
-6.347379310313441825e-02
-1.096479298042787182e-01
4.208724062484130168e-02
-7.763654280690558684e-02
-2.866576497511062749e-03
-3.541470677887878504e-02
5.297437586206161370e-02
-3.443994105540094941e-02
-3.973968478294585827e-02
-9.305299768580702069e-03
5.673897757041989655e-03
-4.915614205980609053e-02
7.166625872401291564e-02
-1.028785367533766038e-01
-1.296309928854929433e-04
-9.637807015567789737e-02
-7.192310766121284837e-02
-2.628668738318306122e-02
-1.453637399766112212e-02
9.045106125293135915e-03
-7.140486049576261207e-02
-4.751145723318750402e-02
9.503201403949798620e-02
-2.766209014400889538e-02
-4.561229412571281283e-02
4.814190923948782896e-02
-2.223373031265171371e-02
-2.242327806785744670e-02
2.993084845085721563e-02
3.078171541958723417e-02
-2.946751998778627049e-02
4.027154655868896843e-02
9.577450898909584120e-02
1.095969313039470150e-02
2.038035126365115787e-02
-5.864885593695318144e-02
2.313766975799144004e-02
-7.827722550512544730e-02
-5.032427472149724607e-03
-9.902524526559189355e-02
9.458683177464818903e-02
8.417495523376153366e-02
-9.125559991498244372e-02
2.349826627460481834e-02
-1.211917505504678944e-02
-6.396440486485262256e-02
-8.191824367082115033e-02
6.692327545787751450e-03
4.303531943624263473e-02
-5.955515606829830944e-02
-2.310367991798813539e-02
-5.772512529674925924e-03
-1.138627408089655166e-02
1.091644058766773340e-02
-1.439317699288831381e-02
-1.170107760922726725e-01
2.563481746105359532e-02
-8.302124010722899267e-03
-1.083304616768604456e-01
-7.388856464486566467e-02
-8.820060523564756880e-03
6.312074364478402477e-02
-8.537569843384967827e-02
9.283207145970903684e-02
4.906460337275704575e-02
6.531541969163986994e-03
-5.012163537797825752e-02
2.760750387165821287e-02
-4.003156767508291025e-02
2.633457477340636968e-02
4.605567651245516536e-02
-2.273454283606552231e-02
-5.498389822694247503e-02
4.028768325776554970e-02
5.241112394300674604e-02
6.781182352251009793e-02
-2.072620595355185655e-02
-7.731644098945639199e-02
-9.784513338342102490e-03
2.513167694891011578e-02
-5.235988432459981468e-02
-9.291868013177113916e-02
-6.121114991402695077e-02
6.411754099265226658e-02
5.552548631436433207e-02
2.811575511062026217e-02
6.700528070243380596e-02
-8.822727583119592543e-02
6.413306650629552186e-02
-4.446440530183820572e-02
-6.937043883086924101e-02
-1.915731439202272152e-02
2.268650454533053043e-02
-2.600515105494340465e-02
2.395959042257471416e-03
-2.793154079464854264e-02
-6.105174302517112073e-02
-2.566348909906804657e-02
-1.187339279040656032e-01
-8.944456707917304572e-02
4.545859874177057142e-02
2.201818744425708407e-02
-2.289035927557537750e-02
-3.405361900194035091e-02
5.771337333342741599e-02
-7.168710745689020961e-03
-3.650562032662875434e-02
-1.881866502446295428e-02
2.375264751118379147e-02
-4.452329239550149864e-02
-1.314638889605450889e-01
4.304809797527331394e-02
4.700494926186422895e-02
-7.016256634599593589e-02
-7.634377892420758649e-02
-3.178239302389118670e-02
-2.721275690343702425e-02
8.368793368027031832e-02
-7.911496791000648121e-02
-3.404566029575678554e-02
-1.556744424694968092e-02
-7.587614089952010588e-02
-2.230698207217576834e-02
-1.010983361445940039e-02
-1.224473115596370551e-02
-6.891825202456688948e-02
3.371808282958826952e-04
-4.897370360146430235e-02
2.609422467315671706e-02
3.703401681775460308e-02
-8.296027397140476323e-02
-1.512181533392047139e-03
5.606282431697666435e-02
-8.548396977037461819e-02
-4.510874058262417940e-02
-1.276438833166944689e-02
5.568358087383812327e-02
-1.642531492380454317e-02
-7.595226960293052776e-02
-2.235284432871201613e-02
-4.977378053863112245e-02
-3.148637597476455774e-02
-2.811195224312477287e-02
-1.237133635019340219e-02
-3.650263359427627363e-03
4.474570762216531494e-02
2.477210286305938508e-02
-3.500315676028053352e-02
2.612032638763033682e-02
3.160197607925432223e-03
-8.628769379441968840e-03
-9.046051620666333004e-02
-4.446844994016682651e-02
1.835986531640704938e-02
-9.932525960775676066e-02
2.065996738501420238e-02
-1.508770745264012211e-02
-4.577160169936964063e-02
6.298618302246809797e-02
-7.562561773114395702e-02
8.975255444611817540e-03
9.836777777542212581e-03
3.401472251046014361e-02
8.227399270075555493e-02
-6.452875873828252395e-02
-6.559828638719579497e-02
-8.401533728416259172e-02
4.053979230466086409e-02
-1.914436486173622110e-02
-2.818064223103346894e-03
-4.191920572826345059e-02
-7.042846270659908203e-02
8.104966389782522485e-02
1.392765833458276675e-02
-4.635710599851790292e-02
1.357621781849747966e-02
-3.881789127688550778e-02
-4.036207171871457333e-02
7.552851762335098529e-02
-4.482496295697621647e-02
2.363801093364200495e-02
-1.904415297658607065e-02
3.240987422910058396e-02
-9.059847456492312046e-03
-2.617884973830499756e-02
-2.076900618631006071e-02
1.713400755476872372e-02
-3.964459778571431670e-02
1.597698701215834877e-02
-2.413767277481662643e-02
6.883984029528134041e-02
4.461842330412758850e-02
-5.486248799630642076e-02
-6.645411097469881845e-02
-1.320356451126531230e-02
-9.146887705231071530e-02
-1.563587690920957216e-02
7.910514068954509204e-02
-7.606091264784677064e-02
7.775332180700220142e-02
2.105527351166213128e-03
1.275717098590714409e-02
4.235353172759934171e-02
-3.250078702980668810e-02
-5.803409131236197949e-02
2.360705026368540085e-02
-7.934381923276687121e-02
-7.190004106075811863e-02
-5.722246238503063409e-02
-7.367358296026003950e-02
-1.729226004978833692e-03
5.296459519814233907e-02
-7.946131227714160403e-03
5.466484940388847968e-02
4.965603436885397681e-02
-5.690979709731164293e-02
8.912815826870301716e-02
-6.255770433893724503e-02
-1.853114960582906076e-02
-7.220179802929227453e-02
-6.925993774003053050e-02
-3.126803918108767705e-02
-4.658770343614235254e-02
2.310434471380283863e-03
2.426713311910587423e-02
-6.390259850600252256e-02
2.240448271975503669e-03
-2.368561354431940325e-02
-1.229905235111671685e-02
3.024939446500842649e-02
1.047780724555873316e-01
-1.643474570494921072e-03
-5.938239147948043417e-02
6.287051883472558056e-02
-7.772346861515093408e-02
6.083110937289800541e-03
-4.332834652331410408e-02
2.758151634405397318e-02
-3.726035706963052446e-02
-3.666916039425070772e-02
-2.039457978925735340e-02
5.818883119388184449e-02
6.356068954874044552e-02
-8.576418899606375046e-02
3.844029430478315690e-02
-1.301130024873690672e-01
-8.765947147612777879e-02
-2.851548692728902643e-02
-6.405820211296725519e-02
2.350847761316959134e-02
-3.872514450215466808e-02
-2.915005552926715551e-02
2.941272514740816968e-02
-1.153680330135285342e-01
-3.034202358528487881e-02
-1.006537411287006939e-01
-7.529783011627617928e-02
-2.941769220318652192e-02
2.466486653767857931e-02
-4.937544396098850208e-03
-4.948308726856204265e-02
-3.623877025114127792e-02
2.711045496979438627e-02
-5.983614411812950007e-02
-5.599189620940350776e-02
-7.638476987260384155e-02
1.955266634628037223e-02
-6.692130988441860606e-03
-1.253769523616866111e-01
-2.048654962428655968e-02
-3.838622884131864810e-02
-2.358359973803670490e-02
-5.663008965904624270e-02
-1.440508887377497937e-02
-2.642107072279745866e-03
3.803090175627556191e-03
2.890301435230006183e-03
3.370353205580575023e-02
8.644880399347323191e-03
-3.579944360361671934e-02
-7.026245340199538392e-02
5.812882132467703591e-03
-8.771929769326863857e-02
7.428105212530772272e-02
-1.730445589676707363e-02
3.424659370033181910e-02
-7.852894051376792250e-02
-6.738043714390784533e-02
1.961386867618702436e-04
3.912625561249445660e-03
3.382135023133948232e-02
-3.602199088693730511e-02
-1.053550925637236346e-01
-7.110467276553858462e-02
-1.070943865435615150e-01
4.918191569637801047e-03
3.031847684396887788e-02
5.807311514187515900e-02
-9.071014702203605840e-02
-9.441336037669453840e-02
5.570987650894182464e-02
-3.019398920351266946e-03
2.808004988647591280e-02
7.048891637556699286e-02
-6.616586583602709903e-02
-8.910499714909200786e-02
-1.109897005169852707e-03
4.314740423947280995e-03
-8.138273405479598543e-02
7.693747734771355651e-02
3.632850732934794769e-02
-1.210525192718680670e-01
-7.799954253418212025e-02
6.490763600957213941e-02
5.006557324373920106e-04
-7.327391770234584212e-02
-3.260802664813158142e-02
7.532585451971725299e-02
-9.924258698113869182e-02
-5.981043061681146772e-02
-2.614034269115350639e-02
6.168470941236978144e-02
-5.179999410161111040e-03
3.327459408296528504e-02
-2.092582532458641884e-02
2.100452824834393023e-02
-2.630453716929116031e-02
-3.690613229232124481e-02
-1.379266256095177876e-02
6.198100724912082582e-02
-4.847184989988301274e-02
-9.690226365458923241e-02
3.968013990187480022e-02
4.738559948590467114e-02
6.779746386932893054e-02
8.409716458288465923e-02
-9.443108168242442257e-02
3.550367550491831392e-02
-1.717121503301156232e-02
-5.566114494339872293e-02
-9.349093335639324653e-03
4.918752788557637784e-02
5.781413291078062872e-02
7.976046084474869291e-02
-5.781753358737583282e-02
5.262510224028347366e-02
2.449968969186500090e-02
2.834099843774956842e-02
-3.148801763795763820e-02
-8.075977991975090420e-02
-1.310878495954613358e-02
8.464909238091354593e-02
-6.639616851647048290e-02
-1.992401807338969877e-02
-6.089708623316048008e-02
9.411587464828165273e-02
1.022481107584082560e-01
-2.197098395089382844e-02
-6.090749026934651200e-02
-4.518139551846270946e-03
1.254085373425566086e-01
4.922052618643778243e-02
-7.051633483076981401e-02
2.942074747767754392e-02
-2.189978449052579559e-02
1.509063545917616739e-02
5.701810930187137250e-04
-6.545992751241833107e-02
2.930513252320594147e-02
1.184882982948360849e-02
8.877834408084926340e-03
-3.406674127770313587e-02
-3.121372310978406256e-02
8.360919217062488806e-02
-6.668077601019278822e-02
2.029489798424728014e-03
1.057401973048169713e-01
-5.872025268645977326e-03
-1.747271716138289188e-03
-3.274990632920422862e-02
-5.871941765833264826e-02
-7.431901545208843829e-02
-6.345938180904800441e-02
-2.117851613760876953e-02
-6.087596773812765233e-02
-5.891762085595482479e-02
5.643770276991381951e-02
-9.630400869048807988e-02
-2.728752471439745836e-03
2.818963844406644631e-02
-2.764279050194186696e-02
2.402153724006333979e-02
-6.516316896901895583e-02
-9.437805245123345732e-02
-7.101981531253009905e-02
-9.772449534246456862e-03
-2.298506766646095378e-02
-2.649798712885015686e-02
3.840722912478509304e-02
6.213416045013160638e-02
4.495439055099273440e-02
-4.827234231377113688e-02
-1.474389236366228095e-01
-5.895451858026772712e-02
1.837354967182197596e-02
6.235170857971040342e-02
6.079447856514850340e-02
-6.198208223265166961e-02
-7.246725746497674481e-02
-9.750262810151796855e-02
3.100790845397219386e-02
-6.429157153153527982e-02
3.640983026888679197e-02
-4.721762928860522013e-02
-2.969804463850967899e-02
6.802900602427497390e-02
6.662791416579544324e-02
9.972311245302675070e-03
2.785559748108702022e-02
2.770472720815000955e-02
2.795903710392233857e-02
-7.110559805117928900e-02
-1.021854160035421816e-01
-1.803247993878832195e-02
-6.229421714078832439e-02
3.095226925631019282e-02
5.401057382717397437e-02
2.221537775833445222e-02
-7.421031121182256746e-03
-6.244359718261054126e-02
7.581936806456518463e-02
-6.339049292971514482e-02
3.805048676337067365e-02
-4.802056867275204810e-02
1.947678905236070387e-02
2.552248941322707299e-02
-6.815505954682883616e-02
-2.806554017388954506e-02
-5.041389616703715465e-02
-2.840263426798927265e-02
2.982964487474225324e-02
8.882526094261217198e-02
8.914564119288335975e-02
-5.516646813175097447e-02
5.547568893879647328e-02
-1.068653272139790441e-03
-2.894027793793899073e-02
5.129389875993118492e-02
-3.048836497736858928e-02
-7.588565959479603995e-02
3.028861219819234743e-02
-4.755233985796530893e-02
8.060120361469931549e-02
1.013291135019302874e-02
-7.033955057924665133e-02
9.225485776332340015e-02
3.082657700645861573e-02
2.717519727097363058e-03
9.294290176111290325e-02
-1.636971623243488327e-02
-1.428475712965836600e-02
9.840858949457645388e-02
-2.668692611379198248e-02
1.012058329285174529e-02
-7.283896897394299963e-02
-6.323438120804970863e-03
4.624567682485630077e-03
-4.108007174768448649e-02
-1.574075115654489584e-02
-1.010197818688409431e-02
-5.930354241442507834e-02
5.535452206368002281e-03
2.753124796503399890e-02
5.223471344559044854e-02
-6.334451217897184294e-02
-4.235549427367694963e-02
-3.159021607739183335e-02
6.267049652760330047e-02
4.411960589148880563e-02
4.542356792594764991e-03
-1.012478455476941569e-02
7.543613722093039237e-03
4.495660260351634629e-02
1.114071318754971396e-01
7.938781818751723326e-03
7.872812689555364063e-02
1.242428036083588483e-01
2.858455118176498125e-02
-2.019079513912745705e-03
1.802449967751514059e-02
-3.624506134236153004e-02
-4.884591637624891708e-02
-5.215273071123151249e-02
4.938009448391658673e-02
-1.159312853935467319e-02
-3.314824310331769552e-02
-6.054602480826253019e-03
2.831026332290107958e-02
-6.506488335471703743e-03
-1.313423180584795402e-01
1.547363090740636743e-02
5.767094070588935084e-02
-1.508069683622200070e-02
-5.276676743363202526e-02
-3.766376718205070862e-02
4.066899366942997723e-02
-3.610445781925881309e-02
5.284643970708666205e-02
-6.233730943102634703e-02
6.993083055254850633e-02
-4.075028210209700325e-02
-3.496654085124036027e-02
-1.027714583999961642e-02
1.131647382843012084e-01
-7.917481743384267856e-02
-2.278466836791397110e-02
-1.035028467530488272e-02
-4.212211913458198398e-02
8.414794695494606791e-02
6.700611389843681709e-02
-1.583950420655809779e-02
-4.560194872274400679e-02
4.113673227755826334e-02
-9.300450136073809548e-02
-7.319516866847379510e-02
1.020806520852764465e-01
-7.155486148405054703e-02
-2.384643365492869829e-02
-7.207427232699961661e-02
-2.586689290565265253e-02
2.429466101981620635e-02
-6.729443733765144708e-02
-6.901963323573745424e-02
7.903073430105879427e-02
-3.900726174664088941e-03
-2.165471521698201021e-02
-6.497855684957243305e-02
-2.640521914042411045e-02
-6.006843214588350986e-03
5.040339097006189123e-02
-1.147950969758031528e-02
-8.329050293323711496e-02
-5.628739492262974098e-03
-8.066642326270368965e-03
-8.217068454277152989e-02
1.717684497967504609e-02
1.744799020861767178e-03
1.025073686238763687e-01
-5.029711778191945856e-03
4.804749779498710544e-02
1.055366211192221119e-02
-2.078089108359868278e-02
-8.162723708462252259e-02
5.161357182968011326e-02
4.406317003920806261e-03
-1.044364118001767094e-01
4.343823913364121964e-02
7.501732154571495725e-02
7.366937333587360304e-02
-9.374308029592279268e-02
8.158039272477635162e-02
7.039824138685671362e-02
-6.543227303085456803e-02
4.307855290009647564e-02
-4.926023072260719143e-02
-5.084516802590205095e-03
4.371877171921580152e-02
-2.649423302172792399e-02
9.763732169932103078e-02
-1.211278934654847275e-02
-8.471953395226616834e-02
1.141182355605817184e-01
-6.622248574157800494e-02
-8.848831402637037657e-02
4.697184807424702180e-02
-1.014636294685897500e-01
2.038438935383062034e-02
-3.648559463056302854e-02
5.171647146930088979e-02
3.532815760958810114e-02
6.218655377690154862e-02
6.597938301166016151e-02
-2.536523208308223351e-02
3.037827036282481769e-02
1.496892266936505553e-02
-3.348753220633718386e-02
2.008583763521259308e-02
2.794287637645350222e-02
5.745512063775609635e-02
6.896507567549914341e-02
-3.778053694716499572e-02
3.031346496259627182e-02
1.824606639994952317e-02
-5.722321301833714624e-02
6.488243635453191938e-02
3.318360186942695411e-02
-3.664824699547623854e-02
-8.887778400341395102e-02
-5.690342700553775723e-02
3.936293460162119950e-02
7.508922578649004920e-02
3.199176374006692386e-02
-1.626705820915443079e-02
1.413832002370048885e-03
1.845351332280137716e-02
4.377560441782234885e-02
6.881748901944885477e-02
-2.994520016252416247e-02
-8.627152656891079463e-02
2.302228999116974137e-02
7.171706036223494951e-02
-8.766776480468539690e-02
7.602757554466668677e-02
-8.188049552908882589e-02
-7.342401284798986960e-02
3.346644852067501980e-02
-3.711499090486720248e-02
5.686849953249809020e-02
-4.945531918074919792e-02
-6.615082819537515535e-02
5.711767354274095709e-02
-1.823845623897445839e-02
-6.925690849797179471e-02
-9.509738493012487304e-02
-4.612541859140437822e-02
-2.531747502689236234e-02
-2.230215961574599781e-02
-3.151008710624786380e-02
8.061974397660748304e-02
9.010056075547988319e-02
-3.819301055144180834e-02
7.528489707086301330e-02
7.483567475262194180e-02
-9.063323142690683787e-02
7.123548420587642871e-02
-6.906044603953818972e-02
-7.432019279047782923e-02
-8.460238972726016882e-02
2.339580434111006302e-02
-1.742742877886117869e-02
6.666796686367486291e-02
-8.302942158858489519e-02
5.448586285378367866e-02
-4.621075712410821490e-02
-3.345511436177085740e-02
-5.128792114535899588e-02
5.915496914768033493e-02
6.095180199784948349e-02
2.917873715171895310e-03
-7.519979967765580420e-02
-1.079357308651473224e-01
-3.952139438324779597e-03
-4.547171591423585651e-02
-1.619757040623975852e-02
-9.277834101370112385e-02
-6.697704749807731339e-02
7.208329404741500857e-02
-2.868675853279945703e-02
-2.002377133968753081e-02
3.936535194922423375e-02
1.199484475099926901e-02
-5.809864602082333990e-02
1.033844181885367891e-01
-2.255037590406989284e-02
-9.619197898193529439e-02
-6.409735557510307102e-02
-2.133808237454315124e-02
-9.404664491829689554e-02
8.281478661190387613e-02
-2.921302209678596634e-02
-9.064812995817565777e-03
-6.182810862199245722e-02
1.262263105562083099e-01
3.969293188648893161e-02
-1.189777118244125798e-03
-1.210519946963486970e-02
-8.652287719857162940e-02
1.403872375336827176e-02
-4.929903968586764329e-02
7.413664273714737872e-03
-1.177999313748143151e-01
5.529837272254341934e-02
-2.572429240238974235e-02
5.503987378926115948e-02
-1.183729957306687598e-03
-6.550745508868256739e-02
-5.703409464468260637e-02
-4.334604714218689980e-03
3.120911107378530197e-02
1.083662488454756739e-01
-6.336945246056739645e-02
-5.208449305587889433e-02
7.641489313888234422e-03
7.527375918928586040e-02
-8.149551908756683116e-02
8.742714168957714527e-03
1.005337398126055805e-02
6.957656984500998343e-02
1.235617909218881226e-02
-5.086843442020959338e-02
-8.627676266679072670e-02
-7.598825361527805633e-02
4.090554191055800065e-02
-6.345516189133840190e-02
-8.035728016824664199e-02
-4.724454709420395498e-02
-6.044955353548688015e-03
2.007014739193644509e-02
-3.163628037055457587e-02
3.712435411086249283e-03
2.904984412410745176e-02
3.121193002379817061e-02
-9.756870991950755689e-02
7.838829273325723102e-02
3.379600595475153874e-02
-2.188437734759735021e-02
4.374068658982613322e-02
5.534469535605263113e-02
-2.641652696369460943e-02
-1.515367307738048515e-02
-5.216194915469020421e-02
-5.884890723699422177e-02
6.054301775385295681e-03
-9.137341602427437315e-02
-5.289815900813744226e-02
-2.069256906805349086e-02
-1.182113961727161537e-02
-8.950788386931293750e-03
3.230350684632707359e-02
-3.566765415995727662e-02
-1.497904858406340356e-02
5.292200239099990877e-02
-2.922282635740548751e-02
-9.047788335900118495e-02
-8.192666999936097649e-02
-1.487294721135776036e-02
-4.369505201562230712e-02
1.726465559134829006e-02
-8.790436553766536529e-03
-3.047801996538911096e-02
6.671691529406824361e-02
-5.908353059300706922e-02
8.239720271203752888e-03
2.193080675037710828e-02
-6.630620053646518741e-02
-8.581001793347164952e-02
6.893438559880166183e-02
1.265711260192594820e-02
-7.478222022029576421e-02
-7.311069586304767831e-02
1.950995192159962754e-02
-1.593535017232679957e-02
4.245921069339492204e-05
4.226729100116498328e-02
7.848419875144223290e-04
2.925313846944329471e-05
-7.933338372192316745e-02
9.921845757888646256e-03
-3.380802204151050344e-02
6.617960941226198879e-02
-1.516130378334701323e-02
-3.316011936112008701e-02
3.306701341894550256e-02
3.651819507134446575e-03
-4.049885123028386380e-02
1.287363116901946332e-02
-9.171975918867097607e-03
4.393001753491102696e-02
-3.549868004887407613e-02
-2.141093230853255425e-02
2.472098061907034364e-02
-4.664710440619140863e-02
6.411394935334124856e-02
-7.373884133532102730e-03
-1.098811508223942746e-01
9.269469237029739905e-02
-7.919246374326699422e-02
-2.144021044018916064e-02
-9.254713760156577096e-02
-2.803356329674519878e-02
-4.641633901259080430e-02
4.508175812869087695e-02
-4.011964732604311745e-02
-3.992401001272877226e-02
2.547010119542829354e-02
-3.157471867310030628e-02
3.248382719994309664e-02
7.428345113316345283e-05
5.958088406784958768e-02
-9.548268896667840011e-02
2.404070403113456322e-02
-6.310940492615524366e-02
-5.420449327911223275e-02
-5.638944673649761569e-02
7.644800088824434126e-02
-4.062498899999179847e-02
-8.448216765398861017e-02
4.451735828005073947e-02
1.845310795883244037e-03
-3.584234225647121852e-02
1.827091806597452156e-02
2.098642328808031365e-02
2.493091594419178519e-02
3.411913076332431100e-02
1.968199586710325799e-02
-5.371466260180580987e-02
-1.641671372720563543e-02
6.332401460269181798e-03
-1.040646833720634996e-02
1.117300909058202216e-02
-1.908738169283437716e-02
3.721228362260762396e-02
-5.493123494023708503e-02
8.473608932811704797e-02
4.739443002135512728e-02
-9.728606695356747935e-02
2.277384974495147429e-02
9.161298322926303417e-02
-9.007404942966110162e-02
-1.869741272675292526e-02
-9.481825699673482322e-02
1.582555150870502622e-02
2.507976282638388690e-03
-2.307258630815609696e-02
4.706381638134082834e-02
4.666168456307182022e-02
1.846584540367333938e-02
-4.628366777127824322e-02
-7.108758894840708220e-02
4.685341094045236687e-02
-3.977622289788616816e-02
-1.966666327980968673e-02
-1.030503590819677184e-02
-1.909013743777025415e-02
-9.980499581946070120e-02
3.330731763678095037e-02
-6.868553872301584595e-03
-7.093349034697966904e-02
9.146960101285685207e-02
4.269349240805040552e-02
-1.350248687243955636e-01
-7.621127697487546648e-02
-6.458180186736071915e-03
6.221819269585365103e-02
2.681267317210723686e-02
8.581646938544260084e-02
9.099823629101987110e-02
5.393267441042496474e-02
9.751948017187431900e-03
1.231115770066709345e-02
2.412193553381587752e-02
8.933855418851031904e-02
-4.866078051395201359e-02
-8.696640715193097726e-03
3.624391620333828473e-02
-2.159323689457697329e-02
-8.814867180862134832e-02
-2.177003413106322685e-02
8.342833736562214886e-02
2.559458547019866775e-02
-2.376974339266479247e-02
-1.956586871158363938e-03
-2.424872059482041653e-02
-1.171947797819782727e-02
-4.685090015461561980e-02
1.845595884151678828e-02
-3.749265976241039633e-02
-9.136978930944937571e-02
-4.470212830362123302e-02
-5.165686015664766595e-02
6.802683320403726808e-02
1.557128357891863352e-02
-3.904940588798581913e-02
-3.849285500593165044e-02
-2.842249292712402398e-02
-4.811286151525140387e-02
2.552120903397146756e-03
1.730606994589191372e-03
-6.409046476203113241e-02
-2.622351070357566843e-02
-6.260560509425365516e-02
3.587402328297560616e-02
5.627648277841057478e-02
8.105013981983967553e-02
-2.440440816143222419e-02
-1.337956564075301266e-02
-1.939602200321665151e-02
5.621879697570132672e-02
3.569414853489255579e-02
-7.277132884794065837e-02
-2.442181060735256967e-02
2.976414430628790062e-02
1.125160128898160770e-02
5.211793631716740705e-02
-3.286165081156651457e-03
-2.867415734205217004e-02
3.561338482283964851e-02
-6.882511680330016812e-02
4.845207485626124022e-02
-1.061158521939729593e-01
2.840472278978066478e-02
5.599064418794890557e-02
-2.947502102752378589e-02
7.083171103998694984e-02
7.786847097985077903e-02
-5.020320335245048032e-02
-4.740628061896701162e-02
-8.838676522550560632e-02
1.925112009786802622e-02
1.202528741293940572e-02
3.744648299848071099e-02
-2.032426133062041618e-02
6.973837535241898811e-02
8.626129602941361163e-02
-1.470878216738355677e-02
7.149371626601291885e-02
-1.081820237635605919e-01
-2.377504125384035522e-02
1.044002720292012965e-02
-4.884055626216372847e-02
-7.307906560632633497e-03
-1.167037213436591947e-01
-1.356743899411230400e-02
-8.235782671788283507e-03
-1.861904754823345484e-02
-2.238955298317581860e-02
3.792594805423781662e-02
5.495205831401974578e-02
5.715632347606921376e-02
-6.471085830948519746e-02
-5.632078375817702737e-02
1.953809296643914395e-02
4.887898573407778446e-02
3.819006789016698294e-02
7.142769322180192448e-02
2.429285626014629149e-02
-9.798073094151971835e-03
4.543405563436297284e-02
-5.569012818446950758e-02
6.301596970395020869e-02
2.672668576106986341e-03
-1.225926826794125971e-02
-1.796829862866083927e-04
2.469150769135489837e-02
3.162032090140395185e-02
-4.473036064325317668e-02
-3.752895085563073135e-02
2.632952114062874632e-02
-3.146661754183897874e-02
-2.123185270076529546e-02
2.702633884562306160e-02
-6.841464599264175661e-02
1.472335688048162158e-02
-4.815124206346550056e-02
-2.589942805539478810e-02
3.190217209607461996e-02
-2.905886748237424683e-02
7.818047867915178806e-04
3.679655886133310211e-02
4.538309955197852852e-02
-2.341616446307809296e-02
-1.168915884873344968e-01
-7.106392621951382327e-03
4.643625271845615299e-02
-6.272897488194253968e-02
-8.720211639585648267e-02
-1.025389221398149697e-01
-5.789092970299263008e-02
5.863969408444007908e-02
-7.657724556695082174e-02
-8.033294673086031901e-02
-5.366440795227857274e-02
7.832510274483428514e-02
-1.051738010231536430e-02
-8.729653191216117658e-02
-4.125773690835175811e-02
2.092088831448671998e-02
1.255412712960961644e-02
5.306865321874368324e-02
6.481501019405142006e-02
-6.116036142340267739e-02
-5.986822082125772826e-02
-3.228707059072544183e-02
5.574086294106710138e-02
3.048618008964526505e-02
-8.014870742075490273e-02
-1.055844460027653142e-01
-5.497615858578034503e-02
-6.212398059399144856e-02
-2.941303759471197016e-02
3.348273548674148004e-02
-7.595050885673321206e-02
-6.181309316886621913e-02
-1.017630329079639850e-01
-7.894544544480372461e-02
-5.833173756580915803e-02
-9.284708982604829991e-03
2.870811728294579007e-02
8.001547622462371057e-02
3.185052054811986222e-02
-3.596580120986258428e-02
7.638605560941412465e-02
2.580586759112497852e-02
5.042447429057907160e-02
-7.015905977217032352e-02
-8.074033761224612415e-02
7.081337960536875087e-02
7.464676805602760146e-02
6.480600564490492099e-02
7.284175739075991751e-03
8.008307237889361607e-02
-1.369843111890160781e-02
-1.501027576894140014e-02
-6.392874492916446327e-02
-3.617163960862437855e-03
1.108346420110320474e-02
3.019213776786756204e-02
-1.151033448982826703e-03
3.819699602194916860e-02
9.825014453078432380e-03
1.834918941709101636e-02
-1.883156537908958067e-02
3.537240284088969886e-03
2.866302716913355156e-02
4.849589547724465766e-02
-5.086085654530710792e-02
-2.500574186675040556e-02
3.531749926195876937e-02
-4.271432662540983194e-02
4.528607245084501076e-02
-1.261034132404639796e-02
5.330454155993526871e-02
-2.306536325325731634e-02
-6.998078959622769379e-02
-8.481970541795974539e-02
-5.282766914212501386e-02
6.741574938845731890e-02
4.165383226821065682e-02
-7.356661192723478251e-03
-4.381241721719594806e-02
-4.654784715669667283e-02
2.271327287190000321e-02
4.795198418676810403e-02
-9.056095642844104454e-03
-6.177462233399815678e-02
-9.382980546289658441e-02
3.829856945681256453e-02
3.020200497688200689e-02
-8.191202689399612602e-02
1.534441924451340408e-02
8.158394535417158588e-02
-4.788682928384059567e-02
-7.236821339543658693e-02
-5.923563892698736899e-02
-7.603280228517493577e-02
-6.408105064409471557e-03
-4.860447842868115959e-02
4.185172002849086442e-02
-3.013758958071282440e-02
-2.954961696172029098e-02
-9.736186032875662755e-02
3.976124668966984216e-02
5.198724160380787523e-02
5.534573541637354682e-02
-2.691363706878795170e-02
-5.423299681472791567e-02
4.757594369223838715e-02
5.889550149942960472e-02
4.633357216284507418e-02
-1.599998993276806336e-02
-3.574403747851884888e-02
-3.312386346110571256e-02
-7.594391084057283692e-02
5.252813017978284760e-02
8.094935763850250043e-02
4.446022770261343418e-03
-1.041208340657993198e-01
-5.209756812303104057e-02
-5.602643459012547622e-03
1.071296426731878360e-03
-1.183651097452945514e-02
-4.630771034401531122e-02
2.365078375261111740e-02
4.726063483257987585e-02
3.484039749343600945e-02
2.514872219487249844e-02
-9.428596647056328162e-02
-4.211005743752282982e-02
-9.294133602206045008e-02
-7.474419239451063346e-02
-7.046331214240608709e-02
2.976353882061763545e-02
-3.482619713788030064e-02
-1.269008202673185814e-05
2.618201720710943738e-03
-5.818142629212801759e-04
5.503154886430792342e-02
-4.096257042712814211e-02
-5.407755098862032650e-02
9.551999029112783618e-03
-5.420336995999051020e-03
-3.149531598681973299e-02
3.539785209115314801e-02
-3.841073753748069919e-02
-8.276795149089051506e-02
-8.417731609454519315e-02
7.425999158565808889e-02
-4.179942352447978127e-02
-4.371600631774606033e-02
4.922203997705039413e-02
-1.033492483372587881e-02
-6.238097232551782778e-02
2.344335257568650605e-02
-2.691728448590410046e-03
3.535887794940336532e-02
7.128418697338007037e-02
5.888989141092314944e-02
2.153456409356922785e-02
-3.558266147305316762e-02
-9.344686873734919796e-02
-7.055571414019423671e-02
-5.202219441720112858e-02
-1.159471709130771924e-02
6.898858011601834844e-03
5.728859463415096609e-02
7.814297254640902024e-02
-1.421736136846636286e-02
-1.425555278240337766e-02
1.189108577927629751e-01
8.047126725333668407e-02
2.524342818678310466e-02
-4.314178865856356515e-02
9.752630191827993400e-02
-2.586054468583824650e-02
6.268594925618509173e-02
5.261653368704468509e-02
3.063470679336412206e-03
9.760666252315376365e-03
5.494515490775762900e-02
-6.500252876218051701e-02
1.046103186809440866e-01
-1.790930010818942569e-02
-4.969790387010099286e-02
-1.354320550929121944e-02
-1.322705995638041865e-01
-1.713964948191068136e-02
1.331196180642772037e-02
-4.120517812790182310e-02
-1.086530433508948040e-01
1.167981149680878683e-02
-9.285828484535811611e-02
9.876403419206633560e-03
5.944823924379044611e-02
-5.949207291531558028e-02
-9.202260489481359218e-02
-4.087995187486053242e-04
-2.904135994869787296e-02
7.347431610601473650e-02
-6.258609302748247005e-02
-7.098340149948388633e-02
-2.379578176428965436e-02
-3.529560494227148085e-04
4.054122519340856712e-02
1.702644920717130694e-04
5.211670066627067943e-02
5.045922372077932955e-02
-3.774606833996402289e-02
4.194374579494553057e-02
-3.293502637116370313e-02
-8.568544604799159525e-02
-2.106108174821038140e-02
-2.514377583045682499e-02
6.944592083000500349e-02
3.067979685241568194e-02
-5.378045685321863195e-02
1.965230577204318818e-02
-1.247536409223366088e-02
1.027611126661061580e-01
-5.391279451248881527e-02
-4.670461732410689792e-02
-2.073207385430347882e-02
-6.787657626780038700e-02
-7.080163950669558781e-02
-8.057344317138340206e-02
-1.741456966262322145e-02
1.968580899178370980e-02
-4.386152685402160828e-02
-2.401873201561600599e-02
-7.794464497834456551e-02
-7.100503758828162482e-02
8.710730037520572622e-02
-7.316622246196875790e-02
-1.746644539792805567e-02
1.781202398049355415e-02
-3.369419586745243944e-02
-2.402014553042044684e-02
-3.251250043968018089e-02
-2.593727408183817140e-02
1.258893750709804207e-02
5.527586217598626922e-02
-7.436809093245297375e-02
2.695044558671080837e-02
5.624674787637934381e-02
-9.802555481560264183e-02
-5.464174973708185029e-02
-2.678262455752602328e-02
5.189747097958717637e-02
4.172595639548018487e-02
-2.257709933402117508e-02
-9.473089116274373278e-02
1.701994637978951688e-02
-2.515655414731538669e-02
3.066928254865062056e-02
-3.294753768860909232e-02
-3.758778407710822167e-02
-6.709267543569345793e-02
-7.669468950996828627e-02
-3.589828282428354084e-02
-5.231280638189689941e-02
5.130165134340581440e-02
-6.646903145249505318e-02
-3.930615538103315182e-02
-6.291913603094838325e-02
4.577759131537562781e-02
-5.852856836127850321e-02
5.864667438158385065e-02
-4.414753185563116689e-02
3.868057161021956625e-02
7.766086940948041528e-02
6.804524370001835409e-02
2.044853732594376777e-02
-5.604198971518391942e-02
6.746419189307027720e-02
-2.974137374661584704e-02
5.513548657208496018e-02
-4.554479386887844844e-02
3.666279522057018514e-02
-4.264334409718070762e-02
-5.702876215058343828e-02
-7.691738253755331378e-02
4.670913530826222015e-03
-7.655232291691610458e-02
-7.221739951532726853e-02
-3.391777209334499027e-02
-2.905093412663596608e-02
5.138813664179112117e-02
1.705872679557526167e-02
2.644658354402360662e-02
5.705393476153885340e-02
-9.257223167085523730e-02
6.383814865366488345e-02
7.655843823800143055e-02
4.782204214567685463e-02
-6.809323151571320537e-03
-5.192344706920292569e-02
3.889082013950909134e-02
3.394842400394217086e-02
2.129426452111139040e-02
3.778598269808800675e-02
-9.921522483984619722e-02
-6.658439695683136816e-02
-4.744428347577052396e-03
3.113555318952445500e-02
-8.961211732117765894e-03
-1.593405517907154137e-02
6.853745174240703092e-03
3.206083360427343376e-02
-7.261785152650039599e-02
-6.211280050748719389e-02
-1.195512891683425671e-01
-4.987386466447740752e-02
-4.549799590777078850e-02
-3.398073376549152341e-02
-7.597422877132294083e-02
5.844228639434983358e-02
-1.794630739496658536e-02
-2.941938537667621034e-02
-6.664268432565888245e-02
4.625300434205120714e-02
2.378110397274472987e-03
2.052169239088222352e-02
4.371992770485023938e-02
-5.189721765770857753e-02
5.963272377220161374e-02
8.879292375082092556e-04
1.035449845981223707e-02
7.007237009341162753e-03
4.584122372636176973e-02
-5.874309124696852624e-02
-8.810375190980328231e-02
-1.950059175826896612e-02
2.714941194610075506e-02
1.446937415001916388e-02
8.606944972259081283e-02
-4.132020952310899720e-02
1.922036108901522579e-03
2.975942793190392704e-02
-8.332417515485281145e-02
1.617501575154579180e-02
-6.730442889753812663e-02
-3.352791498628691219e-03
2.782271247737445191e-02
4.665086997790016815e-02
7.249519633822684717e-02
1.156388390804734961e-01
4.804537770544824171e-02
-9.661557562207147287e-02
-3.321106736085158856e-02
3.075642620089415885e-02
-1.784349329152362662e-04
2.773807566934087879e-03
-2.168953930638422428e-02
-9.292169339001982165e-03
-3.792964748574728651e-02
-7.686046578726007938e-02
1.225809221268011617e-01
1.691895743521719744e-02
6.352367676221314097e-02
-3.665513684391880772e-02
-2.767663368132080443e-03
-6.223704467841706389e-03
3.676964631106750814e-02
-7.901197162904269322e-02
-4.782644581383820731e-02
5.900728601729178513e-02
-5.741850502811363804e-02
-3.083116393212143036e-02
-2.148067028162957762e-02
6.320805603196003042e-02
9.449938883064466777e-03
5.935136308420339846e-02
-4.862344457309217619e-03
8.439094336602223634e-02
-9.934878400041754348e-03
-6.679755803908394608e-03
-9.066347247537499821e-02
2.642766467109840256e-02
1.063900965086008871e-01
2.548969398027056688e-02
3.756585563759841373e-02
-3.004783701092258660e-02
-3.624869998394342208e-02
2.164798947065573603e-02
6.524796304456612073e-02
7.843048548390647162e-03
4.428862040347911894e-02
-6.040332669520460940e-02
-5.036153486253672554e-03
-1.346935145757839972e-02
-2.283358482477568577e-02
-5.782154442751218093e-02
5.916752834237243297e-02
9.723750078233058675e-03
6.726913012791453650e-02
-6.395475933245443889e-03
-2.311421443306833218e-02
1.624875909280455721e-02
-4.271251006451620008e-02
3.514930894115578242e-02
-9.474417878179644537e-02
-4.381562682357659222e-02
8.002620134483184877e-02
-2.565818893887600663e-02
2.411997986690606749e-02
-2.785465209691752667e-02
1.881937700297260652e-02
6.692783767390678151e-02
-1.200369751213286318e-01
-1.036752355255323235e-02
4.645074260857917636e-02
7.808949160139939949e-02
3.855370616385780935e-02
-2.999893779629263929e-02
-3.706487486206398729e-02
-1.563135948780032883e-02
2.110086325409966240e-02
-1.995131723848646635e-02
-6.816879630891516106e-02
-1.183156881139274183e-02
-2.900801605296123020e-02
6.245790978707438379e-02
7.416158050792984180e-02
2.879210188667941095e-02
7.632552329102652161e-03
-5.341229672457705607e-02
-1.239922345561944930e-02
6.652986914590748591e-02
-8.888682182229022677e-02
1.972080211525243862e-02
5.476450684617651526e-02
-9.822147845205221606e-03
6.929743706457353047e-02
-5.226314659632065596e-02
-7.625830325766976003e-02
-1.184578616967374293e-01
5.168263883729437569e-02
-4.622321017435267881e-02
-7.700995506719188199e-02
2.436702565908671972e-02
-7.905834203451314601e-02
1.130058453653352488e-02
-2.849276575722318322e-04
-7.093026299241023125e-02
-9.842940307256695109e-02
-7.085092756456186358e-02
5.036554542828105413e-02
-3.549091722712454516e-02
-6.608776108372166336e-02
6.654057442013944224e-02
3.347590619522211597e-02
-1.137474363917839459e-01
2.723074393992823417e-02
-4.611807817907942475e-02
-5.062570466159484889e-02
4.695293483811448232e-02
-4.330555666907741352e-02
-6.191721300094307767e-02
-1.421316026030548102e-03
1.820412574301943226e-02
-3.637877519171010821e-02
-4.175023556437125472e-02
8.008305161233414404e-02
-1.078373091678390405e-02
-3.574612794705967281e-03
-2.675643695379483281e-03
-3.260264068853507835e-02
-2.872454850553982086e-02
-5.893712511770236168e-03
-1.263480724846390534e-02
-2.277375701007011699e-02
9.202879935237795461e-02
7.113174861392720927e-03
-2.476883662354586318e-02
-7.170076452361789920e-02
-2.042644883394184770e-03
-1.215359443302480302e-01
1.634792942679400701e-02
1.637907576818544222e-02
6.245885919620667442e-02
3.153099079315514752e-02
-5.075140767871465231e-02
-9.332715051573162168e-02
-1.089151514504892726e-01
-5.644135220502116690e-02
-8.488125640720747822e-02
-3.669760016205506764e-02
4.622452949802559330e-02
-7.364490802639101462e-03
4.436858392738132761e-02
-4.911220706878249853e-02
5.905479113997014196e-02
-4.220934907133993413e-02
3.141958563787281694e-02
-1.739884333006508355e-02
-7.466973508254674818e-02
8.160853451881559112e-03
1.644018524613360260e-02
3.065097815364586920e-02
6.716713499862851655e-02
-2.291907460117897921e-02
-2.572120694209687961e-02
-1.526725723956198072e-02
-3.208920458501025863e-03
-9.079870003283195545e-02
-4.234208130935263742e-02
-3.382269204360487114e-02
-7.808866104107968498e-02
-2.156647643666297423e-02
6.759396103573110659e-02
6.578941711871946763e-02
6.686513441625869386e-03
-4.322256354501295694e-02
-4.308799128478019852e-02
-8.956929935989918490e-02
-3.190716621265428377e-02
-3.175286479744422047e-02
9.794949080601071667e-02
6.527539697290346554e-02
-1.542294995260137455e-02
6.641310417354769069e-02
-8.551197568377126579e-02
-1.770405783082345391e-02
2.994720855121756758e-02
-1.958437484380947530e-02
-6.650034427344664323e-02
-2.846505128575767263e-04
-5.876838634557268043e-02
2.915064649304335148e-02
-8.145601464476723286e-02
7.532728942057748123e-02
5.772005746017534397e-03
-7.239362219060158088e-05
4.734141327380637920e-02
-5.732296221775619316e-02
-9.084727710978621196e-02
-5.102442767211928798e-02
1.106608623290028862e-02
-6.178793078014237217e-02
2.303534603395763353e-02
4.357375313362239072e-02
5.567686965195117743e-02
2.341972061848569125e-03
-1.071671594586085519e-01
2.706162566147731277e-02
2.965749303247172675e-02
-3.605488848747223640e-02
-2.750383466802902230e-02
3.702418871508768999e-02
3.879507815109674296e-02
1.074145346539873980e-01
-6.732890744145715589e-02
-6.582178306195661521e-02
1.018853963451054057e-01
-9.379686801110581618e-02
-3.323725377655101232e-02
3.860153290526453784e-02
1.293667829815720385e-02
9.332415543521369039e-02
-6.194002445367868814e-02
-2.677451007295337040e-02
-3.434435232181203002e-02
-3.299395012142938149e-02
6.527663662785158916e-02
-7.108783800143241016e-02
-5.765273551988804590e-02
-4.433881162295612993e-02
-4.924127502004653489e-02
2.704517057087438975e-03
-6.995639790183502682e-02
-2.345945125946371362e-02
-6.313996274120857455e-02
4.889152850717127380e-02
6.227847626388715446e-02
3.536856536218015157e-02
-9.639904510170717311e-02
2.356393771532371353e-02
-2.980264334430802325e-02
-3.707146101661284998e-02
-1.481106861061623481e-02
-8.226968265018454532e-03
4.659409384798475495e-02
3.792669127642843419e-02
-1.677332481278468596e-02
-1.193116673926766097e-03
-3.377485563066151553e-02
-2.245525125405639297e-02
-3.308734514046164643e-02
-7.195122889943986189e-02
1.470453996906855021e-02
3.928556741001530683e-02
-1.484467895968581003e-02
2.723454129923000289e-02
-8.536707319490226265e-02
-1.299406949659109509e-03
1.592198997699410465e-02
7.186031061300998668e-02
1.547272920785937311e-02
-7.391463007279792941e-02
8.706847599459169307e-02
-8.115442536967942821e-02
-1.027414697206198990e-01
-7.345518920944410501e-02
-1.155929655733034869e-02
2.401742023356084887e-02
2.276342214019858728e-02
-9.222437610461728386e-02
4.918761267252621389e-02
3.884101035740355340e-02
1.275452951810023342e-02
-9.686631151106857296e-03
3.603136336137457985e-02
-1.384515970785351810e-02
1.789658567657006344e-02
-1.222585833826649038e-02
2.808013118713117984e-02
-4.314955762113612675e-02
-1.923698913418385101e-02
5.093634146282786240e-02
-5.521308464164987467e-02
4.282575525597853011e-02
-1.557212775534120956e-02
1.168815153368307942e-02
-7.541169884233478449e-02
-2.121267563171175957e-02
-4.317334997868701313e-02
2.837260242855933756e-02
4.672209875674381008e-02
-5.003377809427861367e-02
-9.189640118823172443e-02
-3.566135229379864720e-03
-5.077131163497351080e-02
-8.160137801213501740e-02
-8.722751231377089132e-02
-8.902272533089780615e-02
5.845194342409358590e-02
-5.343668901225829410e-02
-2.128740071314394119e-02
-8.725902397003110211e-02
-2.962452853216313714e-02
-4.896375296366515389e-02
-1.001631074577739450e-01
-6.697880649251021501e-02
-9.544445194008413513e-02
-4.553280456280033028e-02
-5.030397790348779125e-02
-5.664910207123718955e-02
3.919578730420458790e-02
-4.487815645409663073e-02
-4.285049034796523798e-02
1.435188696150337638e-02
3.651864816062434099e-02
7.330992803355248361e-03
3.148340170899364271e-02
-9.166724737010942953e-04
-6.964965480771069528e-02
8.800072824545455280e-03
-4.326271588996848105e-02
1.367171090177515119e-02
4.598484517656201837e-02
-7.169625003934318799e-03
-5.002750515572348261e-02
-6.517372642992288329e-03
6.936612473393428957e-02
-1.440732148600484645e-02
-1.737155855261943507e-02
2.782089249573826972e-02
-8.983499716828165227e-02
2.709355723777836372e-02
4.783539927621714705e-02
-2.954426092762731798e-02
2.637386742596338485e-02
-4.892065166911382240e-02
1.485209582001401074e-02
-9.092184193452525209e-02
-1.452848612583834340e-02
-1.887005967694862368e-04
4.773406361839892253e-03
-9.793239025326366809e-02
4.912753825402715185e-02
-4.090919058225225141e-02
2.779507400347613899e-02
-2.183484505401680001e-02
6.833779505230162810e-02
-7.875273026854093250e-02
4.781776413284105631e-02
4.310333657398023738e-02
-5.313956195192359733e-02
3.836642733690233398e-02
9.169656416288303469e-02
-6.044783564363334638e-02
-2.574851048055866454e-02
-2.686693567896266885e-02
-3.581115429526631616e-02
-7.503783480644091175e-02
-6.576308321112628308e-02
5.357894949322558609e-02
4.979276182520828847e-02
-9.984586876266465794e-03
-4.804659994665417405e-02
-7.514749014919923364e-02
1.854373876937241358e-02
-8.922935831273202945e-03
1.098598814113870004e-02
-4.978416462408667698e-02
7.414380593653870088e-02
3.475189569231203895e-02
-1.362706383846524205e-01
-1.097989875833398597e-02
3.122852463406723678e-02
-6.021982295141766611e-02
-1.307404588215886343e-01
6.526586406673821894e-02
-6.169009329139966274e-02
1.330077608329769887e-02
4.971001792531833802e-02
-3.389490655660375162e-02
-2.566839428783350419e-02
-7.064210811083063146e-02
5.710576158570535715e-02
3.813908001066147746e-02
-5.150413454693338056e-02
5.945798641163501513e-02
6.326278246057971677e-02
-8.230546840474816522e-03
1.228409372976028459e-02
-5.919807048885761258e-02
6.792432499751357988e-02
2.932062890429920285e-02
-5.713097901480521795e-02
9.730583384980746875e-02
-1.038899564132955700e-02
-1.027514624216087358e-02
-1.758986007442166558e-02
-2.218911296253726906e-02
3.592828725692884251e-02
3.961463628698608241e-02
2.612246251862898605e-02
1.037260470804563239e-01
5.954366290868760847e-02
5.541206981636310341e-02
3.613029599345091852e-02
-1.129312641918001764e-03
-9.639254021261034477e-03
3.504347376619317694e-02
1.540247548982763906e-02
1.348040345108120902e-02
2.652202431923552511e-02
7.130020066440112547e-02
-1.557935860186293250e-02
3.772336753095931194e-02
-3.216828021155106188e-02
3.738619615716205768e-03
7.168342771307756323e-02
-4.342167406869613944e-02
2.627938491370924307e-02
-1.242717656741633286e-01
3.039320291569767504e-02
3.004677592187988272e-02
9.009922760712163470e-03
5.571412472197685706e-02
5.991191255471338406e-05
-6.340281201046626958e-02
-3.501157576661785564e-02
4.719519576071253691e-02
1.740348100958016841e-02
7.307557216349683943e-03
-2.119765631092553407e-02
-6.333570472392027750e-02
2.156078863153371161e-02
2.505737183916812404e-03
5.190945917028539497e-02
1.606302150601548670e-02
-8.703080219192624312e-03
1.667184394815024798e-02
1.199517096791280490e-02
-2.099619658116597815e-02
-3.556201801711585814e-02
1.175638034803867457e-02
5.160170947777804190e-02
-3.022117810468386706e-02
3.250179223755908509e-02
-3.022190827938137786e-02
-5.189454086836534780e-02
3.044051207591838906e-02
2.513388571561740378e-02
-3.609818893655541983e-02
-4.423012251558682342e-03
-7.591776754344878309e-02
-3.168765820795433480e-02
7.634704622953017439e-02
-4.955753816114784327e-02
-6.727800847399854206e-03
-6.535860817923387633e-02
-6.503716544604004612e-02
3.288383409787033751e-02
-2.563295434983772769e-02
-1.218085808390583780e-01
-3.431286049536381999e-02
-2.073461059892738739e-02
-6.595949885232173238e-02
-3.653690604011489845e-02
1.555919572162677011e-02
-6.064243272737578766e-02
8.596980876537618776e-02
8.776288618876085940e-03
-2.810762956772695081e-02
-6.267181729243984090e-02
8.322030800122603988e-02
1.110067581957372568e-02
2.294896624333990498e-02
-1.859949804754303104e-02
2.710608188863061676e-03
-6.182484458742684014e-02
-5.346240036419062577e-03
2.280170074789463278e-02
3.348645331244201606e-02
-4.334914647765956280e-02
1.038618024616506756e-02
-5.218911195231878269e-02
-5.288606105278492731e-02
3.182601978623708638e-02
-1.774143490771859510e-03
7.168635234550889412e-02
7.139686903814885036e-03
7.855296822367431597e-02
1.572039877898707277e-02
2.945311300728281623e-04
4.689042038556240702e-03
2.054158623769552702e-02
6.403530054649721540e-03
-3.947070218701156930e-02
-2.879315341594528357e-02
-7.351693819124674456e-02
-6.637018964394846010e-02
8.550546313250990266e-03
1.514993320638293936e-02
-6.811921523900507647e-02
5.952903137256295579e-02
-6.342875704135532422e-02
-4.895526074873726013e-02
1.856943123854650282e-02
-6.870709405226099742e-02
-4.598026240198187578e-03
-5.713953515776301617e-02
3.138690515598403785e-02
-3.980654182775832800e-03
4.206791220691852989e-02
-1.813038782790710179e-02
4.143325438087833157e-02
6.721113297540769194e-02
-1.003529728382111380e-01
-7.337642947300088148e-02
4.570016440992946682e-02
3.076208490098208959e-02
2.095565735647931735e-02
-5.760790763512371737e-02
-9.488178689609985672e-02
6.379606382959084054e-02
-8.694032283200933686e-02
-5.575608661892850204e-02
3.920710784435971208e-02
3.882787995161061240e-02
-8.813808519644529549e-02
-3.864065444788331027e-02
6.105868006088666783e-02
1.077976848468261556e-02
2.683334065134125590e-02
5.600646910349973973e-02
5.699683605328610680e-02
-9.482809039190037703e-02
-6.788625497203627790e-02
2.909157685464822812e-02
-2.116297897878522544e-02
6.350791033089887849e-02
-1.263861651597981695e-01
6.349958645702488691e-02
-5.571898460318743668e-02
-1.089111675376395610e-01
3.879922742783081108e-02
-1.156218614045210341e-01
5.556465905944171779e-02
-3.673668422653630916e-02
-1.428203716198859358e-02
-1.223174186039077335e-02
5.136903305396815778e-02
-3.374388154748918234e-02
-5.634260976585160619e-02
-8.160906367548755036e-02
6.298898111335485273e-02
-9.740756966461389804e-03
-7.392684285726888738e-02
-5.232240708730089701e-02
4.081089568864298966e-02
-1.214201339943087599e-01
-5.860117076110877427e-02
1.797394226080689314e-02
-1.268126406384135173e-02
-4.392861849286527898e-02
1.387555026467409205e-02
6.686462252783934024e-02
-6.013632606753590432e-02
4.438744829783256018e-02
6.561733919023284012e-02
-1.468707754909141273e-02
-5.473626049839997593e-02
7.487908786969858788e-02
-6.363837127476978939e-02
3.106180197303275853e-02
5.904131925972483375e-02
-2.325708918320703450e-03
1.714361911000912911e-02
2.274067936508123236e-02
-9.848621602307730538e-02
-4.478782715945665849e-02
-9.834277069284240447e-02
4.258304368735949669e-02
9.129058218616972406e-03
6.457527690917531926e-02
1.309446891804560975e-01
3.741624968814426938e-02
1.461043959749509444e-02
6.320352403315292189e-02
1.311349609369783509e-01
-8.046610147948446423e-02
-7.415885002255467873e-02
2.267678059629453166e-02
2.374584385388268243e-02
-6.658216318456022798e-02
2.008111702503901849e-02
-2.115958931930077280e-02
-5.908661977916297020e-02
-2.549897161079222457e-02
-1.069250106673198530e-01
6.471709789240691346e-02
-6.157217832022363752e-02
2.405391112761821187e-02
2.429415240921366237e-02
4.054633457562331622e-02
5.464211745994547453e-02
7.924382032468775539e-02
6.722012241295101387e-03
-1.477721544762788594e-02
3.871220445500218876e-02
-2.167832742550810168e-02
6.010521689425284836e-02
-8.160824308590712561e-02
9.909508460803562874e-03
2.758412536468736465e-02
6.003715051013545217e-02
4.115265203025544188e-02
-2.887107123658680385e-02
2.809254725588487822e-02
6.480523352015676863e-02
-2.939939140621706387e-02
-3.873260031185603303e-02
-8.016870270103206020e-03
2.566492261149204077e-02
3.414807247325406248e-02
1.904211457412086431e-02
-8.780594498556407168e-03
1.555401389994573273e-02
5.961772739363906115e-02
7.200677340426583570e-03
8.607140231186335977e-02
6.026875234192688446e-02
2.614043680375242873e-02
1.690205047466277269e-02
1.028214879589358643e-01
-6.260392639731704456e-02
-5.177088312046097124e-03
5.606076356686606754e-02
-2.284385648408136099e-02
2.491872515310685626e-02
2.085297753491090200e-02
-1.377226842111750789e-02
-2.785260138899237764e-02
7.309155031050840190e-02
-1.165064650977074706e-03
-5.076505663905432619e-02
5.244068170753127256e-02
4.722411041073858867e-02
6.793896550221154018e-02
-9.381519795983027377e-03
9.764729321495534825e-03
7.430578743342924897e-02
-6.275525328523798296e-02
-1.826926265602771965e-02
-5.031547602444512435e-02
-4.336314982302469367e-03
8.045938599201415964e-02
1.271157369221328215e-01
-4.289920100084088084e-02
-1.128382574985296732e-01
6.858502011719040496e-03
-8.728024895922054105e-02
1.270017270699838781e-02
1.755861234765370218e-02
-7.230521026558120457e-02
-5.179032550041959282e-02
-1.810734079965915441e-02
1.965908462689919950e-03
2.855058312515923458e-03
4.243894677173701280e-02
-5.156025769937241932e-02
9.827705945148838829e-02
4.946455970835844651e-02
-3.585676027553131445e-02
-3.289128606015749405e-03
-1.233667084064330073e-02
3.940710842938129760e-02
-5.832762395997372062e-02
-5.291743496124387547e-02
-1.489159016575227965e-02
7.921738056721333576e-03
7.204288302214809092e-02
7.111938937980444297e-02
-2.102308822900502555e-02
3.852441666284724120e-02
8.177666722883643324e-02
2.684408246114327809e-03
-3.272209980593295681e-02
-6.124538071727311100e-02
1.025536998151316270e-01
3.429651604956365785e-02
-6.026279458966649072e-02
-7.643045270252578349e-03
-3.428712637223965687e-02
1.576799457153476441e-02
5.109962536802305916e-02
1.120758724351487989e-01
3.307306819280661503e-02
3.920266374119024677e-02
-9.406657100702134691e-03
-4.980726410698717299e-02
6.025756884827457305e-02
3.705810927593825715e-02
9.900428984520172337e-02
7.167493739234861994e-02
4.099260274638338863e-02
-4.762699459356839471e-02
1.393094938570051296e-02
1.613741665245786716e-02
-1.382554629070155937e-02
6.243302053516813083e-02
4.217449767968082380e-02
-5.962435466197967687e-03
-1.344466684332758510e-01
-9.177621131353688733e-02
4.112365865988559799e-02
5.142562663894519048e-02
5.359004511171271135e-02
-2.276465135411092147e-03
5.333051018863253778e-02
3.064382452116143352e-02
6.934378853793043973e-02
-2.807354908937026439e-02
-2.114357311062069894e-02
3.528172029130846599e-02
3.388117181683261009e-02
-5.889877830183690155e-02
-9.114484105246219159e-02
-2.423744305703176213e-02
-1.204045408289898672e-01
-9.580511008652389804e-02
1.666178368520667141e-01
-1.906926586557203263e-02
-8.769352861085454032e-02
4.502368161242219224e-02
-9.788051208285449001e-02
1.787155695780261871e-02
2.653243366266880982e-02
6.565246520326889490e-02
-9.264146958937749532e-02
-9.754032567493220451e-02
-5.574753792716678757e-02
9.556883549903878727e-02
-7.289968067575119948e-02
6.648639946728521211e-02
-3.331772526103071730e-02
3.418718730679633222e-02
-2.460994097771181111e-04
5.753331020756013992e-02
8.038073839587407676e-02
2.819805337472267720e-02
-5.611409803825693349e-02
7.943921746722598654e-02
3.097677604268551065e-03
-2.740451574588254405e-02
-5.977644923748816341e-02
3.531400210874342804e-02
-6.302181540737968046e-02
-2.503975706045307587e-02
-1.466458004432503667e-02
-1.064471973985863518e-01
-5.770973286049481399e-02
-2.861950113759225561e-02
-8.048323001942972454e-02
-5.282987270496804916e-02
3.121822052274218426e-02
5.150128879950523209e-02
-1.439838544934059494e-01
5.484433058068068773e-02
5.336132970851201196e-02
-2.672781058709669533e-02
7.354413738771596598e-02
2.078911949704540657e-02
-4.249125174674441702e-02
6.630512217500092453e-02
-8.820256945420053285e-03
-4.008802158230988233e-02
1.348983080981755803e-02
-5.301655034248374705e-03
1.497037213712885950e-02
1.037990112901299514e-02
3.899961745008795073e-03
2.300883028801019650e-02
-3.260887794497346892e-03
-9.254974036858611142e-02
3.728459988143999204e-02
1.996939999502676463e-02
-5.747872510949968150e-02
-1.667630834890794847e-02
-1.072022144666955334e-01
1.528720213526278161e-02
-3.006339646082850300e-02
-2.534069885719998638e-02
1.934140371331603825e-02
-3.304140101271017815e-02
8.390282550706927578e-02
2.744329858538726435e-03
-5.555800654433733221e-02
2.896626327362751552e-02
6.510181895786722878e-03
6.375008181364300031e-02
6.449728998508662964e-03
-2.528005455966271520e-02
4.546730555923702427e-02
-3.010587131947803363e-02
-3.576981052976158093e-02
-4.930816458998802526e-02
-1.075928468550474545e-03
-8.064335330337284169e-03
6.758637618541621372e-02
8.334092115204645712e-04
7.777248860109413006e-03
-6.941049837233820297e-02
-1.698115544654026782e-02
-1.054513798138042580e-01
-5.578860608406600863e-03
-2.879598719195267283e-03
-1.013601001560138631e-01
1.134834548510727653e-02
-3.786701407212144516e-02
-4.726407808632718255e-02
5.618620850572079994e-02
-1.178681939086999031e-01
-4.711612748473517631e-02
5.256054393653979140e-02
6.137720076693362059e-02
-1.962769036563078578e-02
8.405625576027803483e-03
6.528279197020700475e-02
-5.713719038257686345e-02
6.302956816134314133e-02
-1.166785239382098216e-02
-5.646458515158685187e-02
-4.952725923878847913e-02
-7.182653229047837769e-03
-3.263676405815085085e-02
1.487267002057329757e-02
-2.062998054321612661e-03
-9.495499481350380688e-02
-4.973571353241475201e-02
-7.540031717985214155e-02
7.283267223683927150e-02
3.179117914660784666e-02
3.416006911109882582e-02
3.061050156087736715e-02
-5.158423858266265871e-02
4.857052642205547666e-02
-2.051547388395725049e-02
6.556208092542772925e-07
-1.039067903580983554e-01
-6.276006903139452753e-02
-4.752787504417693015e-03
-8.001388275451158660e-02
6.262668688849859500e-02
-2.458701376482829576e-02
1.195597919052432054e-02
-2.467073473852293350e-02
3.091717344733543871e-02
1.841090016325514986e-02
-6.058380074396330778e-02
3.936139424412407606e-02
-3.406671968860449512e-02
-1.093996370079197006e-01
-4.226751767252698994e-02
-1.920382000302199230e-02
-6.353354802988478434e-02
-4.029920950308924638e-04
2.729009327795396678e-02
8.065564992879763195e-02
7.602056625435402171e-02
-3.678928821141394523e-02
-9.991758546501179616e-02
3.704428474311441399e-02
-1.020940060783461500e-01
6.573480251982762382e-03
-9.808076183022970684e-02
-3.911207351911855437e-03
-3.758775083550160503e-03
6.246526881857078495e-02
-7.332611220702951738e-02
-1.014903771268290400e-01
1.135839019667904577e-02
-5.577467800434680184e-02
-3.544973356401875941e-02
1.788360995114046670e-02
4.318011975018049009e-02
-8.919867154828439726e-02
-5.682198437067880609e-02
-7.292756272322216404e-02
-6.155580493248524049e-02
-1.049444278542314458e-02
6.100161052053085231e-02
-6.829014144634219796e-02
-7.119126464315181368e-02
-7.272327230801745035e-02
-4.753262967209005013e-02
5.890776183928171650e-03
-7.861313329115998672e-02
2.175485871963211276e-03
-2.217418853376170590e-02
-6.943875752124784029e-02
-2.886163166588397166e-02
3.356907123855128183e-02
-8.305595396101958516e-02
-1.043357826016775430e-01
-6.509001682629583785e-02
6.718663352974887926e-02
-6.862406063548250057e-02
-6.043676426266202800e-02
-8.729550785680856295e-02
-1.076152299071385238e-01
4.195538322344145171e-02
-4.629206035714708567e-02
1.579486715127060084e-02
1.345169623554707400e-02
-2.022068231915164632e-02
4.689700058986090436e-02
6.430971272988099396e-02
-4.362968985205504385e-02
-1.379889018406338722e-02
-1.615778255518739853e-03
-5.422066550290885467e-03
6.554024644617464923e-02
-2.051355351471017066e-02
-1.044157356244987053e-02
-1.095754053636346093e-01
-1.176036353475563498e-02
-4.105855206514948119e-02
1.317125502477309307e-02
-7.896930616451178220e-02
-3.098881259569518515e-02
-8.717899340345462711e-02
-6.002578249504549046e-02
-8.651545023655615729e-02
-5.366379872849799670e-02
9.272305076696181481e-02
6.123265044111997346e-02
-2.896732218702154776e-02
-3.978801891537232793e-02
4.450652492872517879e-02
-4.942417088315961826e-02
-3.693496091334740050e-02
-4.755597905122890129e-02
-9.343532528388294456e-02
6.742573872076723304e-04
-3.886670475317367812e-02
-3.054595488732264955e-02
-8.009689399677458188e-02
-7.401123357808164771e-02
-7.147729418892689868e-02
5.332644115321827361e-02
-6.456836308973545879e-02
3.695972808644102520e-02
3.084484692185610749e-02
1.173733518174586293e-03
-4.899181730843022581e-02
3.472663676409858818e-02
-2.802224119655447043e-02
9.217402887539138945e-02
3.096481741191315154e-02
-1.931092395100982018e-02
-5.956723719155851415e-02
2.127166481260590186e-02
4.830251571023284896e-03
-3.301190908003753116e-02
-5.900031899173883293e-02
-5.710953736116868018e-02
7.697464685342246538e-02
2.615049755146925392e-04
6.986248812667690544e-03
-3.893231038278918699e-03
-1.941357558164185509e-02
2.548519075205452761e-02
-4.412681252648703589e-02
-4.191761241544598310e-02
2.632760657827380724e-02
1.456351629317364366e-02
-4.780083701146262826e-02
-3.263728318113143234e-02
6.764551888914976940e-02
-5.415301785334036486e-03
8.879533887017596744e-03
1.634365751811010098e-02
-9.649053124017101246e-02
-6.265608431824463975e-03
4.094526362659674928e-02
2.752324335652851783e-02
-4.001573978332466364e-02
-5.260578664720918368e-02
-6.246373947506762836e-02
-9.801489651067274780e-03
-1.623236602496151704e-02
-1.022157005006733010e-01
8.474652837524469795e-02
-1.163742526898614849e-01
-6.248074557429564996e-02
-5.038838844918812343e-02
-4.919386922604145063e-02
4.138265050778767995e-02
-8.283968125293479645e-02
6.214630159156998152e-02
-8.842832942564610166e-02
-4.865201560248092610e-02
-6.508562722318701754e-02
-4.283832140663967891e-02
2.575643737880326661e-02
4.072543579330555052e-02
-9.127418612802747772e-03
-2.837805170697329377e-02
-3.713889289993292653e-02
-4.633889297508463068e-02
-8.164456860840851871e-02
-7.918435338738415152e-02
1.817804843741336468e-02
-6.501549721785038205e-02
6.072736084951389085e-02
-6.688696639765648322e-02
-1.102391767344530898e-01
-4.869790850867183191e-02
1.457261868530215949e-02
6.645934203023663722e-02
-3.464712630419662653e-02
-4.117415158300312406e-02
-6.613743622293558055e-02
2.897625029908160177e-03
6.551792053223098877e-02
-9.155941419196819697e-02
1.438592872312391066e-02
1.400565007127746973e-02
-4.288262403150150393e-02
5.462608536324849162e-02
-8.026093658164980271e-02
-3.343203981215396581e-02
-1.708429758163487397e-02
9.157872119484522511e-02
6.245215287945944660e-02
-3.440399553499617902e-02
-6.079173497675611354e-02
-4.191008818746295994e-02
-7.417107756368107596e-02
2.238569571269723515e-02
-4.412870464900216227e-02
6.655009821300769679e-02
6.719456388782012179e-03
-5.141721793940702556e-02
1.207447591866276856e-02
-4.932800212877497259e-02
-3.611776226489133573e-03
-8.149873080795322355e-02
2.281106721432604040e-02
-7.627381058599284891e-02
-1.238671951620150431e-02
-2.362253594501376869e-04
-2.317018088390117303e-02
-6.809140488286240245e-02
7.212568161077061168e-02
1.405267580814783743e-02
7.069484005216132572e-02
-5.588421309869644193e-02
-8.748754949328407804e-02
6.440517749229039690e-02
4.939502507174503912e-03
4.686086566353114130e-02
3.747311362166830251e-02
4.773962399095312004e-03
-7.268724911333812599e-02
-2.326877111298133669e-02
-2.918406540742101915e-02
2.475346408134091944e-02
6.718973579663027260e-03
-3.933432845679304957e-02
-2.283660221286383518e-02
-5.547553116771109655e-02
-3.728083698391916612e-02
-6.430831569277400961e-02
-5.656057027524290931e-03
-9.508150096369170912e-02
-3.187770379987538844e-02
1.075780386269726413e-03
-6.452722886507983313e-02
2.390473316190576403e-02
-4.061383260806319256e-03
3.480494476387792357e-02
6.615033224039740256e-02
5.106394753618077875e-02
-8.057659150147958305e-02
-6.518544943434234629e-02
-3.261298923581347486e-02
-4.126172675499262255e-02
-3.489022033136164602e-02
-3.138044212831864535e-03
-1.058231601609533890e-01
7.028046659192484225e-02
-6.273053441155444776e-02
1.200555379983928722e-02
-5.260583290367502884e-02
-1.020084551160703595e-01
-3.964321018060967816e-02
1.659653997013504911e-02
-7.259332266135552769e-02
-9.946469502116510319e-02
5.863303889340902575e-02
3.821862657207100028e-03
6.534881337737862006e-02
-5.019813495908558715e-03
7.822525220128066781e-02
-6.909939783935323265e-03
4.130393392103892669e-02
5.865915347923172929e-02
-6.565126923571454332e-02
-2.597348435620213877e-02
1.139939659203591249e-02
8.798995606208520615e-02
-9.023523748840703296e-02
5.331727045745880689e-02
2.145175987542997931e-02
-8.292491619953833160e-02
-4.034673677298519084e-02
-4.454314944197852733e-03
-7.232746150518068462e-02
-6.999529184110826752e-02
4.278340735996356142e-03
6.528315826280321754e-02
3.118539691267675773e-02
-1.825558504869112530e-02
4.284824446465781977e-02
-8.481948459295664267e-02
-4.169898623118152570e-03
-3.814683088431655711e-02
-5.332925746639348430e-02
5.010977113065261113e-02
-4.428868969168364700e-02
-9.465305816982004863e-03
4.857938581267672723e-02
-9.413904130845899068e-03
-5.540141424323286740e-03
2.110318412054320789e-02
4.448769222649147370e-03
-1.106995473551119491e-01
-2.731151107646521969e-02
-9.581176155078163781e-02
-9.850334312194435060e-02
-6.208534036398924427e-02
7.810951425062245823e-02
-7.151414769168298532e-03
-1.427657242200116444e-03
-5.465017705254099356e-02
-8.815869533505175937e-02
5.209779392651121138e-02
-8.297422817371949422e-02
-7.617832359282405638e-03
6.058072383987304910e-03
-1.055028084582701822e-02
7.667958243244095418e-02
-3.987789455309974362e-02
-1.433025203050857996e-02
-1.309665992898546502e-02
-5.461476171991897638e-02
2.737113776049500055e-02
-6.437968905397244146e-02
-6.727294080491072470e-02
5.885279965186009099e-02
-4.382184391041277216e-02
-5.662501997080014032e-02
-7.398484930420955175e-02
-7.897753613295034961e-03
4.583533237128284421e-02
-2.440671323136196433e-02
4.039577901465020437e-02
-5.197502971827142743e-03
-6.439615818996174967e-02
-5.391869207419221210e-02
2.258387916642127027e-02
8.072938330232072579e-02
-8.659197786564670762e-02
1.067094951449227419e-02
-4.640178625430364107e-02
6.707024726478151566e-02
4.562326174289754732e-02
-5.211628337746063155e-02
6.662631320656918488e-02
-3.391575118039706627e-02
-9.577674972343276638e-02
6.711188459352561420e-02
-5.446219472277875201e-02
-6.072200946204824035e-02
-7.718602295367060773e-02
-5.032809693153262459e-02
4.075850034306710556e-02
5.155949306771618473e-02
2.455917555883225731e-02
5.483079373872291884e-02
-1.708687630522675097e-02
6.198319550813202045e-02
-5.859703974486574207e-02
1.132539915902004701e-02
-1.776354593505168750e-02
-5.340050210513305751e-02
-5.458293986791724201e-02
-8.252443481244127466e-02
-7.669646146563925682e-02
-9.880613822884189157e-02
3.580478694986902882e-03
5.582330621366911327e-02
-1.023155576427172003e-01
-4.313097386000643019e-04
-5.855166732462335766e-02
-7.623235551609257310e-02
-5.646000812741260727e-02
7.131703418090606927e-02
6.906245866511631637e-02
-7.263561973857581011e-02
-6.476794990730277458e-03
3.107234853256750015e-02
5.101057299974642856e-02
5.649641258828319579e-02
7.475059322157173725e-02
-5.175036706338186077e-02
-5.715489677159207166e-02
9.047591336558301334e-02
2.926762338408674113e-02
5.602246701441379595e-02
-8.629127127310438905e-02
-3.981498647450330136e-02
-5.694560600645492097e-03
8.736435168869557955e-02
-6.043063640405126058e-02
7.194516716136367673e-02
3.221654054090360847e-02
8.964404954213861521e-02
4.786473597158840548e-02
5.875677808408026614e-02
5.086322873247812321e-02
-8.627614030657468347e-02
-1.115911347140152374e-03
5.994442509400171870e-02
-2.869890305439933009e-02
1.330980889949175822e-03
-5.777994566159828926e-03
5.031483129289582301e-02
2.440076928483238608e-02
1.440895754249381551e-02
-6.362614900875848689e-03
-1.839791517594508569e-02
-1.030600972346709318e-02
2.884058757929391231e-02
2.954310401133294212e-02
-4.516967480964950710e-02
3.676548716523816984e-02
2.747983563161365134e-02
-2.350405242495581803e-02
2.848784773018114835e-02
4.348440518894727130e-02
-4.828099499453168686e-02
2.760581281123426767e-02
-6.403602253497320262e-02
-4.403380677826836467e-03
4.169460043704070057e-02
8.459386895749733404e-02
-4.179740055253217818e-02
7.897432409468228831e-02
3.167316949863682729e-02
-2.934083920158857620e-02
-5.890865040009812814e-02
6.514177727324466094e-02
8.435192229473142955e-03
-8.647585383655342905e-02
3.835291804501585883e-02
-1.222995027485134292e-02
2.997304051539696756e-02
-6.548497870470032511e-02
-2.598590431406884102e-02
-3.439043830715537292e-03
-8.347533768538872856e-02
1.080210515454486098e-01
-9.385121473799092062e-02
-8.734145891410138862e-02
8.530585259660038167e-02
-1.017101252043153409e-01
1.263508204719286307e-02
-1.603113628795980669e-02
5.095851914529802434e-02
5.134225961741108180e-02
-4.964413304623074841e-02
6.706162088554075418e-02
-4.424762520757322820e-02
-1.004814234977671333e-01
-9.234054626757746964e-02
-4.202996141098715686e-03
8.935692097070843665e-02
1.980138126548543903e-02
-1.775349317826616438e-02
-9.639169562858317108e-02
3.790358012643924024e-02
6.814935590321616332e-02
-3.335321754894517154e-03
-2.531063187884851143e-02
1.138851861852771263e-01
8.774277085510993890e-02
3.372073650391967103e-02
-3.878229576309638604e-02
-2.021274477090298505e-02
7.221099551115781057e-02
6.018623449578937995e-02
-2.763545576178215793e-02
-3.622006544752742752e-02
-1.189439327988714781e-03
5.040790573012214615e-02
6.307812149998967555e-04
5.046951019607476274e-02
3.462039496128908878e-02
3.753036751795441051e-02
5.789986593782278645e-02
1.416951765373730687e-01
4.560539105217790296e-02
-3.204475948679731678e-02
7.529549559889862909e-02
-1.094078887778064391e-01
-5.029197390888225094e-02
-4.011827682504739978e-02
1.958492943200735442e-03
-5.057323161827692592e-04
-1.684373863095545154e-02
-4.096048454864005539e-02
-3.184275455800968796e-02
-1.140716250715917146e-01
-7.739895335782182029e-02
7.872947772233443442e-02
-2.261963265952944557e-02
7.964168254913088496e-02
7.726659653440948183e-02
1.610062412858384584e-02
1.495252331187228376e-02
2.219218483363952221e-02
-1.026348993651257507e-01
5.943956485238835463e-02
-3.181911719513267484e-02
5.604217269957527392e-02
-3.700805935870452729e-02
1.182172527670273532e-02
-3.793877350788930902e-02
-7.508977338883768282e-02
-5.693930408227639017e-02
-1.224727136858987792e-01
-5.044733729402284261e-02
2.236626537719950403e-02
-4.316086240226503501e-02
-1.770886322548521213e-02
6.533934717228642719e-03
-7.268250041955789942e-03
6.958711319786672900e-02
3.053493042219430562e-02
4.389437888087948519e-02
-1.010043205152783702e-01
-3.776159225983483081e-02
-2.715825132865827551e-03
-8.844108868913949303e-03
2.483163737307736776e-02
-4.950018216097357149e-02
-2.150457010833791913e-02
-5.760545928940351279e-02
8.936388777351929324e-03
-1.739481841938745471e-02
-7.162574984202991352e-03
-4.963124975052340959e-02
-4.826814085073971583e-02
-3.204963412230193293e-02
-5.742876835720129441e-04
-7.549301147043373239e-02
4.537940987985553815e-02
6.082956226981212772e-02
4.028747364753346855e-02
1.176667600003029543e-02
3.203287144755644772e-02
-4.565622986626279023e-02
-8.518485752405904887e-02
2.853263466507141924e-02
-6.506851329978545484e-03
-4.483607234540643027e-02
-5.358141218201149109e-02
5.862668626281229700e-02
-1.946145993931581303e-02
8.801921028308644368e-03
-3.741395095241358687e-02
-5.037965798020120622e-02
-1.805222450353548280e-03
-5.836957620877501057e-02
6.002961650198935378e-02
-3.997097918433173414e-02
-4.048851620251750147e-03
-5.754616059345373652e-02
-2.173010132697773822e-02
3.180727808091789177e-02
-1.170285539605427040e-03
-5.181871917034523711e-02
1.208141705414269781e-02
-9.723525756770606474e-03
-5.936624764756239653e-02
6.390459184730516717e-02
3.812381811658536318e-02
-3.502102531012231401e-02
-7.233603665476355526e-02
2.648226737587383584e-02
-7.053510177889875388e-02
-1.865571585016293638e-02
-9.539252476559899330e-02
-6.318368649273622961e-02
1.019448027778285526e-01
4.722747709476305539e-02
-7.598181612610763191e-03
-8.047574249870531604e-02
-3.606587675921979486e-02
-1.066031541604405691e-02
6.215692549244868081e-02
-6.020085660440779168e-02
4.345288449259404606e-02
1.189061154066723379e-02
-2.318761208162307616e-02
7.987417977420585569e-02
1.846081923298797250e-02
-9.709126588699320409e-03
1.136716513282894636e-01
-8.356832168161243413e-02
2.675908423610339967e-02
-1.266564588029678827e-02
5.687786957743743571e-02
5.532987417737694757e-03
3.017257254713183456e-02
-1.119525797442924922e-02
-9.310394980584194013e-02
-4.338245573274103484e-02
-9.276745422397845997e-02
1.092644949930150072e-02
-2.993839743210759130e-02
-7.453607671464425322e-02
2.346826349201589640e-02
6.952327843454257639e-02
-5.002090776113379128e-02
8.924825964491713004e-04
4.575660744659568874e-02
-6.279227908027996963e-02
2.036133794543287107e-02
-1.149602423188356842e-02
5.713816615496336571e-02
2.993420897378312392e-02
-3.774931909405360164e-02
-9.253808030407015273e-02
6.931123276948415735e-02
3.516332284919012480e-02
1.440766700437608877e-02
-2.492223838392813168e-02
1.122470084168905868e-01
-5.362801192835543046e-02
-1.012589878149035838e-01
-2.254634328651840963e-02
1.414114674996496540e-02
6.089621421238072124e-03
-6.808762786774588682e-02
-6.304163929423159396e-02
9.587874468453412569e-02
-9.581054868353092169e-02
6.878422601105353695e-02
-6.835444953097535858e-02
-2.558376888596246290e-03
-2.001275926348776782e-02
4.457475331511535910e-02
-5.136693852369336039e-02
-4.678163124446560461e-02
5.159799242270583092e-02
9.337263415670578326e-02
-5.122657877124629083e-02
8.194466037437972417e-02
-1.501793607564174890e-02
-9.853581860950800381e-03
-1.991076311750367492e-02
1.004951385225604649e-02
-5.826550639610510174e-02
-5.123201645078588606e-02
-1.321023678878264964e-03
5.946875337197538025e-02
4.327122336292304333e-02
8.573606323054296097e-02
5.128220934846534559e-03
7.554001532420433207e-02
4.718126141105347116e-02
5.205536341366999442e-02
-3.868686396317941312e-02
6.625108329759368808e-02
5.702291342407053709e-02
-3.943923309134437366e-02
5.081824992377369232e-02
1.850536322572086945e-02
-6.795372892609674587e-02
-1.472646166073161064e-03
5.522348631122763613e-02
-5.085461990221857437e-02
3.542935010741859320e-03
-8.465331082383509287e-02
-4.984827841385441188e-02
-1.022800206770658749e-01
5.253948039318621921e-02
-1.299703300082718019e-02
3.303876373698470814e-02
-6.654040896962595819e-02
-5.747041409564839984e-04
-5.289206078879598455e-02
-1.096947624280100037e-01
1.212727305662904959e-02
3.914517495113753118e-03
3.057527351814405547e-02
4.281633754867922304e-02
-4.416295915434162445e-02
-1.243068213742161074e-02
-8.125192585680583723e-02
-1.229632003848100605e-02
4.012342469613128237e-04
-8.200493499445657419e-02
-4.111269967756933652e-02
8.371714144180886219e-02
6.375544658067372472e-02
-1.159130188826529989e-01
3.499248174864656030e-02
-2.143071717097433382e-02
1.586160376960604398e-02
-1.244915558195100469e-01
2.060983825505671024e-02
-5.493336415877835693e-02
3.618047666721788819e-02
-8.232529387778349250e-02
-1.193690671549726412e-01
-6.159520544082155991e-02
-2.809184246233320179e-02
-7.047259585206609722e-02
-9.009508825036732782e-02
-6.225146630254996261e-02
2.942208394382493219e-03
-4.193999689688082677e-02
1.787011636229702063e-02
2.795231168332919930e-02
9.394302992077014497e-03
-1.993280190992478829e-02
-5.277245778652214780e-02
4.127120881091340954e-02
8.604194463984224384e-02
2.162490371446875587e-02
-1.568967039284114434e-02
-4.839313763075096808e-02
-8.397099053758291798e-02
-5.442891748833036947e-02
1.063995288574434844e-01
-1.410022319491392381e-02
-2.685430404778234303e-02
5.487958736758073025e-02
-7.337209614109081735e-02
-1.145050827224764964e-02
-2.787798463964845722e-02
6.956183315672852252e-02
-1.532178791099361725e-03
2.277023807738587369e-02
-2.531799250118652728e-02
3.221413942635825006e-02
4.664008423579634605e-02
-1.182273107866452233e-02
-9.564299552590777020e-02
-1.052034197441258784e-01
8.087165171432042499e-03
-6.950738944106027439e-02
-5.964605346052899437e-02
3.163498671337677814e-02
-2.500856224373701475e-02
-6.920687468129210762e-02
-4.899188341274133413e-02
-1.164787524626167969e-01
1.101414391083657164e-02
4.946732196264984338e-02
8.864880286360983866e-03
2.972038716499847064e-02
-2.435115850140738905e-03
3.664628445655065958e-02
-6.977583979728403663e-02
-8.030166762967531902e-02
-3.083402700605065994e-03
-8.021843013622119434e-02
-8.200746582073842328e-02
3.850332901957329718e-02
-8.228723784058707136e-03
3.663893396678220143e-02
1.421179741810733518e-02
3.154504887124857243e-02
4.634315846613795697e-02
-3.614803733380012041e-02
-7.184294547285562105e-02
-2.904735093580780581e-02
-7.466815333124521281e-02
-1.393634595781451969e-02
-2.388292944504245494e-02
1.709790604008942089e-02
-8.740569812794804494e-02
8.192831883319307701e-03
-3.255514084702902655e-02
-8.110434600823342166e-03
2.107893548314385829e-02
-2.276287607395951693e-02
6.016699035606699886e-02
5.007381394765770405e-03
7.504909159399635044e-02
-3.589326252185529725e-02
2.373292982767478271e-02
-4.456733454335595757e-02
-3.914379862520716430e-02
8.232884043357052706e-02
-3.428152945355282533e-02
-2.687254347221765260e-02
1.668291865652858641e-02
3.079991388937335789e-02
2.879256367257535323e-02
5.164857024228436400e-02
-6.677230924150107105e-02
7.933802984061388841e-02
-4.392973985910041818e-02
4.219713658299133197e-02
7.325387992218547820e-03
1.949240560507842918e-02
4.512125748607019593e-02
-5.476597165959617985e-02
1.041006798063421751e-01
-8.856998877775174028e-02
1.905600052971201386e-02
-4.835521792776598105e-02
-4.206067833157565300e-02
-7.200125649422922658e-02
3.399406803919953479e-02
8.234105268479591233e-03
6.077055911118146858e-02
3.774817654363535335e-03
3.558274241686455730e-02
-6.363004654913063940e-02
4.625568901998293458e-02
1.901639264770832102e-02
-7.548158790106015981e-02
-2.684249025134842828e-02
4.908062680494461316e-02
9.620781840161354848e-02
-8.931853072848597308e-02
-2.528423830160071023e-02
3.533391835417060145e-02
-2.556337137848633048e-02
7.709723798973402986e-02
-1.763732109196197023e-02
-6.839664639296008652e-02
-1.295961529443271851e-02
-1.332070778051902549e-02
8.634800114209435079e-03
-6.157442522016609576e-03
3.192303401244791367e-03
5.213716522957788368e-03
-6.237525079416612189e-02
6.978401047678252367e-02
-2.683704315510698074e-02
-3.638838656822118711e-02
-8.578251644364576212e-02
-1.103340117887612916e-02
6.891739070512968753e-04
-5.671042015149236303e-03
-1.003041982576895474e-01
-1.152827231769119193e-01
-3.748077394361666592e-02
-7.549061660144675001e-02
5.916196279146493375e-02
2.010158242308753701e-02
-1.400261366059914192e-02
-5.153052144925364397e-02
-2.333944341693721530e-02
2.883088600070188301e-02
-6.929108642961356868e-02
-2.653968255112252109e-02
2.655841315923509680e-02
3.764222488960127649e-02
4.541571742021481561e-02
-3.355847822181527024e-02
2.570243303765257573e-02
1.147933734740850670e-01
-3.017319237950139010e-02
2.285689812244879118e-02
-1.915360344374395646e-02
-3.079162288802863440e-02
6.045924108569277616e-02
-6.941148040146351283e-02
4.454542442117188916e-02
-1.548106422652999886e-02
2.576126636605521880e-02
6.664934672375386060e-02
-8.365532186181662277e-03
1.524634695609340673e-02
4.788491549051933013e-03
-4.266883004514671063e-02
-5.057120491277314334e-02
-7.899867669988501484e-02
3.926749059821687746e-03
-6.244405713625911236e-02
7.442484111028019322e-02
-7.459204501391389353e-02
-7.121167499387683411e-03
-1.179001791950801820e-01
3.547551399084934720e-02
-6.955587016860192984e-02
-8.135895572009693710e-02
4.294025822144142968e-02
-8.557101705295785954e-02
-4.106080321331088967e-02
1.376047175901069786e-02
7.317207960522034704e-02
4.012564029983990699e-02
1.202928790105951135e-02
6.612957553762778551e-02
-6.019197263486638499e-02
4.750337126639980062e-03
3.900849230479480623e-03
-2.578446214050002239e-02
-6.603453594741949713e-03
6.179528896525971621e-03
-4.451559619130968093e-02
1.725015959796684373e-02
-7.266510904899717294e-02
-2.751090083838199363e-02
-1.843470055558309867e-02
-6.427482571229142794e-02
-3.252791814833691508e-02
-3.520595408294871498e-03
2.854011123238227310e-02
-3.823103198298188204e-02
2.606079046324551868e-02
-1.013239329426004684e-03
7.705730408906055762e-02
6.616847496362998626e-02
1.126890009124455888e-02
-1.276786138931396836e-02
2.642334986623291401e-02
-7.798705461947069706e-02
4.957105462756733472e-02
-9.987729794032268460e-02
4.829536312516179153e-02
3.625387315044793085e-02
-2.484476538953006228e-02
-2.437650611637242129e-02
-7.947872573541421570e-02
-4.787864743053007327e-02
-9.192265153440257186e-02
-4.006520953669710783e-02
-5.260281390058632600e-02
-1.042532929332518898e-01
7.436833518405625010e-02
2.798618631543921612e-02
-7.250976495028169100e-02
-4.089967761547550623e-03
6.483749849264913712e-02
5.297872862957629658e-02
-6.171965035199342836e-02
-5.586543312189615890e-02
-1.298905410643468386e-02
2.641468805319564447e-02
4.118032255872376875e-03
5.247006888473003394e-02
-6.434279217657282168e-02
4.583620281449001660e-02
-8.882199427263931524e-02
-3.072811906279284550e-02
2.582407537024514893e-02
-7.372747854934530443e-02
-3.396480857431563583e-02
1.131918113176922334e-02
3.445763137416489597e-02
-6.237242258233417769e-02
2.448006119196689812e-02
5.167179155982733890e-02
3.104419548715562152e-02
-1.159258242845558340e-01
2.731736051991064118e-02
2.096525639566599458e-02
-8.438073354852179686e-02
7.930918309721798898e-03
-8.998494546211087408e-02
5.302213445440322886e-02
-2.186183344543615389e-02
4.848847833485726150e-02
4.041850164917161481e-02
7.182869802495732425e-02
-3.864781553563866046e-02
-5.795575950006010002e-02
3.335822754721787242e-05
-6.911412558702109687e-02
7.214448810872636786e-02
4.902699026245140729e-02
-3.038594904719972567e-02
-4.548112330942808562e-02
-1.063518813505009986e-02
7.386916520446346057e-02
-8.357252463717274038e-02
5.920184309755301133e-02
-4.411148177976065288e-02
-2.790263469834852739e-04
4.882137621957401141e-02
-3.542181677318039651e-02
-7.909150522210512887e-03
-1.305109296259755192e-01
4.419185051617974258e-02
4.899382686228977851e-02
4.655598533400441552e-02
-9.189903907748406264e-02
-5.167741210736611496e-02
6.176235282290749862e-02
-1.108718074695628220e-01
-8.697436626102619806e-02
1.335436849444216617e-02
7.072401240142060785e-02
3.689792471252242856e-02
2.080597885019089960e-02
8.063660745205228353e-02
4.551696175145997919e-02
6.753380855467572275e-02
1.105024849146678534e-01
-7.556092393420355685e-03
-9.464892240421625413e-02
-2.979872806736026669e-02
-3.113817674001334926e-02
4.549787907451639801e-02
4.051628608143414273e-02
-1.931715182189527175e-02
-1.079100306449914254e-02
-1.171092872144189473e-02
4.039558432266532328e-02
6.794020614084690657e-02
-9.540773002921404400e-02
2.189435587682134199e-02
3.971090189528157788e-02
-1.034552079047270645e-01
-9.865208458659579377e-03
-1.989315090199169495e-02
6.590122379893874338e-02
1.237762760955398236e-02
-3.332358498923804896e-02
4.066324835922213027e-02
2.637956586008496918e-02
2.018011885166780955e-02
5.832969171337860914e-02
-2.422882035706378293e-02
-3.958405422303067078e-02
-3.141601525210063750e-03
1.284692211355771205e-02
-3.158240627117585297e-02
9.624391920376183795e-02
3.806713931022106395e-03
-5.897077547774040585e-02
-5.162406795344296612e-02
-8.959022230550559018e-02
-6.209714535989070694e-02
2.432848591593422122e-02
-6.540946135433547970e-02
2.000233834094138768e-02
-5.956638880451666646e-02
1.641055895255582806e-02
6.582377722717069890e-02
-4.535190637485725373e-02
-7.542570208471689741e-02
-2.299584459637656758e-02
2.797901362798813074e-02
-4.223184921508779666e-02
-8.057092323464407069e-02
6.751964199005695833e-02
-5.787038130275229397e-02
-5.428975271983652040e-02
8.198388871415113188e-02
-4.427001549805036421e-03
3.636403234774301940e-02
-4.600618619821381095e-02
7.622380107612475308e-02
-7.926382223345311562e-02
5.600520505639561275e-02
-1.317139515306578815e-02
-5.695735144885590018e-02
4.721474645002846776e-02
3.988379437906811043e-02
3.612736416672229778e-02
2.457274593588990377e-02
7.360547612284286390e-02
9.493446603499683389e-02
1.656538672959478528e-02
6.844261819521316181e-02
2.833382177281093192e-03
-1.047363666787780728e-01
-8.475283343811874925e-02
5.865814156370872251e-02
-6.053389855231003369e-02
-4.022452314412523766e-02
3.341935520643071755e-02
-2.735771617622727650e-02
-7.856687185390641426e-03
-7.428824828442057160e-02
3.808674634452659941e-02
3.936444840710647680e-03
7.170521693721590428e-02
3.915619714219872177e-02
-7.219212522077582406e-02
-3.264946653480083061e-02
-4.035928266107743911e-02
7.802496589689534093e-03
-3.619986594759738371e-03
-2.611004716532728046e-02
-1.009036991638856823e-01
3.432227719661441745e-02
4.035660248021813445e-02
1.658239260184449226e-04
-6.139983671275604793e-02
-3.184084057451669336e-02
-1.014728389376919476e-01
-2.406681782398993608e-03
1.952705960710000507e-02
-2.565804403373701803e-02
-8.867710920492288817e-02
-3.870210722824522775e-02
-4.173036278584585368e-02
5.556784074449062222e-02
-7.256963502589802717e-02
-1.140894155918416308e-02
-2.803976192408316054e-02
5.845208900034018495e-02
-2.919568388437090295e-02
6.419013878786104799e-02
-1.504128591150561203e-02
-7.644899478001991600e-02
-8.505618048397575737e-02
-6.215417828824899849e-02
-1.126658265693199906e-02
-9.708016341809226624e-03
4.613639377539346248e-02
-9.572290019476975553e-02
3.346299402824598479e-02
-5.475189755647039136e-02
-8.487163429131469594e-02
-2.133299289834428292e-02
-6.445268458941720569e-02
5.596865832872198465e-02
-1.814403792380705691e-02
-8.415290727708363283e-02
3.264304885364016640e-02
2.361891936107841580e-02
-7.290422954657591048e-02
-7.515950854273488468e-02
4.470105733414112686e-03
-1.438833361335608782e-02
1.112458841188950498e-01
-2.424664852826844200e-02
-5.186571371021196641e-02
-6.667437884147792149e-02
-3.016895167121628335e-02
-8.671004320363823181e-02
5.406647391320468232e-02
-5.862547834208525765e-02
-4.209808205738915787e-02
-7.468790277833678437e-02
-1.556262109918526981e-02
4.254179259288502768e-02
3.311896342951448774e-02
2.891303933734014342e-02
-9.875895671725315461e-02
1.073806396037853619e-03
1.456570908891400597e-02
5.241733424701817273e-02
-4.033242612006265881e-02
-2.808656592844112690e-02
3.431099921431990385e-02
3.278550147485004285e-02
-7.248527473718574532e-02
-2.677990998975420325e-02
-8.012369975471448497e-03
-6.327617062279630722e-02
-4.375651498980819010e-02
-6.876471350263022031e-02
-1.176669892156740477e-02
5.758372003203582334e-02
-3.895687062117649674e-03
-2.828673101678245982e-02
8.347218556682012985e-03
-5.718900742785180263e-02
-7.628325784211675842e-02
-7.090292196860553675e-02
-1.505598463262095357e-02
4.989494159063311701e-02
-5.249522704047732136e-02
-7.826464911431717242e-02
2.390975423732078289e-02
-2.704776991070863973e-02
1.011161274816375043e-02
-6.479559642228413865e-03
-7.952363659615181712e-02
-2.339758767371417567e-02
7.924817713734189084e-02
-2.830503578125093123e-02
-3.858191518997124148e-02
7.312978466470237970e-02
-6.411950767982563248e-02
-8.986152419323920060e-02
-6.439110794912435154e-02
-1.665854539547625621e-02
-1.176534057786257220e-01
-8.129107207743829777e-02
2.208362343776131345e-02
-6.398976850700345033e-04
4.307327672382392503e-03
4.892464809981619117e-03
3.225186718074857933e-02
4.726235686771697309e-02
7.628711875772942186e-02
2.529365744870936544e-02
-4.446347511072432090e-02
-1.804680018316611942e-02
3.313103681672067979e-02
6.959071605963422502e-02
1.341862031807101660e-02
-1.110750756911433740e-01
-1.418024032504942855e-02
-7.025828915946227826e-02
1.597473775689424447e-02
-2.255621704696849847e-02
5.327479190751768789e-02
-1.845857639132617023e-02
8.300766004509288129e-03
5.251510327378468290e-02
-6.117385717378228532e-02
-1.009058733962335530e-03
-1.837642709338190364e-02
5.159447680277021858e-02
-3.760244896673012316e-02
-7.327587749076396040e-02
-8.456124113635540840e-02
2.294223354939586845e-02
7.190698296050551663e-02
3.082075771387583416e-02
-3.397200730534875868e-02
-5.695886509084525928e-02
4.961777143667864265e-02
5.336270888709164148e-03
8.447478568067424975e-02
2.960627839975915609e-02
-1.992886680187203399e-02
5.969461113864128754e-02
1.841490743820885928e-02
2.408026130562531536e-02
7.969733107890535073e-02
1.109672029096488502e-02
-2.783626340618040179e-02
2.285041841270156471e-02
6.446908050559288506e-02
-1.017966664336231349e-03
-5.997909747009166209e-02
-3.902867365342392592e-02
-9.850364474752790200e-02
7.059945712891296798e-02
-7.434566852715486507e-02
5.879304468864993832e-02
-2.466110920121968378e-02
6.412851371065030059e-03
-6.790986012184208054e-02
-5.226412061273040185e-03
-3.721907642754216511e-02
-3.175794535574383293e-02
-6.096678374836105030e-02
2.138584031240964994e-02
-1.678604258013393843e-03
-6.537619182556804465e-02
3.623622196304721044e-02
1.377042269150722045e-02
4.372808886358126035e-02
-7.835312105563269069e-02
-4.949539520990439007e-02
5.316454972075472518e-02
-3.609081556921515249e-02
-3.013445455209474294e-02
-2.623636089429871865e-02
-9.580160063109072199e-02
-7.683732874554509429e-02
-2.849342535667508808e-02
-8.130070841132142068e-02
-2.790610895472799696e-02
-3.584566597224152218e-02
-2.318203852367908824e-02
-3.759239222671337255e-02
-1.649557362435190300e-02
-2.579305332404932538e-02
-1.020242523240008081e-01
4.000140136196614002e-03
-5.334515372667561484e-03
8.260417729191785186e-02
-9.368570747768135976e-02
-5.846518416944252589e-02
-5.694612176994430508e-02
-9.697335326440843783e-02
-5.713159197068198858e-02
-3.543107176785074974e-02
6.644280729809418085e-02
4.746471523159342260e-02
-5.280482471507728232e-02
-6.550639315740459934e-02
-9.052455800587930201e-03
-1.156196483462205299e-02
-2.372485636828684102e-02
-6.735908497094700298e-02
6.982587024588862712e-02
-1.605819030099030903e-02
7.496058211788134140e-02
3.792964340618391883e-02
-1.084206046517285360e-01
2.485377665208537978e-02
-6.756630446420799907e-02
-1.380723246177387870e-03
4.429182037761893176e-02
4.016847322979099494e-02
-7.829359357019913257e-02
2.097238582187590031e-02
-1.591827919105432559e-02
-3.499591763070676598e-02
-6.308434803122774104e-02
-5.030152293676193320e-02
3.782211502254519131e-02
-5.803557436501668304e-02
-2.413778164815170990e-02
-5.359252724584478295e-02
3.470224559130248576e-02
-7.706998094725546478e-02
-8.168886951388884543e-03
2.646758625286658312e-02
2.992559707254360823e-02
4.280304495901592066e-02
3.416354580318230194e-02
-4.740517165057639079e-03
-6.420169948437048912e-02
-5.036534616905483097e-02
-8.159155837664307243e-02
-9.086456601318962378e-02
-8.165565552007869599e-03
-4.207857512626718421e-02
-7.580744326787947074e-02
7.985536736162271443e-02
2.204519163416590599e-02
1.384929700986688335e-02
5.464404797552616100e-02
-5.958043694798721007e-02
4.527082762771063307e-02
4.767749287723038742e-02
5.102018076440062444e-02
1.241849978068181037e-02
-4.012124254929148176e-02
4.326933275203066059e-02
7.772583913263467204e-02
5.119611717817837762e-03
-8.570913779402816735e-02
-8.614627730238622744e-04
-8.431491074772909378e-02
-6.596678959156487831e-02
-3.021394101374997102e-02
8.643455249688235253e-02
1.458795782186764721e-02
-8.450574914366043577e-02
1.853616152413428350e-02
1.673549032080691099e-02
-3.360468739814452543e-02
-4.173179622481277412e-03
-3.900246558205502923e-02
2.874197098180226659e-02
-1.245374259018565757e-02
4.141170874613582520e-02
-1.289045387397246001e-02
-2.328025411838736264e-02
-8.131754634305582430e-02
-9.785644579551177474e-03
-7.992097827181898761e-02
2.987777567253720526e-02
-7.381962557911010692e-02
-3.148742612413133607e-02
-3.150714984266665686e-02
7.582989170131757689e-03
-1.704698631676212356e-02
3.991208210745154222e-02
2.498410315781816188e-02
3.204133205073496360e-02
-5.856389738367663578e-02
-8.102134102777065749e-02
1.848312681475149273e-03
-6.195268063009434778e-02
-8.669145002611438472e-03
-1.458952603201999973e-02
-1.695619070397424207e-03
-4.032774335989712522e-02
4.158733308437865400e-02
-8.835888251332309207e-02
3.749585614383312004e-02
5.235270523923753194e-02
5.626313446580781530e-02
2.317994303953194862e-02
-9.717978877465791032e-02
-5.466948878743715934e-02
-7.251891395434745258e-02
-1.229943343590026578e-02
2.594512322503016166e-02
4.078855009447658608e-02
-7.296011330943046047e-02
6.323947276344028812e-02
1.501397066191964211e-02
-3.345471124929588064e-02
6.094906474897642673e-02
-7.383444981796730144e-04
3.602345290994947435e-02
-1.082810268409965943e-01
-2.348370679362490887e-02
1.031068952051164694e-01
-1.196056398291617598e-02
3.824562006636375577e-02
3.239610769854160688e-02
5.113068349715387678e-02
-1.013047381654341994e-01
7.302224024604424268e-02
2.135135696766882890e-02
-1.639757651359738388e-02
-9.624018979483847658e-02
-3.583091360308721107e-02
-2.508876642347672090e-02
-1.059848430694996096e-01
-9.220265112701506172e-02
1.798355875799567682e-02
2.257522537393009954e-02
-4.679463768001018709e-04
-6.886640903941004810e-02
1.900024354056375001e-02
-6.981198262920597364e-02
7.431247887992746548e-02
6.837542280766169267e-02
1.545522672179451551e-03
-3.788825420693904544e-02
3.600054656203109660e-02
-6.851825551785871438e-02
1.558947341846722914e-02
1.993520198916064884e-02
-3.581490779325571805e-02
3.158484798581460279e-02
-8.247622119140292363e-02
-1.357767157991694121e-03
2.767133474620762923e-02
-7.422782266637975579e-02
-1.830908259116944062e-02
2.363898162022879529e-02
7.473488580095996765e-03
2.129355059405742961e-02
-1.006583390400784400e-01
-5.444944912369542589e-02
3.919445029127365671e-02
-5.682884368050389323e-02
-5.206621045255242775e-02
2.683095326849534168e-02
9.632152143416432971e-03
-2.239317080912094429e-02
4.891416863399886128e-02
-3.712965370668909471e-02
3.310890488787458785e-02
4.001865594386992686e-02
-2.908050290287737816e-02
-5.280555019491087881e-02
7.328906324274403472e-02
7.315874920353965249e-02
4.867163717230735959e-02
3.986860715437333391e-02
-1.942749554778763765e-02
3.701303530603378827e-02
3.177302450166324954e-02
3.713047563382589761e-02
-2.110739261530991326e-02
2.500517467765672741e-02
3.065490704182960782e-02
4.002916872170572682e-02
-1.787607049415455840e-02
-1.053118711496303372e-01
6.168714071871087695e-02
-2.627356897055294072e-02
2.567483276331398306e-02
1.632264549625062414e-02
-1.992967445395799758e-02
-5.958575507593039111e-02
-6.024702342395875376e-02
7.104453008776406842e-02
4.566143208346690879e-02
-4.526490999192603337e-02
-4.986519606385783621e-02
6.321194357520569518e-02
-4.619375744633542891e-02
-5.017084183036824713e-02
1.835586736153249632e-02
7.097739830176993947e-02
7.906828619140507386e-02
-8.952171021936168593e-02
3.966853174471018928e-02
-8.585608848664018355e-02
-7.126213661917887854e-02
5.347595359923729141e-02
-7.190647763005825199e-02
-7.003676206530813630e-02
-9.835387201684234193e-02
-3.702091306848226404e-02
-2.843017540888637812e-02
-3.740087470224928018e-02
-4.349553892460275573e-02
-1.069155401195242272e-01
-6.382818175908701319e-02
6.457826698350779826e-02
-2.734714847275572513e-02
-9.002432079345222549e-02
2.870518149607771338e-03
7.898582406739376727e-02
-5.906964442026502171e-02
-2.797829166577003174e-02
2.346179959729645728e-02
3.835555022678045767e-02
-9.286971915419274873e-03
1.758923780080085941e-03
-8.899272831590476773e-02
-7.463025472243232927e-02
-2.594015388131115651e-03
-3.273691187151030191e-02
5.174795302560994403e-02
1.351115761213394009e-02
-4.252706387977446545e-02
-4.239873467675292495e-02
5.958615095897239894e-02
9.988502793643060096e-02
-2.035234469471818367e-02
-7.551419930706609190e-03
-1.384060238355491190e-01
-5.194461273310353733e-02
-2.579278871426295486e-02
-1.033510449944398529e-01
5.466851801740713751e-02
-6.075158744705520114e-02
-2.242507791604876621e-02
4.336984667889446504e-02
-3.277593593475985889e-02
-8.071733481517361780e-04
-6.702338287628287206e-02
-4.703059275747903389e-02
-4.493622339254854658e-02
-7.264771124138144631e-02
-8.523588116860310315e-02
6.809772175911235625e-02
1.626812365015157733e-02
-2.679413899749015504e-02
7.687104262801659760e-02
-2.857669717762705355e-02
5.548691827113744202e-02
-4.705077176781029269e-03
-8.262948679052105339e-02
-1.152733592459535272e-01
-5.339470508615876132e-02
-3.646946721980508233e-02
-3.718986653137307252e-02
-3.961627517668424303e-02
-3.547856591154228967e-02
-4.130098259885920525e-02
-5.042483434288081573e-03
-3.012954805816191184e-02
1.574730812945432726e-02
-2.523517023598272069e-02
-7.780521349268113007e-02
-5.588193645014748190e-02
-4.127735880689752460e-03
-6.088984494144168008e-02
-2.578096382995436267e-02
2.670306706114535661e-02
-6.214764190676497213e-02
3.287933792348356199e-02
-7.891846512373056066e-02
-8.749393129211279971e-03
9.249975578184297872e-03
-9.607047127084385185e-02
2.405864732638531012e-02
-1.056435005507786427e-02
-3.542982732064870605e-02
-3.303568361726397923e-02
-7.387062321148658850e-02
-2.922160241352246904e-02
-9.170239607658703385e-02
3.256131334991179543e-03
3.284775926062123014e-02
1.895088593583645759e-02
-3.213025345710189551e-02
-4.057431834499341389e-02
-1.042371462374740154e-01
-9.570270377718224919e-02
-4.403462325744674638e-02
3.439556058663883337e-02
-2.663951825379606494e-02
4.259350355715986469e-02
-3.795638733283519112e-02
1.530920250217130199e-02
-8.209618391483160249e-03
1.641218760857541398e-02
3.458926210945739710e-02
-9.459037396886715854e-02
-7.259890078111133627e-02
2.520257445695949644e-02
-1.077868325916226250e-01
-4.782015407614254032e-02
-1.113318326394983349e-01
-5.179570861865248621e-02
1.979869296854876171e-02
3.029933599051022608e-02
-7.727360734035026990e-02
6.858675497001817667e-02
6.382930748894044548e-02
-4.422292060339418768e-02
-5.233284696834207550e-02
3.566165762873590300e-02
-9.613638829452304801e-02
1.784659286992197960e-02
-6.980042629555620326e-02
-5.767701556127328988e-02
-2.251462309357762578e-02
-9.575368492855319824e-03
4.727504611263166900e-02
5.290333838694691315e-03
1.455396154208712586e-02
-2.433140768623372543e-02
7.045716283806674474e-02
9.563149480196417307e-02
8.481527452377277121e-02
-1.299710788700147446e-01
-8.749586162348335638e-02
-8.938024562926619176e-02
1.481278178612716045e-02
3.516443788039029517e-02
4.047491936918219679e-02
-3.438766192360417917e-02
3.665899926742117315e-02
-1.444182348949393790e-01
-4.578500492449559534e-02
6.074642786755055091e-02
-1.518152197210282696e-02
-4.754078669687176323e-02
-4.539291433162303407e-02
5.154628453421415679e-02
-9.117941806632530455e-02
1.704801808801321202e-03
-2.069120274249043601e-02
1.115302702596469853e-02
2.350561041328877530e-03
-8.257629899478724500e-02
-5.383708460478830310e-02
-4.375870848779134237e-02
-5.054282921996916533e-02
6.491421914862598175e-02
1.735909957641758317e-03
-8.123816926992627474e-02
1.501470966356039174e-02
4.728799724122140918e-02
-2.184344432017601423e-02
-7.303052460459422135e-02
6.808691808571000481e-02
5.417581257059979338e-02
-5.621019279337342162e-02
-6.121431679864619557e-02
-4.160312589704206337e-02
8.895548582644247082e-02
-8.321368738229373285e-02
-1.259776884951650799e-02
-3.735527031397287839e-02
3.676106534691031547e-02
2.022171195288031964e-03
-4.344623731003647432e-02
4.495911899410062751e-02
-5.625582103103192455e-02
2.238390104507438291e-02
-4.828723141734727470e-02
-5.454875991243136879e-02
7.278358673602092210e-02
-1.308754871707285689e-02
-2.183754611980609495e-02
1.631627599110865162e-03
-7.919046568019680321e-02
2.184009058806231016e-02
-3.854906777210202057e-02
-6.414097134900842434e-02
3.355771713566570169e-02
5.357731051593113414e-02
-7.140094352086172325e-04
3.785701600971164149e-02
5.122970458509845670e-02
-1.271691185634235555e-01
-5.543314545381195640e-02
-8.539170402622967004e-02
-7.482255104721070860e-02
-5.681931606491097408e-02
-5.873064755324263961e-03
-2.468164054131166685e-02
-2.501936209648369935e-02
4.017778631123269245e-02
-5.068259941055296147e-02
4.531264829446979975e-02
2.908585305414999184e-02
-2.286855439736393616e-02
-5.792220897912549876e-02
5.316796347071366807e-02
-1.385979495745989429e-02
7.057068132074446887e-02
4.488867680566285823e-02
-2.712147342042666581e-02
-8.892020183726728755e-03
5.326650600499946431e-02
-4.265030423290776251e-02
-7.457456281986427071e-02
-4.022767334529793459e-02
-4.543259681338317896e-02
7.603252445898385503e-02
2.115453446627943435e-02
-4.108069851713699872e-02
1.267470549316241507e-03
-7.949803736227742390e-02
1.130865090827513908e-02
-7.230303131037620415e-04
4.397001333621938096e-02
-8.117860334287571589e-02
2.938786061538278122e-02
9.550677025903715756e-02
-2.323830377954077750e-02
2.565367191466209028e-03
6.147003662654136613e-02
-6.983209772640056046e-02
2.427126976516766690e-02
-8.682092394371727917e-02
-1.943301960390522373e-02
-1.056070279669325818e-01
1.272086017864174079e-02
-9.166803990895312781e-02
-2.769589142342760574e-02
-6.312867907769806330e-02
-9.088844301158119712e-03
3.988466838212906956e-02
-1.031664682887312445e-01
-9.151013515774589213e-02
-3.612350495527774652e-02
2.172463903374767524e-02
7.202670928062770983e-02
-6.233181607936080088e-02
-7.931870683433089875e-02
1.574957543181821490e-02
6.344599470189589419e-02
-1.279664531900784052e-01
-6.848749224351598219e-02
7.268000639448421452e-02
2.472012086938994713e-02
6.383123341053564825e-02
-5.167892106160619503e-02
-8.177525303823859892e-02
-2.054866452963896237e-03
-5.981718364657355458e-02
-8.458089082383013491e-02
2.969488146346140750e-02
-6.507954664689512281e-02
4.227071775561763722e-02
4.174851475501167863e-02
1.843716214856442465e-02
-6.448651167522160763e-03
-3.575682064789111048e-02
-8.228266971039568944e-02
-3.191243645150480812e-02
4.550423560070841755e-02
5.680096867838933805e-02
-8.565005717291808429e-02
-6.493919389213342885e-02
-4.407246695383066487e-02
9.090741708962279954e-02
-2.158880020996393340e-02
4.037298444809042652e-02
-2.242657373609761515e-02
-4.372338531665555250e-02
-5.621976305430116672e-02
-3.487407345682549953e-03
-1.008049514651849082e-01
2.947689711610150531e-02
-2.164059423378464700e-02
2.317938562286264714e-02
-5.253546569867566240e-02
-1.245026632406730227e-02
-6.205581173793299488e-02
9.203850726741497068e-02
-1.024817063526789994e-02
-2.702461362001103498e-02
3.942802023017835666e-02
-1.034210394973924738e-02
2.345326007545501384e-02
3.376312914162248047e-02
-5.313345183275818007e-02
-5.344243935774789511e-02
-2.234216809045126706e-02
-6.930956502706556166e-02
-2.389713578998897345e-02
-5.768784079193590292e-02
4.067843178787883263e-02
-1.668968515081404105e-02
-9.244948459101949567e-02
-1.460979215179911660e-02
5.821694696958832488e-02
6.659920681986503110e-02
-5.089900676822277370e-02
5.853773788133628808e-02
-6.846154955890025248e-03
9.856225382524307077e-03
9.605941538992590623e-02
-6.030701899454905812e-04
9.902815320516612091e-03
-5.137242967802298915e-02
5.656073992828762956e-03
3.675570536493422830e-02
-2.069966566646530559e-02
-3.187119477179687493e-02
-4.508517840566184792e-02
-4.391807480635653849e-02
6.533724941842145029e-02
-2.465071334985322049e-02
6.295680478441778583e-02
-2.557791968857246398e-02
-5.518131375512791426e-02
-1.163001078420512410e-02
5.813885390271202047e-03
-5.461125338101385090e-02
-5.631598437258358153e-02
6.457605256395777815e-02
1.821083321313304165e-02
4.472941629157867888e-02
-1.138496667937971898e-02
-1.827718156308496406e-03
3.222690627347101627e-03
4.813060566346189645e-03
-1.147491117018218376e-01
-9.345940218251611031e-02
6.772631183450708581e-02
-2.302101340332676771e-02
2.274803329782340219e-02
3.972887786732407639e-02
-1.508124180878102696e-02
-1.204487747561196337e-01
-6.163837486527971865e-02
5.913723076851674920e-02
5.333172709517342708e-02
-5.319513281173638558e-02
-5.686505433674514387e-03
8.324248490819889656e-02
-8.829422920313013956e-02
2.822344121247708643e-02
7.996189231505229644e-02
-6.575492441798862220e-02
1.289912188665614558e-02
-1.271575030814972584e-02
-5.312597823115703527e-02
3.772191979103908105e-02
-3.339510638460038705e-03
4.302323579048909080e-02
-2.845793966450068518e-02
-4.613976980462903416e-02
8.739279216025822028e-02
-2.352469625846335954e-02
4.135438008027875201e-02
8.814899976982534802e-02
9.769450753639960169e-03
8.574645003841741692e-03
-6.383812400750162042e-02
7.060444895446885138e-02
5.581950847896134660e-02
-6.249539089593955654e-02
-7.605357561660699983e-02
-3.391027831837766654e-02
-9.041695977258802641e-02
-2.081067722996400929e-02
2.507178337653041822e-02
-9.087144309209550797e-02
-3.854295765328194512e-02
-1.118753182098521648e-01
1.451386586978944682e-01
-4.628076487569096620e-02
3.040109693108350442e-02
-3.023575892692750150e-03
-2.436125236710523848e-02
2.242657891532778142e-02
-6.436420801637035560e-02
-4.330471341844278899e-02
-4.547272301204832029e-02
8.746439716627853189e-02
-3.660509090475974614e-02
-2.673043657735990619e-02
5.453966594798516365e-02
-1.033984919943774401e-02
-4.483503586293530879e-03
6.317718798020965920e-02
-9.471944420677577345e-03
-3.598620381360353310e-02
1.120830398997515673e-02
2.039071640230254862e-02
4.508702978170692904e-02
-4.468177275315071001e-02
-1.353447584230513256e-02
3.961105473033411928e-02
5.588366956494634358e-03
3.711236019014718668e-02
6.317529071172534039e-02
-9.759268417898642189e-02
-5.598716318402925662e-03
4.760690615176715879e-02
-5.649934240868907664e-02
6.854262431540908418e-02
-1.795384942792013078e-02
1.594371502166028881e-02
-7.683794912119269738e-03
1.191944826902975769e-02
-1.624053245266231238e-03
-2.999446422946864393e-02
5.087776622035682789e-02
1.091619904036588845e-01
-5.951305184751856658e-03
-3.287966764410775455e-02
-6.962139958565252695e-02
4.002613492869545181e-02
5.183389001459633161e-02
-5.679258049640115158e-02
7.748123684549443335e-02
-1.240004504816332592e-02
2.000136567010159586e-02
-9.683910054250123578e-02
-1.828653085657850480e-02
9.617970394259209299e-02
4.311054084355822602e-02
5.880410530714194617e-02
-8.356167591073920820e-02
5.633179810261990800e-02
-5.206931786003568541e-02
-1.199587339727950508e-01
2.938945326661952448e-02
-3.732549777529987900e-02
-1.931290656071630446e-02
-4.584689076020424629e-03
-4.809160400866341334e-02
-2.616303353091450207e-02
-9.915156497829997334e-03
-9.164003586100186172e-02
5.771694091015097672e-02
-7.499720626122505229e-02
6.716806406382795636e-02
3.764492596719166972e-02
-1.260986000087740283e-02
-7.804045753840466171e-02
-7.380072670690053516e-03
-7.169044233552537837e-03
-5.841899679675320589e-02
2.057652087374095204e-02
-1.791852639891282351e-03
-8.145442401366320695e-02
-8.193212818852696477e-02
-1.481170707034024786e-02
-1.805485518763340000e-02
-1.561121926399490489e-03
-8.519447369042558449e-02
-4.385332165770215729e-03
-7.487549332410722847e-02
7.307897059504910031e-02
-9.125051001349886171e-02
-9.004619413735097389e-02
-1.636566042104740243e-02
7.133877206377733926e-02
-2.479498261502427817e-02
2.370791506764053855e-02
1.660943539478268449e-02
-5.688012340886273999e-02
-4.948388442409271809e-02
-7.692806235579401075e-02
-3.520027550801828331e-02
9.425509187010104595e-02
-9.431935975326807831e-03
3.933288112003149872e-03
-3.174033290420694153e-02
6.174999413379887725e-02
-3.387835487295279974e-02
-4.114318737285556360e-02
-2.486771991643163884e-02
-2.105040258537402287e-03
8.730407440524225182e-02
-9.680378084217662604e-02
-4.469861285756294295e-02
-6.183901581457632718e-02
3.076843433011428736e-02
-6.363205445820530048e-02
4.052814439306880873e-02
2.319396813791431422e-02
-5.926334755590781378e-02
-8.098890257752273947e-02
-7.378195840525419991e-02
-1.171865442856957762e-02
-4.703096921388323637e-02
-2.384505515478470977e-02
6.217136941815836100e-03
-5.258518657671799879e-02
-4.650349788658121597e-02
-9.274004472504021601e-02
-1.442377304422360826e-02
-3.490339188434684464e-02
-9.733549101279850846e-02
-5.366877207817125073e-02
1.284674671092512523e-02
-3.647179745387038596e-02
-1.351505997275012361e-01
-6.826275534864223449e-02
-6.964251859971690162e-02
-1.864481952275304222e-02
-7.042883855004736238e-02
2.399278142949253997e-02
-1.388600226017877581e-02
-4.824217186684059272e-03
-4.874803364561675068e-02
-8.503200328984471257e-02
3.234137631647455297e-02
-4.448885232177163251e-02
3.093072565084721559e-02
-2.222600095793578201e-02
-1.265783905688772949e-02
4.641636520775410668e-02
8.737991494045862020e-03
-4.563902190990027502e-02
-8.131328276751839668e-02
-2.707822291547218319e-02
-9.965987733185757702e-03
6.412009777230301411e-02
2.127494495352216797e-02
3.546142338461219512e-02
3.241256024048078284e-03
-5.814445637895805652e-02
-9.437891135152293165e-02
4.435034480903323612e-02
7.430393071795540760e-02
1.973791802184919966e-03
-7.802178532489202623e-02
7.271240849425292252e-02
3.055721826675730085e-02
5.350724260100379881e-03
6.860355253192587655e-02
5.960544897884875737e-03
-9.579164148968721815e-02
-2.135740109311128065e-02
6.778409822104250471e-02
-3.197771937621703142e-02
5.582498738286472556e-02
-5.914695120347249202e-02
-7.015769743287780802e-02
7.758717790391175817e-02
7.077236075012739713e-02
5.616561557702633156e-02
-6.515738524992729930e-02
8.056544723565520205e-02
-6.684256498218378584e-02
6.861270412887646164e-02
-1.745126157349222856e-02
-1.929066415406135993e-02
-7.019726364570419430e-03
9.843546915517392693e-04
-6.545263077644296323e-02
-5.089132366219145664e-02
1.433358912313349720e-02
3.142872402551581679e-02
4.377289805355864122e-02
-8.467153555276238364e-02
-5.945209250161250999e-03
8.792220372584999555e-02
-4.435164714475230835e-02
-3.451829333581495074e-02
-1.772625646927655091e-02
1.046417009745068127e-01
-3.349938504320201099e-02
3.342094303308701386e-02
5.537029597532729108e-02
-5.728979353756526866e-02
-2.292372589668283112e-02
4.748703487361744663e-03
4.881363670585878861e-02
-4.922129849748636821e-02
6.526662488080772762e-02
-8.402562870420655916e-02
-2.847863837956192412e-02
-1.132561687243584109e-01
3.944645071918408130e-02
3.434602991221349932e-02
2.248639860383705447e-02
-1.728503179238985096e-02
4.009051062854605135e-02
-7.585196542989364188e-02
8.191647771510010209e-03
5.635010563009571621e-02
-7.255188419713658188e-02
-3.023551334888597425e-02
1.129380209084206513e-02
1.599579598167210487e-03
-3.667036585807491311e-02
-3.167565088002730761e-02
-6.495564312964563491e-02
-3.676926264346153106e-02
-3.634788545836629969e-02
-1.664613471196399463e-02
7.071735366634727959e-02
-2.922709444914951132e-02
-7.464403639254205136e-02
-9.357396168551447568e-04
5.195496708704239880e-02
4.382261420073019047e-03
-6.513599489143556687e-02
-4.166556436840739008e-02
-5.878932719518914496e-02
-1.465288993293832956e-02
-4.547353597344519494e-02
-9.593156239405366270e-02
-5.884939531923596978e-02
6.919433542990557906e-03
-3.150187906373856650e-02
-4.431173099271265570e-02
2.338236588841750840e-02
5.789954285242423365e-02
-5.549833754511609984e-03
6.405472600654137094e-02
-1.341054909719676114e-01
-7.545548033884751093e-02
-1.472605068521270003e-02
2.453143261803002878e-02
-7.824025262348592580e-02
-6.530805093633951230e-02
1.859680565934105842e-02
-3.303995529881785520e-02
-1.748095760006329602e-02
5.829138728510150844e-03
-3.851781674488267970e-02
-5.117152963041700017e-03
4.260057573607922698e-02
-2.174377826760751781e-02
2.557238785870745088e-02
1.751687028779724820e-02
-2.366149566246175326e-02
-5.967889266043146373e-02
-1.410265558397095359e-02
-9.239415705588209515e-02
2.429298230601854847e-02
-5.562905391368305058e-02
7.691913922810204862e-03
-1.195605657482576856e-01
4.892496734375630790e-02
-7.355410293694643331e-02
1.708934352443127695e-03
2.424041400454612222e-02
-1.382674778198868526e-01
-6.087993741960961297e-02
4.224772557879640650e-02
1.939428619746638022e-02
-1.020681170698470863e-01
4.973274945715816520e-02
-8.070034889630672836e-02
-3.729641602877809686e-02
5.047533508714594636e-03
1.097152254326775114e-02
-8.883100560380241539e-02
2.818354172537920060e-03
-6.164925317627486384e-02
-6.571948974511471198e-02
-1.166748604783101814e-02
8.967743037641255632e-02
4.935491054482871176e-02
-8.899256373895905736e-02
1.076329256831020098e-01
-4.442001603372739554e-02
4.207062704620834204e-02
-4.810810454248876794e-02
-3.668518382375904330e-02
-4.843180440375363877e-04
9.408713675046934122e-02
5.101585413808643055e-02
-2.113808891287089625e-02
5.448751060698629051e-02
-1.009150738077922577e-01
-4.206876274618437384e-02
-9.133756559182562573e-02
-4.506975479668086371e-03
-1.051834192900379383e-01
-5.237950312605653413e-02
3.634054998115240909e-03
1.989324109894423202e-03
5.188960007290612658e-02
-4.223366297467719827e-02
-1.009444656310784921e-01
4.824883872704796572e-02
-6.326857269308452936e-02
-7.642344309112603096e-02
1.236020719307173721e-02
-2.879389306094139872e-02
-7.334252503557962127e-03
3.142772044977318324e-02
-8.339873114076071237e-02
6.171957746980719084e-03
-4.391336901550765490e-03
1.012432555696645038e-02
5.881210719590437147e-03
-1.137856859872472398e-01
-1.204578097665251479e-01
2.232979397079813341e-02
-3.678559438113312985e-02
7.169294172953646904e-02
7.888323000110959715e-02
-7.847921024733174600e-02
-1.700759022101598801e-03
9.371721871679410121e-02
-8.493062622052670665e-03
-6.173823774917486934e-02
-1.133879407200661105e-01
3.518548981650351792e-02
3.757462968790949154e-02
3.641870003497408442e-02
-5.874192346555558164e-02
-6.712562252519620187e-02
-6.186303696749669012e-02
6.207281029497686842e-02
4.494474071572734930e-02
-3.803941795026468536e-02
-1.549519553489585033e-01
9.492010595634256531e-02
-1.082327365670932295e-01
-1.020878104491694180e-02
8.746502137888226280e-02
-3.135935159832949071e-02
5.645039312719406233e-02
3.555478502651301248e-02
7.161417270317843586e-02
1.086281237016988865e-01
-9.843172346234613235e-02
2.207867365927563760e-02
1.231776239367981911e-02
-7.770128706706928845e-02
-9.443995914023038674e-02
4.372679025572506761e-02
-3.992927622295625034e-02
4.862826976502877818e-02
7.779012063082851869e-02
2.118989653534226678e-02
4.198471062569453238e-02
1.877745068365753445e-02
-5.031373486205225828e-03
-3.832566683837236587e-02
5.540410366365509064e-03
-5.334309081268927971e-02
-6.904141604493027606e-02
-8.587601846043951825e-02
-7.614308454816921812e-02
4.228016229806463855e-02
-5.703426075887366165e-02
-1.915624390695417484e-02
-2.862442278888252881e-02
4.489291178235432778e-02
-7.985048048248204189e-02
1.116705237425390795e-01
1.767460130000245849e-02
-4.483936788609153845e-02
6.685547970468685985e-02
-8.496892200509137405e-02
-1.329606473838737882e-02
-5.671702088346387838e-02
4.225675948835523610e-02
7.369807891467691774e-02
-3.933572027066976201e-02
-3.005513448311414662e-02
-6.595496126361753697e-02
-2.321300489735120612e-02
-9.857404167664712835e-02
-3.135130484319737648e-02
2.599810304097303904e-02
-1.276703590865249371e-01
-1.765519734591014869e-02
-1.845007638764509239e-02
-4.054262612161137203e-02
-4.793190482329402757e-02
-2.268321865057014788e-02
8.733099947129735474e-02
4.531840883226747468e-03
-1.011766772639248607e-01
-5.250396796267481347e-02
-4.938006644397463507e-02
-4.702145383350755936e-02
-6.037914276277252940e-02
-2.437497050578033356e-03
-5.775588604695221923e-02
-8.860460309618982400e-02
-6.482223854665374041e-02
5.710765254676131164e-02
1.669948366672275100e-02
-7.630351398605902946e-02
-7.657053425538369595e-02
6.303473967365229302e-02
-1.142282848688902508e-02
2.058863318527794431e-02
-1.013453820641695702e-01
-4.027388718181625082e-03
-9.519253364999842593e-02
-9.115406197403158606e-02
-9.314910774377911651e-02
5.094237160628234395e-02
-5.681531256883243231e-02
2.148000087437420755e-02
2.166353646459224028e-02
4.936515637503655074e-02
-6.951341821248921415e-02
-3.904595697626624118e-02
-8.100068467751347923e-02
6.532815360487279066e-02
-1.075330845694869863e-01
-9.318754486742976059e-03
6.190379145264021665e-02
2.703286798300747612e-03
-5.946959401988773097e-02
-5.187534566968000915e-02
-4.336793523133374711e-02
-1.468749574688103451e-02
4.734958491692593807e-02
8.470256934510697611e-02
-7.927026803650479014e-02
2.096694532099668135e-02
2.813197476211604098e-02
1.332886567651328860e-02
-5.173577205750533314e-02
-2.798629934081149628e-03
-2.596374500473809174e-02
-8.306077140501671313e-03
-1.000586059518509818e-01
4.714739643707455824e-02
1.095909951481585931e-01
-5.040418555944772838e-02
-2.128620352620266137e-02
8.637595901931331699e-02
2.944964021168238605e-02
-3.695887498171435137e-02
-9.776240478726289096e-02
1.960806215521414264e-02
1.255793126079568500e-01
-7.505156588250065652e-02
8.184869558996835104e-02
6.234034852593246800e-02
5.860738744400897232e-02
-2.737222306459356769e-02
-9.818951469977017787e-02
3.505338182500949973e-02
7.953452742165550982e-02
2.840247196761954557e-02
-4.255823151285020867e-02
5.461143337662224123e-02
-8.946119996224422000e-02
-2.585361498938807887e-02
4.370703876627178575e-02
-4.030443440796320498e-02
-2.784084682476836367e-02
-3.436948657197551327e-02
5.413550983228229696e-02
6.226844482031428790e-02
-1.090372026742906543e-03
8.151920461914292926e-02
1.571594286121816980e-02
4.732413368531413617e-02
-7.278830138503883385e-02
-1.202406573599818368e-01
-5.119883759200080653e-02
-3.841706163400657181e-02
-1.312703915063289685e-02
-5.228296232609727645e-02
1.545928856257965632e-02
-3.841847141266305915e-02
-6.327304915988829492e-02
7.914855862181384427e-02
4.514438589907866090e-02
-1.670037926168234724e-02
5.005456296101885860e-02
2.605049193334207924e-02
-7.670881902494755544e-02
-3.355716776964359771e-02
-3.328992747902503185e-02
6.169345858838280738e-02
-8.785598246980184933e-02
4.929150367230131918e-02
-4.229350718395380460e-02
1.076153864098996910e-01
-9.495435940804383690e-02
-3.452732224831465968e-02
-6.141146939049614562e-02
3.510471442784205559e-02
8.416814685581688882e-02
-9.356286218648679487e-02
-2.424228396268581810e-03
-9.994913570136834680e-03
7.801748170375515101e-02
-1.779272731112792327e-02
5.466502263749090096e-02
-5.851335066960688773e-03
9.274804011581247454e-02
7.060853863646068818e-02
-5.645641831141018363e-02
1.949231217418312054e-02
2.592430708248983501e-02
1.531553288111262359e-02
1.493528073591764670e-02
-1.336532601949016498e-02
2.131601482005825859e-02
3.645319180476301602e-02
-8.237270798743385330e-03
8.640034192607118357e-02
1.420874462281118168e-02
-1.644525545054264723e-02
1.137098092740223415e-02
-6.198153672924969909e-02
-1.148348306833647282e-02
8.281505233773914232e-02
-2.853046723193111700e-02
-4.577552305725963999e-02
-5.571931391863207961e-02
-1.565886325450330241e-02
-8.367494407795668387e-02
-1.397191774337490366e-02
-4.622951164502485388e-02
-2.964033829770817974e-02
-5.172165351743393535e-02
4.985459194950792039e-02
6.738714603710219131e-02
-6.109462503831266517e-02
-3.174172526256159588e-02
2.965568950217688585e-02
-1.461027263803275911e-02
-3.764600889035236986e-02
-4.575903400569567014e-02
3.360279245114683455e-02
3.698310122384759063e-02
-1.463892615591924282e-02
8.681360190847006719e-02
6.342968913095226036e-02
-3.021742205766042230e-02
-2.213462803382795427e-02
-1.076071815163649574e-02
1.077131999687676311e-02
-2.597096255203953583e-03
1.059892417205263587e-01
2.533438843425087766e-02
-4.834944397514882863e-02
-7.564025124244062870e-02
-5.854316631315416297e-02
5.017540962263600246e-02
4.927105223996100514e-04
-3.242389806661059859e-02
-1.111660491546789115e-02
-6.803616675444899842e-03
-7.387911468993244024e-03
-4.365134723969422287e-02
-1.015141083279738760e-01
-8.533039097012679042e-02
3.340560417585812514e-02
2.215942424788669082e-02
-1.108302961100365858e-02
-1.889685269147958063e-02
-1.833914430925207700e-03
4.625360703724078204e-02
1.335788208022673298e-02
-4.416474071358274245e-02
-2.220475150446479806e-02
-5.643278917600216132e-02
2.061920789178621483e-02
6.807567468066144656e-02
6.919072568082706987e-02
-3.403486296810685069e-02
5.283065867646324215e-02
8.657288445641174446e-02
-1.744453355046035256e-02
-2.437355065209590582e-02
7.605189780514681752e-02
-1.106371549613299199e-01
3.989977866548286012e-02
3.482005158688453866e-02
-7.033150078260248794e-02
6.870606263957036719e-02
3.073910769728755571e-02
-2.388974483207291499e-02
-2.907962913578628419e-02
-8.246061584336494832e-02
-4.172503825995790838e-02
-2.826213918559533286e-02
-9.286392449951377803e-02
-3.920102030735743426e-02
-3.365352690947222281e-02
-7.468726871961271774e-02
1.523194119428649546e-03
-4.101561572554464352e-02
-1.919461678008705166e-02
-4.162238969411236750e-02
-3.878997972611861189e-02
-5.280585419733135194e-02
-4.597542245955796997e-03
1.390515148278577418e-02
-4.737370566718683562e-02
-7.583720988012646047e-03
-6.276651974195346373e-02
-5.558032442197918116e-03
-2.226450125904107236e-02
6.023045882024910883e-03
-1.144152029409458288e-01
-7.302108791873002797e-03
-5.939231297577166752e-02
-5.781246099217116768e-02
2.838581953691289225e-02
-4.383609935058067203e-02
3.339400719913920151e-02
-1.532753163076705782e-01
5.668234020478640778e-02
-1.108092745053126243e-02
-3.688515461350132252e-02
7.938500036934513504e-02
-5.950782243592606102e-02
5.209996528718920800e-02
3.701151289666042635e-03
-4.572684250256471572e-02
2.115764509290126577e-02
-1.707932933834418326e-03
3.153279739001432769e-02
-7.171350820350497202e-02
-1.041087554119611291e-01
-5.534396186687230712e-02
-6.589284584772334141e-02
-9.767588978326904869e-02
-1.170012717301543853e-01
-4.670404678247276620e-02
-5.722810060286476902e-02
7.170013976150732549e-02
-1.888315122887690434e-02
-1.004148253735458185e-01
-1.980088945910170317e-02
7.402592043172059877e-02
4.166996887082941026e-02
-1.009969810036277504e-01
3.984870271022269289e-02
8.090956675811553089e-02
-2.592132619286895839e-02
-3.612635671056612513e-03
5.694039357372394916e-02
6.573672990594500720e-02
-8.809361377159379003e-02
8.021125263337454750e-03
2.562408852167829404e-02
-7.681916497088904505e-02
-5.616410644793757428e-02
3.928904835947628904e-02
4.684219400142929784e-02
-3.776970582597961174e-02
1.726769786998906195e-02
6.341658042201991918e-02
9.337829936911852535e-02
3.279270428684302741e-02
-8.647706019875942007e-02
-2.330758650236193497e-03
4.413410335319269129e-02
9.259123497624550253e-03
2.831129988344236598e-02
7.391978425581399725e-02
8.272307721152881432e-02
3.414580410237478408e-02
3.227368095336680121e-02
6.450588821243313786e-02
-3.625515398161205383e-02
2.269091047318785512e-02
-4.187041949721816841e-02
7.294349501978242278e-04
-3.262742698806648384e-02
7.812225465353185572e-03
-5.808990855176441800e-03
-1.600141718909116328e-02
6.810676413851551869e-02
-8.992547341538087435e-02
-5.096078964740079209e-02
3.924969754132025951e-02
4.387913869016682455e-02
-5.865291515644587700e-03
-4.929101636515823004e-02
-3.020796197968295127e-02
-1.659014997516209192e-02
-2.905397581268347879e-02
-7.913676457572728362e-02
-9.726152093940013121e-02
6.139986232469106520e-02
-3.883048507364738472e-02
6.423186545300463290e-02
-1.045202664371263634e-01
-3.263118444873078228e-02
-2.924172166640582118e-02
1.856449885718816292e-02
3.891355304796429576e-02
1.435858763998603890e-02
-2.983447493435206765e-02
7.517618921794219644e-02
-1.431701891229172213e-02
-4.034101512420726343e-02
3.847584083729496673e-02
-1.682502437728228273e-02
-6.342175719623144303e-03
-3.020438834546981463e-02
1.484918767226296732e-02
1.781176707428364092e-02
5.434235386250227395e-02
-3.711053893544724591e-02
3.027173490576437476e-02
-8.372185718354460682e-02
7.135966939364366338e-03
4.397877601339118120e-02
-1.840415638695094835e-02
3.432049194207212328e-02
-3.501143961602428550e-02
4.985275912704976997e-02
2.599858222556490281e-02
6.267706508606558924e-02
-3.894580412027825317e-02
6.270773391148683207e-03
8.232977909724381593e-03
-3.616345016573220203e-04
-6.065881482072781050e-02
-2.084008700750943077e-02
1.662897897112758632e-03
-3.350779094276481324e-02
1.816931407253162545e-02
-4.140966134888748179e-02
-6.446698606284508026e-02
7.364979596195782643e-03
-1.221846551105830112e-02
3.790224881406619589e-02
4.371731016906353628e-02
-2.776729611418966848e-02
4.660274627004396680e-02
6.996969578876163776e-02
-2.858915317161515868e-02
-2.426033683808604541e-02
-1.045835227015794178e-01
-2.993099272455183868e-02
9.097973673245345061e-02
-1.152793148658957240e-02
-5.523941941825635804e-02
-3.426250717936236978e-02
-9.991850406695285125e-03
2.588027923281657761e-02
-8.598042604661094990e-02
-3.896934945283373614e-02
1.080979595233572677e-01
7.850328859466551915e-03
-4.346740405023255538e-02
2.203286353092524796e-02
-5.755266989915356485e-02
-5.345136462752459600e-02
-1.052233861351685174e-01
-3.480181754131687205e-02
2.831543855173984658e-02
-7.437587607437487480e-02
-3.090999682972843388e-02
3.396106862943380766e-02
-4.216747296946005141e-02
4.151878619787509328e-02
-9.691788169972714861e-02
-7.882438170987959847e-02
3.633252203530416835e-02
6.768457524367597899e-02
7.999259541627214143e-02
2.415661965982299902e-02
7.903159717453086403e-03
-7.505441937421974963e-02
-7.186575783631904413e-02
-5.273551217622018950e-03
-2.666583611899901035e-02
-7.930519067596805693e-02
-4.000802958714563817e-02
3.798543321317306154e-02
-3.028384119501195682e-02
4.428652228371662836e-02
-5.931782163632847577e-02
4.632863452287124678e-02
-6.096381745673331437e-02
-4.886013524109092399e-02
1.077074662670123584e-01
8.882083881216507049e-02
-4.373105855174285947e-04
3.846627326955384674e-02
4.736797744766016449e-02
2.117563481485168139e-02
-6.371286335508571930e-02
-4.855044661085805568e-02
3.685200931706648919e-02
-1.065769736852860694e-01
1.704494752226138471e-02
1.871269694835707258e-03
-6.327792593878059368e-02
3.404794476899643957e-02
1.487307456880911094e-02
6.501078175809488213e-02
-3.413216055697901319e-02
-8.451168180385605633e-02
-9.551146108776376042e-02
7.301364514802101413e-02
-5.564343645302717578e-02
-2.543471366688004887e-02
3.915316860834916479e-02
-1.019209777892844150e-02
2.398314979492117277e-02
7.005883269659433921e-02
-8.114802470856774530e-02
1.270926639566592048e-02
5.226912408575853236e-02
5.008581317836127006e-03
-1.013800967495274985e-01
-4.562425427125715860e-02
1.978438571626043446e-02
-9.673943689243966193e-02
-3.116334597864857739e-02
-5.800907733762173529e-02
-1.447663423225867621e-02
-3.549069724925707492e-02
4.687779695735143359e-02
-2.665605598745093147e-03
5.441717438167596038e-02
1.776933081777311296e-02
9.273407885674930795e-02
-8.723536227008377858e-03
-8.035183538436488360e-02
-3.511787849008886353e-03
5.147507687910270885e-02
4.705731265037308569e-02
-5.388342292938733818e-02
-7.431711708550618745e-02
8.746587837019724476e-02
4.982071297386847508e-02
3.256081425774320220e-02
1.128386680782688528e-02
4.452612729200262909e-02
-1.218868260625370799e-03
-2.646294532094840835e-03
8.775872066048595599e-02
-3.509519484126416566e-02
1.795851063444366819e-02
-1.002554127510463938e-01
-2.241935940871499916e-02
-5.190608537406427719e-02
-4.102926248386846997e-02
-6.131240977484243848e-02
-9.907729172179559340e-02
-1.174973686091023983e-01
1.506828580883967303e-02
-5.540081642495216230e-02
-1.694328951075310674e-03
9.137828642662733369e-02
2.674445872823274367e-02
-5.636218765607516751e-02
5.165270906391601635e-02
-1.403652414507448702e-02
-2.345093986836257333e-02
-6.586879414692103918e-02
-5.890904316245675065e-02
8.907096201864710475e-03
1.419309760995953601e-02
-6.560015740104355175e-02
1.728880858114502025e-02
-6.695968626451070937e-02
-2.116537394118827783e-02
-6.751145919519288552e-02
-3.408922512239914715e-02
5.388415375842179472e-02
-3.288963662023989404e-02
3.946220980357766084e-02
-8.631119842795999253e-02
1.117110157914754862e-02
-5.637474503317250335e-02
-6.730175613847161342e-02
-2.833306387518694236e-02
6.597071748386740264e-02
-8.574766816440631406e-03
-6.849249447486877029e-02
-9.604621221927793495e-02
-3.431963535698732970e-02
5.793441615290566629e-03
-4.155317665993890630e-03
-9.557360163138535480e-02
-5.518293868488374776e-02
3.276925908162369588e-02
1.409330878770065701e-02
-5.950923075482060509e-02
-9.301387195824095677e-02
-6.835331185798589060e-02
-8.921565864495056841e-02
6.794709716751165529e-02
6.080538963102329053e-02
4.790555651250519992e-02
-1.844187523924125521e-02
2.476007108048583483e-02
6.843929081431401884e-02
7.139804639148702309e-03
-5.313113175082741224e-02
-1.063971286144697534e-02
-5.519561674030527831e-02
-5.302896266254428226e-02
-6.058405602122507450e-02
4.200955875558017028e-02
-9.081916641750387847e-04
-1.500611115777784194e-02
5.693242067897986980e-02
1.655418846731305377e-03
-1.189706322567675792e-02
-2.138720099114011300e-02
-4.337889436004901955e-02
-2.343416069427172940e-02
-4.980195143277173914e-02
7.156372146813429203e-02
-3.624103865629371701e-02
6.805736040354403577e-03
-1.577598829119689072e-02
-1.144135096252479750e-01
-3.823667085326067777e-02
-3.803822287433823029e-02
-1.181881626187374634e-01
2.378996781879051670e-02
-7.037620585340442769e-02
-6.166716102049740744e-02
-3.225169572049166322e-02
5.736543446492570197e-02
1.122530059968609301e-02
-1.969523913119006903e-02
-1.099283891179765188e-01
-5.326959969261972627e-02
-4.564255044776269199e-02
1.618384709653281940e-03
-2.313834379777753025e-02
-3.644851423452225708e-02
-2.510076091648977964e-02
9.058528099358813257e-02
-4.029115934477864661e-03
-6.259040663844701868e-02
1.500042794546295293e-02
-1.106742938420834238e-02
-1.340194033179185548e-02
-1.063155967630780019e-01
5.840522129577562643e-02
-1.277736924725973548e-02
1.289520193673438474e-02
-4.999292688324483841e-02
-2.525876494556753005e-02
7.358977258718946493e-03
-2.841857548694488173e-02
6.326463237592501454e-02
-3.287929485987312224e-03
6.031888624312849168e-02
-1.000459601088925093e-01
6.108348826709576046e-02
-3.651933410127803509e-02
3.333345471278566924e-02
-9.141533628332589034e-02
-7.255222693594724770e-02
5.893540365789177310e-02
-1.633145430486217589e-02
4.806533268470282450e-02
-3.952170191878582109e-03
-1.233426996594162439e-01
-2.430117806035284045e-02
7.431550330213189393e-02
-2.684070558076730000e-03
6.025030195165896607e-02
-3.455164453658149393e-02
1.712869485184627394e-02
4.847564963476866384e-02
8.082124411467542235e-02
-9.058889103855860200e-03
3.163465477460083303e-02
5.905111259350149383e-02
5.047350281001321270e-02
1.974558156509360896e-02
1.423123758294859292e-02
2.395795926133336903e-02
-5.215080267608292186e-02
-6.175776267345670784e-03
9.317301283578946491e-02
-5.334428295258487884e-02
3.068690867452495211e-02
-1.120390809342061006e-01
1.539750622450000717e-03
-6.528586892478446813e-02
-2.492163306768715655e-02
8.187832975918168943e-02
3.380213821798724871e-02
6.887369308171450988e-03
7.428440027884163077e-02
7.260781336733129754e-02
-5.741600864197398540e-02
-1.930863958627129437e-02
-1.121737180686167429e-01
8.807451466302509968e-02
2.481375093473192975e-02
-4.589664950086082967e-02
-1.312623639210880322e-02
-1.084779575678270908e-01
4.486516911049193146e-02
-5.906970035073665082e-02
-3.661126796301991670e-02
-1.670939780658674267e-02
-5.185176964952380174e-02
-2.098489690233789479e-02
-1.063807085136959582e-02
6.790747692923344847e-02
2.823177849817922261e-02
-4.074584194444463153e-02
-7.662093595322561242e-03
-5.088962220664347558e-02
-5.348596071097125315e-02
-4.352472298137499696e-02
-2.611890135548575881e-02
-8.500461070513447293e-02
-1.239351953987868626e-01
-5.591046332688826698e-02
-2.155020580516431913e-03
3.994215146175196518e-02
-1.806842343231037512e-02
-1.602005773247406131e-02
3.460212595664016039e-02
-2.632165161419569577e-02
-6.276265175956638465e-02
-2.235807213397526458e-03
9.846933406565439029e-02
-3.060367311789325903e-02
8.485624421108516058e-02
-1.094428864162425574e-01
7.792818707541726564e-03
-1.481019132658057888e-02
2.409108088584803464e-02
5.028322894956144956e-02
2.082386301521651703e-02
2.506449715768338526e-02
9.842744556757304815e-04
1.567576484758558680e-02
4.201153205079063285e-02
-1.265970910843275572e-02
-2.920732169913241652e-02
-8.586177764010896607e-02
-4.266678088645056016e-02
-7.790778296745526355e-02
-6.046696150668741387e-02
3.531425683447418640e-02
-1.105098798316010711e-02
-7.569984474983487699e-02
-8.524077186718728716e-02
5.415739184332990508e-02
2.589342498125649095e-02
1.695761725347079765e-02
-6.029110018148278738e-03
6.640706164107920695e-02
-3.086981013181304759e-02
-7.167617524139459351e-02
5.181393081082810020e-02
-1.681501969681541836e-02
-1.441583171462350581e-03
-3.919925622676399130e-02
-9.823834078839405182e-02
1.959836891953714230e-02
-1.916305897051871071e-02
-9.831946875974192923e-02
-8.322871942899359721e-02
4.946483467775439347e-02
5.492760569075482574e-02
3.972391105880133250e-02
1.216220558506939109e-03
-2.349816993848004298e-02
3.140833351391277700e-02
2.008640344347716045e-02
-7.170128754860560782e-02
-1.008326068497840400e-01
-8.856133668308995011e-02
-4.824898777402002875e-02
5.777169477023317429e-02
-6.378535331788637297e-02
7.487531431091014322e-02
6.718948074098073792e-03
-2.112311588574498911e-02
3.379008363889549060e-02
-4.452816979182877555e-02
3.039498083994629160e-02
9.203237080298307116e-02
5.036005189242413055e-02
-7.794064278150189540e-02
6.828230717346336909e-02
-1.279013762688744650e-02
4.205529098359031548e-02
-1.374820793476753435e-02
-6.868142393098733423e-02
3.046917738163709699e-02
-5.990413377291380764e-02
-7.105042925573766543e-02
9.608760476323255362e-02
-3.482466758332897205e-02
-3.598732733458888389e-02
-3.149386198312066620e-02
-1.025664225453156997e-01
-8.263765073735707123e-02
-2.002178069697242366e-02
3.600116358316761238e-03
-7.740440723686056734e-03
-3.009545680518601468e-02
1.588133599067982626e-02
-4.980486061281735183e-02
1.440573032302967793e-01
6.734555585767600105e-02
-1.228413622160364621e-02
-5.843801983128926736e-02
-1.352742118419938966e-01
-6.491758934887983945e-02
-3.532040849995369408e-03
6.426752210984497393e-02
-7.455525466390579281e-02
-1.385903714932315046e-02
3.451246396364178459e-02
-8.282468303435400192e-02
5.667904984069207369e-02
6.849543878974959088e-02
-4.892100421184417125e-03
5.990741173090791127e-02
-6.722209697523519323e-02
-4.402772559230858779e-02
-2.985173525763650665e-02
9.230734882851118761e-02
-2.012691911928449900e-03
-8.937067641756231418e-02
6.206059459974815062e-03
5.181958290203782930e-02
5.717492575943708757e-03
3.392786567102729772e-02
-1.348095748627374350e-02
-3.203542276057954469e-03
7.651504000931980132e-02
-7.365935108307150592e-02
-2.409386947110440935e-02
-4.553120552115313968e-02
1.258367734875065827e-02
-8.698186171606673428e-03
-3.898149780849391455e-02
-8.833761842296390665e-02
-7.709193296891059255e-02
-9.331915485782979469e-02
-5.979444684821744183e-02
-1.888385245465837650e-02
-7.457031953279781578e-02
-6.358238150284035647e-03
-6.831605434830058388e-02
4.490512372685212528e-02
-5.751539480964704826e-02
-4.523139506067866411e-02
8.670727655020687985e-02
-4.274133680949449010e-02
-1.508428262106323477e-02
-9.307946990130816500e-02
1.220097887130364850e-02
-9.411242736234667894e-02
5.307283742771783108e-02
4.166457732568992073e-02
-7.713287515097087821e-02
3.552498618301259958e-02
1.419492736350876430e-02
-8.448813221527133599e-02
-1.534625979381473888e-02
3.733711551769378079e-02
1.348070167305968556e-02
7.138546484461430475e-02
-3.111987415192514483e-02
4.522260493555793626e-03
2.606725848353147815e-02
-8.857872074448135125e-02
-6.735966815046239009e-02
7.844964466536841208e-02
-2.373885927267510229e-02
-6.077430434507694046e-02
-4.630489932499811528e-02
-1.034331323105771722e-01
-1.234427293340940313e-01
-5.827300069593826376e-02
5.785601949176695513e-02
-3.378200837882724267e-02
1.355382369355202440e-02
-1.364861205888963022e-02
7.392098459302116897e-02
-1.497520876263584710e-03
6.126020557093077301e-02
-5.971773605286559428e-02
-1.788533514802451499e-02
-5.014334581516738387e-02
1.092906267108803911e-02
1.186226847148660543e-02
-5.684721432900129851e-02
-5.664371587184718199e-02
-3.416295544626191116e-02
2.256031616380624674e-02
3.499161101368249843e-02
-2.396952308912406876e-03
-7.488595830695386757e-02
-9.086123719819788613e-03
-5.520807359273957778e-03
-5.485111991919631308e-02
-5.595967343550982409e-02
-4.877058648346390551e-02
-3.008605252285204840e-02
6.253382806706525576e-02
-1.816520071761691668e-02
-3.467227333294305852e-02
-9.126866384920043207e-02
8.917164113968549868e-03
3.363487155371180926e-02
-1.341175632459508729e-02
7.027166619770489064e-02
1.735256018991662708e-02
7.418145153543484471e-03
6.716299663692705535e-02
-7.251161991335029755e-02
-1.674132513836175742e-02
1.952191010479633476e-02
-9.906739973729325466e-02
-5.924722948090028335e-02
4.802062928787059065e-02
4.124669922265410127e-02
-3.660630488308601327e-02
3.827457379190306319e-02
1.993299867014784385e-02
1.343393521152407011e-02
4.992484841160116371e-02
-2.777812481753909671e-02
-6.313877543614791754e-02
-7.429283076646225892e-02
5.017530629625786831e-02
-5.509107182763580551e-02
-4.557193650985213312e-02
3.410877434161613958e-02
-9.210600560812448601e-02
2.442804269410144002e-02
-3.430425493736627418e-02
-6.711184583726198527e-02
3.722714187992810786e-03
1.909354510605835650e-03
6.559426738121051925e-02
5.976084302270648352e-02
5.442250882353438096e-02
-6.478914827112447483e-02
-2.886754349945819947e-02
-7.169505982271749678e-02
2.323798526527381600e-02
-7.943015002123154922e-02
5.753153080003754055e-02
5.651533019403760100e-03
-9.481365523281456639e-03
5.632333913225883587e-03
-1.316953227726546660e-01
5.491269000533088168e-02
4.020537644583625780e-02
-1.431715349359933762e-02
3.676708756038106485e-02
4.832709001319014652e-02
1.175345590264676721e-01
-3.825889393041932707e-02
8.260975615963928043e-02
-4.023928464857091242e-02
-1.119113466545392996e-02
-6.725988009446712268e-02
-6.647911159688574267e-02
-3.515542740935778676e-02
4.925877240657073469e-02
2.402646323376459239e-02
4.032644629764504246e-02
-8.131649187876402451e-02
3.625935297546636210e-02
-2.066954238997968651e-02
4.655210513547874962e-02
-5.287040685899384307e-02
-5.870000608119276680e-02
-7.596585491761981279e-02
-1.822368373690052418e-03
6.410876689857016031e-02
-3.842841138318590921e-02
-4.960232192306070209e-02
4.488400054485047752e-02
-6.911741725762769739e-02
-1.208131388442753792e-02
-8.852699056434855385e-02
-9.661578151778701939e-02
-5.168192556415104194e-02
-6.453392364740596909e-02
-2.335788932465721057e-03
-4.033678779601865272e-02
-2.193291416918605533e-02
-3.041841016143466414e-02
-1.084226752981977682e-01
-1.134368779494598911e-02
1.123218417391202116e-02
3.465953146685374353e-02
-6.823042677441704118e-02
-2.101150534311439257e-03
1.728413757701068379e-02
-7.535662785027703869e-02
5.590989956431066665e-02
-5.144153120279562619e-04
2.982271495402687850e-02
4.839474026703047271e-02
-8.075077989971993220e-02
1.356396935238922928e-02
-2.337903084889085548e-02
-2.740904637570822436e-02
5.495952468107673239e-02
-1.141209099246710823e-02
-3.327034800958057759e-02
-8.023886219699422062e-02
5.928965573879155931e-02
1.657530393092354615e-02
3.253360149074101260e-02
3.488151694753950649e-03
-7.853186460481875741e-02
-3.795009080970328241e-02
-6.238206779025950999e-02
-5.986964116096578359e-02
4.906915737299969577e-02
-1.991691620112169547e-02
1.300195934875685889e-02
8.243745357827479692e-02
-3.624876887969086248e-02
-4.239773407146150974e-02
3.650572156621198494e-02
-2.181109791899667541e-02
-4.978605550096341925e-02
-6.550681057913609884e-02
3.065697931935270487e-02
3.094237972839052747e-02
-9.769264653353329497e-02
4.304557456507313029e-02
-9.737241087451130317e-02
5.435204032718543056e-04
-5.640064024248490210e-02
3.450705235610020127e-02
5.772568860818057951e-02
-9.281831749409666377e-02
-4.450891941105204752e-02
-1.356450427164444979e-02
-6.355260980603880117e-02
-3.673463957946809799e-02
-5.610546984458954570e-03
4.385761092030409508e-03
-3.782168349557068349e-02
-9.834217155685939793e-02
-4.834290250076341347e-03
-5.448653702572654745e-02
1.120745121051602011e-01
7.317108386003185264e-03
-9.035810989420236736e-03
-6.289489668896620055e-03
7.734979153727176288e-03
9.188291546087787309e-03
1.592256564790693260e-02
1.776022822616820165e-02
1.911914055734832696e-02
-8.246206033829714399e-02
-6.150302486507968486e-02
2.725922795004678822e-03
5.559864493963070226e-02
4.399655750985440733e-02
-7.663975082970510277e-02
6.645245182894850278e-02
-1.259593788221895216e-01
-6.767039574009924008e-02
8.810848247311342529e-02
-4.009029560189093788e-02
-1.981694816917399515e-02
-3.341372460357079632e-02
4.315342160485212408e-02
8.527991534818492314e-02
-1.182558617160840708e-01
5.761942518932309382e-02
7.344137234237987921e-02
3.935678225541561909e-02
4.467191707418795288e-02
7.080963444532969997e-02
-1.784326666269892697e-02
3.774492246894980280e-02
6.878100339446366340e-02
3.618579983792220844e-02
-3.815567654260622332e-02
5.186131703927479575e-02
3.563125115505623615e-03
-4.169016432880238987e-02
4.435685907543229084e-02
4.169107396492374717e-02
2.740109488243511887e-02
-6.887823663152461973e-02
-2.227969087122342803e-02
-7.076611336499021021e-02
-3.346833265810993802e-02
-7.490254848867182458e-02
-1.347869103092207421e-01
-2.432687159193432092e-03
-7.138243353029338767e-02
3.563747612955431299e-02
-9.194320558760074591e-02
2.242213665444874743e-02
-1.101426145655403366e-01
-3.190498684314585498e-02
4.051113255159095872e-02
-9.253022712555060425e-02
-7.146470772563673357e-02
3.212888529107359170e-02
5.705517741898517847e-02
-4.214477923234735690e-02
-4.893255756426123648e-02
-7.058298318222445966e-02
-1.460751107293019671e-02
3.614870508657183623e-02
-7.527045504806310905e-02
-7.842772314732134042e-02
2.830518166581719869e-02
3.099414929052230622e-02
-7.342225348325040479e-02
7.980507745428605526e-03
-1.788895764902587865e-02
2.575467850291678421e-02
7.145451360963792076e-02
6.462071792755445798e-02
-6.365586885868095013e-02
-1.187559063643396362e-01
4.373819075928647715e-02
2.440521923703283663e-02
-4.689674359428509104e-03
-7.625469455346146896e-02
-1.118814638929692060e-02
2.354769646232375557e-02
3.802079328297998384e-02
-1.149965500824048498e-01
-3.357983933290447504e-02
-1.255502142705193225e-01
7.416390356501034731e-02
4.560365452617874682e-02
-5.046262304509122748e-02
2.160801045673493154e-03
-4.257276810039075515e-02
3.489389971365039478e-03
3.924801081964932048e-02
9.360792274092277765e-02
4.698965648935608808e-02
-2.417898847864131257e-03
-1.055998492739174538e-01
2.966155741068385657e-02
-8.125978474130116092e-02
-8.288845556909353596e-02
-5.847609207470496478e-02
-6.771999324278328569e-02
8.446703164231633698e-02
-1.316699425342058305e-01
-4.740065918718975452e-02
-9.906146124719510115e-03
-3.416606080050132305e-03
-4.238663034634512772e-02
7.737009416222206948e-02
4.261085632236831511e-02
-7.841150767631152596e-02
-3.254628076477571880e-02
-8.069908130756639486e-02
7.535800411000873056e-02
-2.461812646104073049e-02
1.699855159872792204e-03
6.849642690713286797e-02
-2.612647397259409976e-02
-1.962370605421555683e-02
8.494520891409174101e-02
7.037343268533577043e-03
6.219176261721071769e-02
-2.666928167340939376e-02
7.234280481073007696e-02
-1.988697231481059702e-02
-1.730642921819641744e-02
-3.506974172416851138e-02
-8.310012801400881721e-02
-5.633548910798383269e-02
3.483027783937434063e-02
1.160745065354057935e-02
-5.590757390261508197e-02
1.956016690676087508e-02
3.530561156171183046e-02
-6.215834853757708917e-02
3.579963375962504080e-02
8.909598364108817226e-02
-9.900218920888064281e-03
7.818632708961717470e-02
-5.428149908510151306e-02
-1.757794917297873100e-02
4.980008273689996018e-02
-8.437953132396694422e-02
4.326469755448734966e-02
1.973670587265500057e-02
-7.840513155355102737e-02
-6.916052220863835864e-02
1.806854087715490526e-02
-7.487171280007648422e-02
-1.667373154983671502e-02
2.548519401761115827e-02
-6.816466353142097701e-02
-3.239605635093573133e-02
2.899573494823555128e-02
8.916887164846382108e-02
4.706562423243558502e-02
-4.190731934655256979e-02
-1.055604659348048507e-01
-6.993445846728577053e-02
1.700164977655731213e-03
-2.170213603121278617e-02
-6.480388736654352222e-02
6.057257749946358405e-03
-2.713198551714504983e-02
-5.926368510649228372e-02
2.419421664301820568e-02
6.216335738132806876e-02
-3.979489093786934412e-02
2.434941175007648145e-02
-4.327717925500254581e-02
2.136430156511923834e-02
1.336821716151999351e-02
-3.882235171216347897e-02
8.212263161652530452e-02
8.326637022008913369e-02
2.918966255952002570e-02
6.704502704721583550e-02
5.774318036294590756e-02
-7.825605823410808348e-02
-4.042961382178134749e-02
-6.688141274341231901e-02
-9.514268033357975440e-03
2.923684010841487435e-02
5.151238650583325751e-02
-8.267964540619437974e-02
-2.914970138170127831e-02
-6.657642519328467456e-03
-1.805814003419348862e-02
-4.008882342488678807e-02
-7.502924418935319473e-02
5.965462352635865495e-02
-9.013335533219755946e-02
-5.229767411056872317e-03
2.946150321198771904e-02
-3.360305852635037116e-02
-1.135279308749232753e-02
-1.516128010988715760e-02
-6.562767204253427966e-02
5.085277012650021682e-03
1.285681502735681048e-01
-7.816659715447646373e-02
4.493794345458963779e-02
8.802548950497784963e-03
-2.911917914156763459e-02
-9.297326226382870984e-02
-4.701019405748740887e-03
-2.886234204151231358e-02
5.717713679138329563e-02
9.671261771032522991e-03
4.497735875183477006e-02
-4.581082225370439881e-02
5.502671620473058994e-02
2.929159159480685531e-02
4.701046798167318047e-02
3.222458212240936204e-02
-5.101175315356730466e-02
-5.201736905367304598e-02
-1.893621600770243468e-02
1.936015725977943691e-02
-6.848525006628375378e-02
-4.278620164369285189e-02
5.787555114992194716e-02
-6.028255299373425774e-02
-2.436406459343857384e-02
8.316577703416330736e-03
-1.392554963883728750e-02
5.598530534462220487e-02
2.174303675003723749e-02
-4.885932820296369494e-02
1.795244049639234049e-02
-8.291235689530278286e-02
-7.349286480932686917e-03
-4.744883641548650055e-02
1.631602695762051497e-02
5.205523324883640224e-02
8.477035163722227568e-03
-4.387569601482736725e-02
-4.289082973399721554e-02
-1.577387470908386269e-01
-6.867070559624601292e-03
-9.757099221545910417e-02
-9.887936444842348668e-03
-3.860601191359244039e-02
3.454056050541445821e-02
3.995039391702725345e-02
4.870957060543552875e-02
-3.696821172598203226e-02
-2.035413623233203739e-02
4.849371831073145955e-02
-2.943489181282572809e-04
-7.655083458372479756e-03
9.186808193649360910e-02
5.390389694634387108e-02
4.559174706768774621e-02
4.528779507272293059e-02
2.025250556122860229e-02
-1.367182001761840966e-02
-1.140516415170008020e-02
-6.550673283648444922e-02
4.925263636582485893e-02
1.886000057263572185e-02
-8.633231860496567989e-03
7.444300250620650150e-02
-2.839499587858419771e-02
9.680509700432123055e-02
4.566508902470307191e-02
-1.857237570325856804e-02
2.451451604029857706e-03
7.829263644887965445e-03
-4.734234422922196928e-02
-1.063453037141916940e-04
4.046153168124134308e-02
8.949425310094190344e-02
1.742310079409380152e-02
-5.768272357980288451e-02
-2.507947288613777970e-02
2.536599022339468962e-02
3.108263089207367186e-03
2.441750743619245170e-02
6.341667226237651667e-02
-8.346666297586652350e-02
-1.289095974343379761e-02
-7.986991362755360702e-02
-1.215842966779998209e-02
5.412499264928292975e-02
-5.066420524856919683e-02
6.647707579774406184e-02
-3.275576185031511128e-02
-1.997901980986285797e-02
3.302375638216149129e-02
1.144113086330904999e-01
-6.627101888651491801e-02
-1.125277881117639489e-01
4.094795333186542624e-03
-3.408097675551945149e-02
-7.020038988263006818e-02
-2.014290088173400009e-02
-3.974054150597414181e-02
-2.337716988046849298e-02
-7.962073057504541473e-02
-8.804988803912706941e-02
-7.718463509768182240e-02
-7.420341347681033706e-02
-4.590004853778585636e-02
-4.653080995997416203e-02
9.762824397873114471e-03
-9.440182671334451658e-03
-1.275100894265973062e-01
-4.760524048950486031e-02
-4.018078195719400336e-02
-5.643343532004806151e-02
-3.146478120592548222e-02
-2.186181446767315045e-02
-4.401578299546821810e-02
1.419390171015467300e-02
-2.376442826814918405e-02
-2.619411679616000937e-02
1.311087192332987400e-02
-3.712822137450113961e-03
-1.952491596646801358e-02
3.270921279695293560e-02
3.817271037771749476e-02
2.263945361079740259e-02
3.844021940079116184e-02
-2.823404341703480459e-03
-4.262115359254754765e-02
-2.732557727538852121e-02
-3.090684716037076646e-03
4.763336858058967588e-02
-7.983700040223551397e-02
-1.032743337389935012e-01
-6.506008253745518277e-02
6.838994007531136454e-02
-5.587362647504834356e-02
5.045971539394647487e-02
-5.560723975466225211e-02
2.581524361024690670e-02
2.614537254272020564e-02
-5.977396398192340310e-02
-4.116099137499554944e-03
-3.264225290145499059e-02
6.870085503172004837e-02
4.407059110132273416e-02
-3.536908284096441230e-02
2.149280083432305796e-02
7.751329942474485118e-03
-1.687688076307956170e-02
-2.850329770364035814e-02
4.542506066967007261e-02
-2.848012131493188326e-02
-4.806781023261568614e-02
7.571449243007447039e-02
-5.905785367529010899e-02
-4.608727751893169217e-02
-8.428821122346626116e-02
4.904859773721077787e-03
-1.423541917356973066e-02
-1.195467048520340581e-01
5.043275078572138220e-02
-1.905967594659397843e-03
-2.084869711090273775e-02
-2.608564100826597093e-02
-2.119960354505043970e-02
4.221987656566112204e-03
-9.252544787226084366e-02
-6.813079611260540458e-02
6.115149575611502492e-02
3.027650695277057935e-03
9.544023563750017591e-02
-1.332441637347488161e-01
-6.509485319568084072e-02
-4.909261531902023995e-03
7.216491990106266297e-02
-4.674528725642289329e-02
7.021304344857720592e-02
-1.010463739531308608e-01
-1.251284972618742219e-01
8.287790264865331491e-02
2.071519514775634410e-02
-6.153235068874780833e-02
-1.371667810536960630e-01
-1.396732060562634430e-02
-2.899403831906603377e-02
3.324694776991673345e-02
7.694535788301107293e-02
-3.476469122487929608e-02
2.142285315674328366e-02
3.487170092789994291e-02
3.261522189403185529e-02
-2.403289470163049585e-02
8.683413301471266943e-02
-4.843422299052636826e-02
-8.043613322145176658e-02
-6.467299059905487479e-02
-3.054751727172803216e-02
-2.796591930994347941e-02
-1.068074067508729963e-02
-4.545143551259542281e-02
-7.661872401597696891e-02
7.782811383408190509e-02
1.786726811108147600e-02
-8.956914040521254949e-02
-1.916574849448390849e-02
8.500658094619960303e-02
-6.271593513895960814e-02
2.466998038171534097e-02
-4.197846260039624078e-02
5.736800202983916713e-02
-4.740819062910882342e-02
-1.229000140299766619e-01
4.033095393623299663e-02
1.751046900656352129e-02
7.552763332114226236e-02
-1.039673387324488163e-01
-3.888241951120599560e-03
8.339928002374139004e-03
-1.805784600461041861e-02
5.033467337672666020e-02
4.680244487960157074e-02
6.766264972544938638e-02
-1.133240268096224052e-01
-1.610655311364045383e-02
-1.556787420726634709e-02
-6.713622254138286449e-02
-6.280934983677455632e-03
2.250938715541555765e-03
-3.006526006935932721e-02
4.207885016595053901e-02
-2.795165889939590920e-02
1.532532777999026305e-02
-2.500503754814992208e-02
3.069353569449211755e-02
-1.530659826754538280e-02
-3.024584388955724179e-02
-4.499029356874024305e-02
-3.889466089072371457e-02
-2.749150124431013614e-02
-2.845510645915658166e-02
-1.195504969693876249e-02
3.101479230675760826e-02
-1.071367043941969244e-01
-2.030126929712480766e-03
-7.342773059015990367e-02
9.961277893664730043e-02
5.454753894061343394e-02
6.297203227987706320e-04
3.544581064774132706e-02
6.080687864353603173e-02
5.558049235940176747e-02
1.358895132342721052e-02
-8.928858278425555461e-02
3.296006737881627957e-02
7.702328944165932889e-02
-2.275872353387988281e-02
7.003310045528810326e-03
-2.458420688582468178e-02
-6.719501981142875224e-02
4.428686346696633636e-02
-4.284180149145419385e-03
-8.112419041319229862e-02
7.514149918633201974e-03
7.714699312348095861e-02
1.025192274056217212e-01
3.268569441688634614e-02
-3.665535528427740081e-02
4.756098583406438013e-03
4.831567659129853282e-02
-6.722451182670503844e-02
1.231660602645926784e-02
-8.015881219624818033e-02
8.077356049572374797e-02
-1.241128983848229644e-03
1.021838918158884529e-01
-6.482347432660638675e-02
4.562276976528577277e-03
-8.391232152918363940e-03
5.194901038331295462e-02
-2.431373356090583276e-02
-8.824007806135136800e-02
7.467286468701878066e-02
4.177803354388985591e-02
-5.938743640791382256e-02
2.003206740224110216e-02
-1.165756374060686329e-02
-1.738280065543458541e-02
-4.560591605263383808e-02
-5.286946447059866216e-02
1.636358302326993211e-02
-1.117291825180454640e-02
2.384538533998631707e-02
-1.575882594857881680e-02
-2.170690706146463644e-02
-6.269945782219259189e-02
-4.168302295640693295e-02
3.204095907119901970e-02
-3.311031081098883555e-02
-1.244528418533423636e-01
1.195238786359713312e-02
1.621248968886669639e-02
-9.589796378684346811e-02
-1.311785924905844725e-01
4.913746638226419716e-04
-7.001104344938068047e-02
3.852853315417478774e-02
-4.704349489394261258e-03
6.903058714021559350e-02
-8.063658151348997161e-02
5.704730683461048391e-02
1.064767082252830455e-01
-4.344824167460112352e-02
-8.441103021501354664e-02
5.395094117595164440e-02
6.186227265473610848e-03
6.100962835862795697e-02
-2.409810765486624165e-02
6.307396993414371433e-02
-3.835356221232572027e-03
-4.383553183231821831e-02
-6.053988762381908029e-02
5.851791706843347679e-02
-1.407882259939721194e-02
6.021183003821944935e-02
-2.404988134342727832e-02
-6.118680002976313592e-02
-3.793567622282383728e-02
-5.298210333326329458e-03
-2.644120511086031633e-02
-3.607612949991965967e-02
-5.313414416654429345e-02
-8.568897841225261991e-02
1.214912717555300878e-02
5.630991635337020962e-02
-3.499238741287828691e-02
-7.986429750436518926e-02
8.779336062416652139e-03
-9.730966292985712696e-02
5.354983892492002490e-02
2.466229896113393549e-02
5.038962964244770096e-03
-2.647814219491248858e-02
-6.386754490543231078e-02
3.338109146020501461e-02
4.228934439686658775e-02
-8.956835996414090617e-02
-1.167190156607437329e-02
-9.994847121779247556e-03
6.625298562575569414e-03
-9.454050980493342027e-02
1.785022153143571780e-02
2.750898393671038361e-02
-1.063030822571651712e-01
-6.784184251557916212e-02
-1.038903708668362791e-01
-4.752341659754749648e-02
4.538992348036505198e-02
-3.423425685815530833e-02
1.009936975897917158e-02
-1.051114070787170091e-03
-4.413628106986910299e-02
6.987955609166060511e-02
-2.110897172579729100e-02
-2.222159742758038695e-02
6.180380867404862422e-02
-5.247956248859095285e-02
-1.169753046220580253e-03
2.190816855945178915e-02
2.383012744011376444e-02
1.015135323405142245e-02
-7.599161687940259036e-02
5.045132953409522947e-02
6.546406440738754273e-02
-6.235431496241464200e-02
-3.088005412102576633e-02
1.372662018998196606e-02
-1.201834974984665183e-01
4.749005917119074327e-02
-1.457033695751001889e-04
-1.046432110665534432e-01
-7.050454111969021997e-02
-7.595753689917203455e-02
2.769223045000770295e-02
5.900487289250523973e-03
-1.087364967627803825e-01
2.247188699996884031e-03
-8.765875323300707789e-02
5.820480152877411523e-02
-3.919516575553431970e-02
-7.795820502831157794e-02
2.797240189912959807e-03
3.075578323227603356e-02
-5.368287049536368816e-02
-6.768129090894707545e-02
-4.669005675929153304e-03
-4.888570179548671485e-02
6.139779234005998676e-02
1.711068165252313533e-02
-1.797416085171244654e-02
-9.140588003485131119e-02
4.355031909900623777e-02
-8.216084068263775075e-02
1.784242495283670099e-03
3.764908499186072482e-02
6.188210247526151897e-03
-7.958337148062470667e-02
-4.601048970780826503e-02
6.138962203041574417e-02
-5.007461977735634673e-02
4.099481445147621500e-02
-1.011721121341360441e-01
-8.761241630181430817e-02
1.646270382576565938e-02
-3.821742353300594530e-02
-4.411401367632074300e-02
8.328276156830938248e-02
2.909102868835749742e-02
3.665721829604133564e-02
-4.169379022186391059e-02
-6.527610567617470050e-02
1.661043590397283734e-02
-4.470512176094855461e-02
-3.920170390505114955e-02
1.606909155172863216e-02
4.993122917654035930e-02
6.047171350464086194e-03
7.964913002826459754e-02
-1.279482670179811488e-02
-1.667589735443875121e-02
1.058853412452962772e-01
-6.564306029660720715e-03
9.114088401355846525e-02
-6.164374819530153704e-02
-9.091661513700316499e-02
1.574812422204025300e-02
-5.179633918647871121e-02
-3.238480633471687437e-02
8.916609312859974379e-02
6.390956166615213707e-02
-7.540845029915227427e-02
-1.026642590843467040e-01
-8.552654017636274197e-02
-4.739559051856194472e-02
-5.506868784850923321e-02
4.636860272197327465e-02
-3.573993457733928153e-02
-8.208880153188878245e-03
1.021976645800632549e-01
4.064091888822170262e-02
-1.921495602964690130e-02
-9.143669124235406787e-02
6.060282438458817339e-02
2.867781363276698109e-02
-6.257891592267844638e-02
-3.282026452532256500e-02
3.199677178200618921e-02
-2.137751963953340648e-02
7.530583116280151201e-02
-4.371246811565379642e-02
1.282589371229762853e-02
-2.351251619040346796e-02
5.465371114731723545e-02
4.054841871635948836e-02
-5.328708846247886405e-02
5.265734296722345692e-02
-8.213078160985684550e-02
-3.117286873221613436e-02
-5.105448664452407609e-02
1.483656338334865196e-02
-2.494812946093807535e-02
-3.411516056074944542e-02
1.740576539222471464e-02
-9.163817374211911948e-02
-4.671545458907383486e-02
-6.235883685575828450e-02
5.193034566465557639e-02
-1.313654402920600706e-01
4.542789531831353811e-02
2.051561464589707340e-02
6.409864168141439500e-02
-3.611290502987953011e-02
-7.095275919528876152e-02
4.498700836474159998e-02
-4.132563817642712772e-02
-1.047677679562563219e-01
-2.334920145052594986e-02
-6.476387333308982960e-03
-7.817840881486302906e-02
-4.213408442646751628e-02
-3.178693728788650752e-02
1.939438066378029735e-03
-7.484985110457695323e-02
-7.373139254596663104e-03
1.156342238957385263e-02
7.930334658458389197e-03
-4.291695689289290461e-03
-4.428577454807746533e-02
6.891825400012700775e-02
-6.240482239137749854e-04
-1.346302628688723912e-02
5.280823851176914829e-02
-6.469654536090363450e-02
-8.357341908330151448e-03
5.448289406365509208e-02
7.455196194504918120e-03
4.876085183074295795e-03
2.661507958528481349e-02
-7.279453779086092480e-02
-3.602295583589727734e-02
-4.068108163172789310e-02
3.151631369547675671e-02
5.826608623997813971e-04
-1.479051048285259969e-02
5.371748655792599886e-02
-1.686064383112840029e-02
-3.538153928421931826e-02
-8.762897579817166549e-02
-6.310614415849583048e-04
-5.674736066428306969e-02
2.080467633744540260e-03
-4.527562345376660163e-02
4.246248429410996728e-02
9.595789052528543028e-02
4.473671157362869161e-02
6.051207448921688825e-02
-3.837861563335022430e-03
-9.099549506972877400e-02
-5.132844000289739361e-02
-2.598683430437819658e-02
6.380709930590505730e-02
-1.715424948766453711e-02
5.140714049398814600e-02
1.282127541826415251e-02
-8.113889591553172242e-02
-8.288483423369465489e-03
1.516742870623471150e-02
1.021970306650287763e-01
8.682429759458848428e-03
-6.009522566855041853e-02
-6.519844214774678237e-02
-6.220587981374930270e-02
7.657134389112033035e-02
3.181559114249279951e-02
-4.655926791087928313e-02
-3.545218134100430046e-02
-6.746057872416913459e-02
4.175742329373657163e-02
-9.074492740402989588e-02
5.800246691611100208e-02
-1.627797647255000563e-02
8.281045570469155320e-03
3.927670332489988092e-03
1.155604067187577799e-01
-1.388875395840019622e-02
-5.255469337236060023e-02
-5.861056735744418072e-02
-4.051796803333038849e-03
-3.195666742503455726e-02
-1.574478573693584640e-02
2.551190445647149793e-02
-9.347131319852905462e-02
-5.081517106704779019e-02
-7.042342015629474150e-02
-1.417252959659291364e-02
-1.133007792328949437e-01
3.175622130506776386e-02
2.434057328016007299e-02
-3.463281888680594736e-03
6.472105941849955191e-02
-1.442386685242336847e-02
-4.422543667418291774e-02
-5.086256402689649792e-03
7.426087872781157728e-02
1.047493596703196750e-01
-4.529680398835601168e-02
5.129738338919180574e-02
5.775846626090240521e-02
-5.594745648985616215e-02
-1.325513325687738796e-02
-1.430204139125052475e-02
4.350020131917214927e-02
5.942686987593467224e-02
-5.172279407927807965e-03
-3.592405016147783015e-02
3.116168178483650839e-02
9.593835994029936698e-02
-1.279986738747708463e-01
-9.798209386143993949e-02
6.674062322590154639e-02
-4.816589772917284629e-02
3.687269633067422059e-02
6.457078560584383897e-02
9.896656039270178284e-02
7.903711075016700560e-02
-3.215843369057701240e-02
-5.312299986683237385e-02
-8.424087730025389686e-02
2.946254980305737861e-02
4.190778485664620190e-02
-9.025286926636047480e-02
6.532426834147078698e-03
1.520029332102059566e-02
2.386646189140641597e-03
-1.137771312732518414e-01
1.634452316878570038e-02
1.226232483440816215e-02
-9.912987242600110327e-02
-3.585886945557384409e-02
7.616396892643999619e-03
-2.892855675935651974e-02
7.935299906436488193e-02
2.389199813914289969e-02
1.935432167297231401e-02
-2.164971410553606992e-02
-6.058112512618508971e-02
4.693495107730367294e-02
-8.143299316025828793e-02
4.199763072904425659e-02
8.541656326974891508e-03
-5.659497900373951923e-03
-1.163754654484069895e-02
4.520815998734931118e-02
1.381256725477743481e-02
-1.962187002519973772e-02
6.523586361019882707e-02
-7.810012865608170762e-02
-1.952290471257031590e-02
-9.368489554662402796e-02
4.038078498632896585e-02
-1.443347951301841153e-02
4.757164216917010580e-02
8.226826789296026732e-02
-1.819448216399454851e-02
-4.171800283512300256e-03
-3.030034856721063041e-04
-3.944464600051705155e-02
6.002302535112732235e-02
-2.112415685248314468e-02
-8.527309958353922192e-02
-2.056510363422500362e-02
-5.285931927214054110e-02
-4.584483202090029047e-02
-4.497163725395256217e-02
5.712912857070424899e-02
-3.986252751304930619e-02
5.692945641425980335e-02
-4.034566184367288644e-03
-2.687815406880410957e-02
-2.830058154876508719e-02
4.212729751889374846e-02
-2.861959528538970954e-02
-4.497900831198733268e-02
8.465244078784744594e-03
-7.254247376613980058e-02
-4.406663159533721896e-02
7.263795763826470797e-02
-4.749780951755985803e-02
-2.642604627672391279e-02
-1.017294273744743099e-01
-6.242108827616966310e-02
2.189485550558219196e-02
1.970784772825361075e-02
-3.112275862961443734e-02
1.266062231605066812e-02
-1.809101071827023954e-03
1.888697757172865671e-02
-6.618899214077850202e-02
4.890136894233822196e-02
3.298724948109663102e-02
4.046108467130373615e-02
-6.680859505671551957e-02
1.733303440374326515e-02
-3.882748792180019254e-02
4.381734540415251067e-02
-4.973748995817593027e-02
-6.122854090484399631e-02
-4.922676287982193782e-02
-1.599325813785634764e-02
1.231094824702409080e-03
-7.799661389329139161e-02
-1.815677367188006652e-02
7.563811958102630018e-02
1.065238854778222111e-02
1.253592181402278169e-02
5.809099954185135972e-02
3.389047778047985654e-02
-4.718857668447312692e-02
3.359180421345121792e-04
-7.547537388119819612e-02
4.430651971451905063e-02
7.904380580738336326e-02
-1.157624532294484337e-01
-4.229752380150058819e-03
-5.346688415929020527e-02
3.504411870274190544e-02
6.921425490540589198e-03
4.713944375953708910e-02
3.964267508926742206e-02
1.406062081325311700e-02
6.899633865798626003e-03
1.229186877674198763e-02
5.650437869933883778e-02
3.454470556150682214e-02
-4.425198580953046412e-02
-1.121199816081777795e-01
-9.123336874596810198e-02
2.704618337540940290e-02
-9.534008120957151999e-02
-3.713453281436172870e-02
-1.235855082899502133e-02
1.507430363675889978e-02
8.605010712692238301e-03
3.322754009233347405e-03
1.358130380459808551e-03
-3.329748832146341153e-02
-6.575033014416212240e-02
1.015529211008964899e-02
-1.226195165791929900e-02
-1.144271804944807513e-02
-9.633000325735160962e-02
-2.250754096809568644e-02
1.559536942034751676e-02
-6.785758985002156296e-02
4.084126035165834556e-02
4.955298527297392203e-02
-3.055517510521062186e-02
-2.636559656253939510e-02
9.286965492110634685e-03
-1.029868494010729649e-02
5.483070244445840263e-02
-4.913561427932472414e-02
-1.318603222488090587e-01
3.753770128787771443e-02
8.358984289625955022e-02
-6.168637779783325142e-02
-8.733236083617747225e-02
-8.894216801426088614e-02
-7.006598250000699996e-03
2.153405756328802267e-03
-6.319926940897845069e-02
4.348272237390952977e-02
6.331136696611089354e-04
9.161180934980833745e-02
-8.954119081019467144e-03
-7.145334640930670056e-02
-6.483110296122615579e-02
-2.734907212836427959e-02
-4.317809017219247092e-02
4.896274230971463942e-02
5.365085015128083501e-02
-3.548405329939571459e-03
6.161788235053854146e-02
-3.646552448976762839e-02
1.357102146340072660e-02
-2.621718257869894153e-02
1.401989369477141603e-02
3.301405866111014817e-03
2.836780463323431561e-02
1.438955123882846784e-02
-7.006820149998624347e-02
4.219653247548248859e-02
-4.979140373526872582e-02
-3.095460276597587074e-02
-4.442682830124261573e-02
5.579240135817387092e-02
5.734044753612155265e-02
-4.380183620810952638e-02
6.599321006428442160e-02
-5.364590011584245005e-02
1.573795961213779113e-02
3.455974744919539793e-03
-2.592733205787910167e-02
-9.582064035112372591e-02
4.531629566315985291e-02
6.699192369191678265e-02
3.205468137022729480e-02
-9.273952616940235594e-02
-3.450942231970467733e-02
-5.579952166108864686e-02
-2.664686356752387839e-02
4.817537959778528389e-02
-1.540750201177467499e-02
-6.758628210277517478e-02
-3.582979391560883742e-02
-3.752771066581215426e-02
-1.651638432667058842e-02
-4.599986167762846329e-02
3.756781920740168146e-02
5.709990169197430229e-03
1.256716588427730756e-02
-4.094134961719658738e-02
8.518054309016150072e-02
-7.763638687206450562e-02
-1.932490840828384598e-02
6.882518776447733855e-02
5.689784685574515721e-02
-4.278741222421588580e-02
-4.383945103857001674e-02
-2.356122506973864009e-02
-8.859587008392832974e-02
-3.913099344289359960e-02
7.952631109704505485e-02
1.208586445378966173e-01
-9.823017013299618211e-03
6.850077926525005578e-02
3.866586469422103600e-03
-6.846907046295229449e-02
-6.051313449104668563e-02
-9.229737548637050037e-02
-1.029480608081488058e-01
-2.984833755096933522e-02
6.881139522130846897e-02
8.698197203499347108e-03
-3.456529698662496458e-02
1.369161181793000261e-02
-3.836606698898490514e-02
-1.278305638090066441e-03
-3.345542398475680190e-02
-2.780875772893434683e-02
-1.180814077300274406e-01
-3.131290669740963151e-02
-6.892245960652620962e-02
-3.812993608385230326e-02
4.112014817664066263e-02
1.933439737919915441e-02
3.690576182667936606e-02
-1.115965506235946508e-01
-2.650553553735071621e-03
2.741724091821301154e-02
3.782594261930725954e-02
-5.484286388239878463e-02
-9.241124831307090393e-02
-1.217491318017273894e-01
-3.700428684012150443e-02
7.625961706525370698e-02
-2.204825116012504305e-02
4.933091962722372520e-02
4.459299580586873618e-02
-5.861606051917703925e-02
-5.750610452893380881e-02
-5.373927834119798103e-02
-5.466999106819862148e-02
1.666118215389116725e-02
1.650080812889793969e-02
-2.318122055448566809e-02
7.401036885985022573e-02
5.490138355453340682e-03
-1.792491152279587080e-02
-6.866990580752976858e-02
6.453916902915926568e-02
-6.481001013399857735e-02
-7.839045373706815534e-02
-1.219750052645622238e-02
-5.531847812420952193e-02
-7.800636858802724449e-02
-7.228639626377915406e-02
1.568634864159373574e-02
6.275743622232780872e-02
3.701866431431140997e-02
1.903840583505907180e-03
2.686320798730423842e-02
-8.910744681354203223e-02
-7.371754305274555441e-02
-3.776204079339644248e-02
5.277675635105293084e-02
-3.713105767872533491e-02
-7.159704606108683450e-03
-8.342754948469356668e-02
-3.813010427814847447e-02
1.307046862860746991e-02
-6.633230020763426077e-03
-9.700800728537502769e-04
6.574442239829644818e-02
2.139473265035246943e-02
-5.770510415430013702e-03
7.591588943725527394e-02
6.390516760840048160e-02
4.647278730406212421e-02
2.824534118450044290e-02
1.664673188829918216e-02
-6.336579600406906654e-02
-8.024653733134066991e-02
-6.763194365075636538e-03
2.082062901841283398e-02
-1.229970601335249741e-01
-4.094306894369142275e-02
3.456266032914867559e-02
1.540216139904840298e-02
-1.025493607399650606e-02
2.994545029886849785e-02
-2.856800545184452755e-03
7.069283981714669096e-02
-4.502558931381855922e-02
6.202924140813626669e-02
-3.067709510572944748e-02
-1.861315677542003943e-04
1.913437166171547826e-02
2.546954235844009484e-02
-2.222140742890342177e-04
5.147973595100434341e-03
-4.511876696752187277e-02
-4.924373150842198399e-02
2.804544286685036608e-02
3.016949420784377847e-02
-8.197314899476634831e-02
3.214331932594454572e-02
2.265971607375938737e-02
3.244647278762462228e-02
-3.360778117448542934e-02
-5.671378422942452424e-02
6.894005111726418666e-02
-6.437522047208496523e-02
-7.194893208049181477e-02
4.650545452254620932e-02
-1.162192783122428796e-01
-1.098823895447311183e-01
2.296703795923620353e-02
4.674627716340589573e-02
8.838036870689935584e-03
-3.611249484492377870e-02
-9.004533573884612729e-02
5.804159654059798390e-02
2.217460776139297540e-02
5.438824549336787606e-02
1.023593644440672357e-01
-4.984535682581790750e-02
6.734153727326123995e-02
5.397312290495540760e-02
-7.817164235916226889e-02
-2.963793764162868383e-02
3.403565512324716394e-03
-5.996009496642373815e-02
-5.382649130272626481e-02
2.340447914871946963e-02
-3.465684245265741870e-02
-4.224657665810452323e-02
-2.994698419677775669e-03
7.477064602789824932e-02
-5.833920855594622312e-02
3.134105546174938139e-02
1.020258669315046544e-02
-2.854567949467502405e-02
-5.974850822699562941e-02
-4.790014810191919187e-02
-5.699346689417444933e-02
9.376121228567024096e-03
-4.597473377710836751e-02
-1.041486880354648877e-03
5.710869892944410442e-02
-3.754079356841908549e-02
4.197642423955719876e-02
8.817852739419965169e-02
8.433868008068931554e-02
8.386176700952742424e-03
-8.127550169574710923e-03
-2.034829466115814500e-02
1.886639735308453386e-02
-2.886460681349724972e-02
2.533048809206457988e-02
-2.126760099992038716e-02
4.690761863801733156e-02
1.213129869730735291e-02
2.563546866728153711e-02
4.036352116377209948e-02
6.580571197522303017e-02
1.331272328945692224e-02
-3.743257568786957645e-02
9.693100219503575365e-02
-1.016343551671217843e-02
-3.787256087948853017e-02
4.270806871476154343e-02
-6.109940369465181181e-02
3.491659698055664743e-03
-4.216458005315656954e-02
-6.085650118112365115e-02
-2.379359561601248133e-02
-6.027158845081577454e-02
-6.929609772581139804e-02
-5.154805982473723014e-02
-8.628032039212867044e-02
-7.863194397751878395e-02
6.476570634096495693e-02
4.356827340399525156e-02
8.865526118136391603e-03
-3.899432852756377216e-02
6.324904874548006872e-02
1.463884103432835926e-02
-6.300323214122929838e-02
-7.032426521923645923e-02
-4.521104279967526340e-02
1.037636814588205891e-01
2.145726310998904637e-02
-7.632933346096459903e-02
3.167866635437349004e-02
2.212112024478959590e-02
-4.532089395190443126e-02
-6.732203287321597562e-02
-1.019987933567414184e-01
-5.493501694316497985e-04
1.083717357737121190e-02
3.164351979977256951e-02
1.224381029751880623e-01
5.099279964426813722e-02
1.009274500388145923e-01
4.032431527194015736e-02
-1.091301922127232635e-02
-4.564134301026641360e-02
7.394549177153150743e-02
-8.209930536241380472e-02
1.007519285748803908e-02
1.837474451752593718e-02
6.571015800866257528e-02
3.281343525373586756e-02
-3.695914606407596503e-02
3.731857511869317301e-02
-2.290540094327979045e-02
-7.959669920480197391e-02
6.228688455790601028e-03
-2.428091307388201541e-03
-1.056588986759347260e-01
2.505207807599424408e-02
-5.176601110816698992e-02
2.987881688538142344e-02
6.947353470822087429e-02
-3.592233416957336251e-02
7.872145826377018041e-02
3.427832800117784628e-02
-5.168320129549245495e-02
-1.160089056801818508e-01
1.301775578589178459e-02
8.974867249345436226e-02
-2.543377624087043640e-03
-3.600367926130676466e-02
-6.543385336736810831e-02
-4.838647611697669687e-02
-2.036139413963808376e-02
-2.570158761750356013e-02
5.351273038389837977e-02
8.082138108755206052e-02
5.752937517506377663e-02
-4.880891397467600201e-02
-5.291009578055644313e-02
4.404996732871727105e-02
6.421177171515905779e-03
-3.794895116336197138e-02
9.107814819405392337e-02
-2.138785058204757672e-02
-2.054391667770659458e-02
-1.028862356616184470e-01
5.689259990055129529e-02
5.610847862311153095e-02
4.691490041507367231e-02
-5.514598765236216477e-02
6.044534616042417444e-03
-6.505349174136763890e-02
7.301437483661975258e-02
-3.589060104934704842e-02
4.057436128361120720e-02
4.113536317409000748e-02
-5.485045386525103789e-02
1.885292475096960602e-02
1.049914260740028443e-01
-6.657621680749309379e-02
-1.699770137332649173e-02
-4.952104327774767278e-02
3.832749417886828491e-02
-1.267880184721781323e-02
8.287682388376210740e-02
-6.892562778752395203e-02
1.019214174958183936e-02
4.329074744502157956e-02
-8.317284861180122835e-02
4.693479706390238371e-02
-1.721489281812677713e-02
-3.393377502529857509e-02
6.740880177591485056e-02
5.350931184390657347e-02
-5.025598448891568926e-02
-2.928557250740927362e-02
8.052305247053742621e-02
1.270576034777502472e-01
-5.086280768714467743e-02
-1.009478001552358353e-02
2.045608106842741747e-02
-6.346781622198194306e-02
-2.270210463163865530e-02
3.504075135933637508e-02
-3.569409899900194243e-03
-7.181971723970229093e-02
5.191264483289696752e-02
7.922612733012138198e-02
-1.147457162835457678e-01
-7.076368698216389808e-02
2.246221649696147904e-02
-6.947403150295970720e-02
5.705378205168143424e-02
-1.108742986739873204e-01
1.931621059277347993e-02
-3.563967239134538390e-02
-6.838229369289737514e-02
-4.553517867952303760e-02
-5.029825054407659896e-02
-5.255009065284917819e-03
-9.564953138193682536e-02
-3.208052799811900169e-03
-4.385778540588160940e-03
5.363654041540343032e-02
1.102833483932237971e-02
4.557634200840902927e-02
-2.984296524033388381e-02
3.666604495495912747e-02
-1.103518970844673437e-02
-2.794212704770667605e-02
6.995363978815569150e-02
1.037922242534769363e-01
-9.682913828755440599e-02
-7.472588350009566616e-02
-8.424869661494957529e-02
1.004462309076753490e-02
-2.498747625921724641e-02
7.655076463490492755e-02
-2.151180535508127184e-02
6.039581718478156946e-02
-3.953162753311124933e-02
-8.088158941855060069e-02
1.064354764130216319e-01
1.583056287361662290e-02
-4.850657445318364014e-02
-3.995809317411452843e-02
4.179126502577636126e-02
-7.947566612845480272e-02
1.099912744715486959e-02
-6.840766946514559299e-02
2.429274147136218504e-03
4.416809705136786474e-02
-7.991591841820869235e-02
-8.590151872655363632e-03
-8.378836366638570121e-02
6.724578677374786623e-03
8.412446951749680268e-02
5.988832985054610980e-02
-2.191065680585786019e-02
-5.071499734724896347e-02
-7.666298637977493613e-02
6.746088324607371622e-02
-5.173384074140263689e-02
5.186562008265517554e-02
-1.856238217838024687e-02
2.164840680602566486e-02
7.887058823272624641e-02
-1.046425871195550694e-01
-5.819199908604182070e-02
2.039902185901089002e-02
-2.859251005923073297e-02
-3.240922620803256271e-02
-3.089344334758436367e-02
4.578744885942924447e-02
3.502917686078074744e-02
-6.914967113155123801e-02
-2.985624955375382195e-03
1.883756926340597604e-02
4.234659587337355480e-02
1.162994915083950254e-01
1.742477191023655489e-02
1.503805388322788580e-02
6.615857641192343652e-02
-3.112725914149194750e-02
-2.684667225796621287e-02
9.202918307659235797e-03
-7.708009532453874435e-02
2.084204104170614760e-02
-4.629475275160797876e-03
-1.014549631463620566e-01
-6.366123763266834379e-02
3.305625573145071217e-02
2.832139420509941982e-02
-1.108181409173354670e-01
-5.148245893042023569e-02
-6.230027006169619463e-03
5.338311555715927366e-03
-4.676754537326011790e-02
-7.050360236251307366e-02
7.042914162268825926e-03
-1.147374880102161598e-01
-6.077340460201607897e-02
1.020621813660674837e-01
-4.466474455431816704e-02
-5.271326328816155343e-02
-1.273787601006635267e-02
-1.094443101139365854e-01
7.224466611522473158e-02
-5.980023650605334473e-02
-3.617819273920364065e-02
-2.028027501990543532e-02
-2.369112919307305928e-02
8.826893742800825948e-02
-3.876063305684956418e-03
7.812161386352439729e-02
3.525517345568363742e-02
-4.261490377429183463e-02
-8.764707768360484319e-02
2.121798670249690558e-02
-3.762766985197434771e-02
-2.682054265355122979e-03
-4.513135937482445209e-02
8.458851041528531178e-02
-9.949548064422673865e-02
-6.804818643466321870e-02
-1.904319328575323350e-02
-9.623113903352321918e-02
-3.292222253381296704e-02
7.610832655559922333e-02
3.488141818061418764e-02
-1.755695363838791212e-02
2.358873409034009661e-02
4.408140021363569916e-02
-7.768130358538026525e-02
-4.997337133471946996e-02
3.701959113157095305e-02
-1.364449914470439347e-02
-6.878568000826140727e-02
3.786368054796672433e-02
1.545661645632638755e-02
4.959386894713062321e-02
5.110946418529093566e-02
-6.689299895833805687e-02
-3.409060490845332997e-02
-7.878490721200312463e-02
-5.935971987210288819e-02
1.961390910380457139e-02
-4.067963196953670174e-02
4.337534542877690552e-02
-5.490381526403457363e-02
3.283318320260027873e-02
4.024654684495539148e-03
5.598754206217423229e-02
-3.867462794142331045e-02
1.828633673423223083e-03
-1.081384716472472557e-01
5.835952651426917076e-02
1.614676550997561078e-02
3.226638188412874614e-02
-2.758744366679504942e-03
3.830022972808252123e-03
-6.749704622475553861e-02
-3.824680013893537456e-02
2.102680151441534834e-02
-1.571699333404245891e-02
3.275945569381252809e-03
-6.657253163190321454e-02
-6.141498052226902066e-02
-7.270031774767939624e-03
-5.422002985825738475e-02
-5.428726646559298152e-02
-1.337453720422305051e-02
-1.684212592967668579e-02
-2.955948305670342419e-02
-5.117141447607566340e-02
8.000011633904367814e-03
4.542953676970147570e-02
3.045966193115403134e-02
6.426009467217354276e-02
-5.378070918759270125e-02
-6.374616461402921042e-02
7.263241840369341618e-02
-2.675037527541336557e-02
-5.944476297526313235e-03
1.089423956807344246e-03
-4.049199948804748511e-02
-1.331462651248804807e-01
2.416985754549276499e-02
-4.141539009197837962e-02
-5.377353902740332481e-02
-9.428400552014354341e-02
1.803364751834324320e-02
-1.260637672465420370e-03
-6.516858269142722371e-02
-1.972191745400210527e-02
-6.760952760593152977e-02
-2.673756092286600286e-02
2.933617221071395387e-02
5.677745141809131812e-04
-3.149630513445408897e-02
-2.899441082741644957e-02
-4.109649151157522204e-03
-1.413504779328774580e-02
2.508039050457550392e-02
6.768906202618824031e-02
4.404065851117744401e-02
-2.774304806281015917e-02
-2.116841456021568979e-03
-2.626638038650440377e-02
-8.997892903111785745e-02
4.999181912530351046e-02
-6.646529727002990773e-03
-7.206054179170592877e-02
1.558754629018029372e-02
-2.139301203058174145e-02
-3.573627331810683844e-02
2.876332844222970545e-02
-5.404817948228312838e-03
7.894211534582659326e-03
-1.177185528854766683e-01
-2.119227148785586545e-02
-4.009896571706679166e-03
1.347965614863110353e-02
-7.455496688173063324e-02
5.766844174585557259e-02
2.919187565150683714e-02
-1.201100122181455662e-02
-1.093493635485262294e-01
-9.410424366710609667e-02
-1.216305486686485027e-02
-1.070876806368882030e-02
1.320555005367262703e-02
3.631322704971035042e-02
3.110462178420800305e-03
1.034893262862823099e-02
3.395926913860103369e-02
-8.409355316351388443e-02
-1.200133883927476455e-02
8.095753298552564592e-02
-1.168019163000294652e-01
8.971768088057932578e-02
2.352927052591647153e-02
1.615699377528537206e-02
-1.453866098543694094e-03
-1.045852940461678426e-01
4.344285898095230636e-02
2.505738621032669797e-02
1.288140687233080978e-02
-7.297040086553271965e-02
4.320759026405324166e-02
8.104397686004760626e-02
-6.550882820596112821e-02
-4.429505452155505126e-03
-4.406220130850561911e-02
3.751069325599547255e-02
4.615510703152504723e-02
-5.284169605970983480e-02
-1.029302029661575690e-01
-1.036295195794383894e-01
5.864624455483472693e-02
-4.122681927108695632e-02
8.553103019716484789e-02
2.646279038315117044e-02
7.899118010232990261e-02
-7.827648489121938336e-02
4.910087281038464507e-02
-1.515881606890515272e-02
5.052712484511555358e-02
-1.258134032853792245e-02
-1.117306404126737068e-01
-2.575837058387777170e-02
-7.107914450512085869e-02
-4.946333798813592336e-02
4.224146816510613439e-02
-2.988341847888018390e-02
-1.067085542313299384e-02
-8.776809446384044311e-02
-2.774445554675220027e-02
-1.157298476810386667e-01
-1.998359372344309798e-02
4.558304415372393253e-02
-1.081157063651439626e-01
1.814538629521004337e-02
-7.703696345416347763e-03
-7.935404744008392464e-02
-1.119971170325624599e-01
6.934709764432507584e-02
5.345906885311227374e-02
-4.561569040038634948e-02
3.954262593758291200e-02
-7.350202432945700248e-02
5.098257192501235574e-02
-4.931794508826810308e-02
8.044045034958716145e-02
1.061963928735368528e-03
4.718880295189901986e-03
-3.905809270893206842e-02
-1.067628870511623945e-01
-7.601798516874494482e-04
-8.317672276625967531e-02
-3.126385418347404216e-03
4.002217935777574453e-02
9.519434486131092207e-03
3.202983331260726013e-02
1.805015337206717502e-03
-4.263531075752759886e-02
7.194886588465608523e-02
-3.497738819225472418e-02
-6.346221817904990070e-02
-6.296098869527923247e-02
-3.118920494037481783e-02
5.845567365165418861e-02
3.937155882775696114e-02
5.851672278810378380e-02
-4.154716252837580004e-02
4.376730898672837045e-02
-3.761340157049990196e-02
7.382112007928803843e-02
-1.335105425996894676e-02
1.425354973202857395e-02
-9.409652423197741727e-03
4.032497056743256092e-02
5.097780226242203117e-02
-4.204243277160846226e-03
-5.794127558760362590e-02
-1.234679111315860334e-01
-5.182268786869218685e-02
5.099320548506108830e-02
2.542372457726790880e-02
3.940508324003026003e-02
1.263252630304145981e-02
-7.536442825082786956e-02
6.919839350992123064e-03
4.399498188287685047e-02
-7.327940405368223165e-02
7.087353131497142744e-02
-3.016764379225535253e-02
-1.463745070342154786e-01
-6.026768742528016559e-03
-4.883850411252737070e-03
-7.675406448096108031e-03
-9.445107656548139274e-02
-3.507561964663313825e-03
-8.437497506883436665e-03
-1.039282544842025924e-01
-1.796459334467086222e-03
7.826725009673256295e-02
7.634758998896837290e-02
-1.344208274309085203e-02
2.902190245756916531e-02
4.836620817075621553e-02
-3.494542649702439552e-02
6.364140110819674345e-02
-6.707421489224643651e-02
-1.438982365207108934e-02
-2.044533335077797567e-02
1.469136868786543454e-02
-7.042588835120501545e-02
-4.357926470030495936e-02
1.372977864406574496e-02
4.979967625327395842e-02
-4.722920913570970158e-02
3.321852762061362763e-02
-2.361267344363065374e-02
4.740936826939740056e-02
5.133512926645985436e-03
-9.693536434257540857e-02
-1.764278173157671215e-02
7.902452146719675385e-03
-6.636019356347158671e-02
-2.012176907248205623e-02
-8.780226772220048326e-02
-1.100051205138809912e-02
8.282947510276972292e-02
3.531173873904112914e-02
-9.702378234778036292e-02
-4.120046360635726268e-02
4.495412985986647902e-02
2.868476288496651233e-02
-5.738903743670641100e-02
1.899668239206938128e-02
-3.154550360664509084e-02
2.746333947755130733e-02
3.132355946954724912e-02
9.186276276655498674e-02
6.514169029157160229e-02
5.266349892924986065e-02
-3.965790892465566320e-02
-9.961996749836463105e-02
-3.709463937593016070e-02
-7.260736811438965599e-02
-5.868733134153554520e-02
-1.563904137238722458e-02
2.689286243413736496e-02
-3.801211820631787003e-02
-1.086069343580946256e-01
-2.243042245706999838e-02
5.559038495170341015e-02
-4.745501874114657626e-02
2.821446417720194916e-02
3.198061321385683997e-02
-4.349315955078092433e-02
6.052582343425822603e-02
-1.329995955525351686e-02
-1.656264532276201934e-02
3.304503234286626512e-02
-6.582035316968568028e-02
-2.071653111326556343e-02
-6.460582543683060508e-02
-5.881559311708163540e-02
1.941440725088207364e-02
1.935598627201492658e-02
-3.531200435625201500e-02
2.321352037143594588e-02
-3.185929154178743228e-02
5.216439412113765828e-02
6.356658562995416706e-02
5.858238819875828673e-02
-5.125793693447536215e-02
-2.948977837388426851e-02
-3.971293510478727737e-03
8.868115194145698155e-02
9.242538733738747680e-02
1.307388241913299762e-02
6.760072844652507962e-02
-3.086430373249562931e-02
-8.468136980713576734e-02
-3.591819110547419397e-02
5.954614534177025964e-02
-8.013656322217319050e-02
-3.465696194513790546e-02
1.663663506081649104e-02
2.320240214836209042e-02
-7.014445652780311458e-02
1.009901079807810388e-02
-1.997814251723718793e-02
-2.715642024521664269e-02
-1.237936253672666242e-01
-6.023722614063187208e-02
-3.729416035920038452e-02
3.602519361809135290e-02
-2.033598189724135710e-02
-3.981299785520384105e-02
-3.380116672657587640e-02
-5.721454657576485747e-02
3.183635245438697081e-02
-9.869079493186401486e-02
-4.450106375756135435e-02
1.726171147635010422e-02
-7.892030951009765261e-02
9.652899617677594690e-02
-3.520318571901839833e-02
-6.961123911832488298e-02
-4.908573837461676498e-02
-1.045907954810233742e-01
-4.804824409879940306e-02
-1.031481358263997700e-01
2.879133823951053259e-02
1.601798054751612382e-02
-2.807539974393737439e-02
-9.502798615538292359e-02
-7.101864861286641406e-02
-3.034412545385627852e-02
3.426645151760557284e-02
2.684197329813908794e-02
-4.274711925338327279e-02
-1.526248666276451560e-03
6.082261544325129332e-02
3.374452779524091811e-02
-6.694208634501139232e-05
2.162399201239669985e-02
6.555664101088498619e-02
-5.829450887294320566e-02
-8.655196149419445983e-02
-6.098849274752186911e-02
-1.270364691699828463e-01
-1.049218200475273213e-02
-3.354221186129752175e-02
1.085312671808144475e-01
-6.459938075096555155e-02
2.588039159675563708e-02
7.097641741408465890e-03
-1.483843672658249555e-02
4.373822588168829045e-02
9.480673085888458029e-02
-1.039443776606693987e-01
-1.271913193064806366e-02
1.214780444904398071e-02
4.603114647496921175e-02
-6.835442999097146588e-02
3.672252863454023020e-02
-1.179931416305618139e-02
9.091992415314471832e-02
-3.746206832796688396e-02
-1.019939219031751609e-01
6.352285612041465301e-03
3.488813021340392978e-02
-2.993957482872555004e-02
-4.438118371108808191e-03
-4.549255412039092394e-03
-5.236412580166925623e-02
4.470170919071890514e-02
-1.410125825712335232e-02
4.272936825215345458e-02
-9.452973747008250327e-03
2.260354868285048557e-02
-8.864888462114034126e-03
7.781716759225189295e-02
1.354299288944747770e-02
-1.446846133109001495e-02
-5.878885391641936603e-02
7.407866926802467167e-02
1.011450290884941539e-01
2.133766991695855431e-02
-3.284598301148335814e-02
5.823329372268779003e-02
-1.923722525204046158e-02
2.631478673669526008e-05
-3.645025841821512326e-03
5.535267485524858477e-02
-7.345064210135614224e-02
3.923269871402471076e-03
-5.523071257254408978e-02
-8.793478000681739792e-05
-1.041215166529588509e-01
-6.261129011128349631e-02
1.023107298573926530e-02
-6.130611475246847825e-02
-8.272604240517544838e-02
6.787512079297219891e-02
-9.497316676777893540e-02
4.372042238846023110e-02
-4.114677765671781451e-02
4.916205219279021210e-02
-3.026464114512855685e-02
-5.457075740753951354e-02
-5.888218128699031217e-04
-5.735309157997779683e-02
-1.283194088278116068e-02
-7.458061216775284386e-02
-8.216160023578544802e-02
2.690839443954111398e-02
8.397872642885784167e-02
-6.426158785295989218e-04
-5.422352523492787735e-02
1.084806335479068101e-01
-3.433928072359677952e-02
8.762375623716648840e-03
3.746624054194271948e-03
-3.772105447402711309e-02
6.911672097106456858e-02
-5.128366725242010371e-02
-7.742726045638415044e-02
6.830003797584126290e-02
2.413204764629108684e-03
-3.463292538424637967e-02
-3.895979108862990259e-02
-7.475053974824075187e-02
1.188322832146263691e-03
-5.389194097626577584e-02
-7.281069150643262877e-03
5.542388498665543062e-02
4.844207843033866701e-02
-3.506021933312736261e-02
-1.565516407856161821e-02
4.937135783933789546e-02
4.054853560842144183e-02
7.020320880275471298e-02
-9.242300451745777412e-02
1.559959858144330247e-02
-1.850794414768197269e-02
-6.524866399105085091e-02
1.821811894482534139e-02
1.236011093780501058e-01
-6.616204176370511780e-02
1.677892484334703518e-02
1.083761882210872579e-01
5.183477380476618490e-02
-3.748315233097128385e-02
2.359687448856016834e-02
-3.346316889801921601e-03
3.310800663629516472e-02
2.631964049709093964e-02
-7.643338027598131634e-02
3.243888603352015898e-02
-6.104553395420590084e-02
-1.184510267556057074e-02
-9.801321906404678042e-02
5.178215729543863416e-02
-5.844435309016951519e-02
4.779608450014339455e-02
5.568825920225718880e-04
5.922447603899109320e-02
-3.830664250298660561e-02
-9.624001520283509414e-02
-5.061231074841093108e-02
-8.206741608550888190e-02
-1.384759562898033036e-03
5.394664568752888939e-03
-7.420814485535585925e-02
-1.454401747255568492e-02
-2.217241705862861914e-02
-5.401111346755159415e-02
-9.014973966241961179e-02
3.468186581777119026e-02
2.286869443943850833e-02
-4.537946792391020501e-02
1.839252216592358186e-02
9.721686306663350485e-02
6.436745650288271114e-02
-7.543103164742716304e-02
9.919254656668391457e-02
8.130547460503632917e-02
-6.787526404522412071e-02
9.248232437749057122e-02
7.866895475835049278e-02
-3.691548883181068608e-02
-9.671203631432181980e-02
5.205029880777812396e-02
3.439772629875452459e-02
3.188449767570604443e-02
-4.072977226503638609e-02
-6.373769946233596995e-02
-7.253602071761032499e-02
6.818913135139892390e-02
-6.940522214690257596e-02
6.460414897665370249e-02
-1.010461363638450252e-02
-3.778052720573899653e-02
4.593707538708988181e-02
-2.323659367025452532e-02
-2.604163432165023523e-02
-1.013544951765652513e-01
-3.696865458339396171e-02
8.257248711156850440e-02
5.178898490548031197e-02
-7.169589906164569593e-02
-6.724386978936741643e-02
2.319624598480123090e-02
1.753237169223752223e-02
1.571450268197636599e-02
-2.222283332142480083e-02
-3.680348169419332682e-02
-3.968900813889680163e-02
-8.832046118566339032e-02
-4.524342096154992596e-03
-6.884678801406425575e-02
-4.819023914989195578e-02
-4.759335839027145632e-02
-5.676605873092206711e-02
7.062642116970627160e-02
-8.017625775379521452e-03
-8.841694885299247741e-02
2.572360254629904933e-02
7.360763691063000602e-02
-6.062048884907522694e-04
-4.492302653578664207e-02
7.192436928358267312e-02
-6.996997620193146084e-02
-7.286316691570374204e-02
3.651831717116427872e-02
-8.931966585622641563e-02
8.763594536818214431e-04
-6.746368695296935114e-02
-1.391187195159043592e-02
-8.196691443740065919e-02
-6.798862960750762241e-02
4.793493579049877551e-02
-3.275567777876057379e-02
-5.322466783631060044e-02
9.253089942266402856e-02
-5.660641886274375006e-02
-3.374752950161264559e-02
2.482783508884200963e-02
4.027102253227753809e-02
4.064789915892342426e-02
2.557360436299303819e-03
7.462451977349966736e-02
-5.341307417271894120e-02
4.228180308469947635e-02
-4.750108771446676786e-02
8.312528669614815957e-02
1.293577030259969451e-02
3.946178633095868971e-02
3.573066452331119525e-02
-3.518268743417627548e-02
-7.891132151431196062e-04
-1.773026772215560709e-02
-2.370640290695199756e-02
1.722224628075813904e-02
8.202896717280055983e-03
-2.959420924050028268e-03
2.604275978208075992e-02
-5.960263840777095534e-02
5.285486802286664884e-03
5.520895333248124898e-03
-4.758369537075139710e-02
-5.621653272212440156e-02
3.562223579205114898e-02
-4.189880918243166913e-02
-7.881273443393928269e-02
8.102035624286284266e-02
1.556490720200908590e-02
-2.988420852346815662e-02
-6.809608907890157825e-02
-6.294833869001542626e-02
-6.277038735097337230e-02
-4.633912516651932101e-02
-6.632912866599002810e-02
2.026682043210949885e-02
-5.643691827897757279e-02
-6.511858438594916865e-02
-7.860553689738734168e-03
-9.976704480752439375e-02
-2.131711301814149737e-02
-8.838770693785084898e-02
7.974137925538674065e-02
-7.500390280489301065e-02
-2.740907260432186559e-03
5.760422351459572321e-02
-4.335505389639167373e-02
3.471861040040418594e-03
-6.552724273711341141e-02
-1.047131671237032241e-01
2.923211934661742312e-02
9.580117761606157453e-04
-8.798146522301378281e-02
-1.207646445350995940e-01
6.209681347581465227e-03
7.266644614823884740e-02
5.628789585210294821e-02
-4.277435118314416168e-02
-2.632523772256361444e-02
-6.616611045956023729e-02
-6.320663461203933353e-02
-5.323571883819825518e-02
4.795566811003275191e-03
-2.430338413881608789e-02
-1.157667000319466399e-01
1.691024137379014067e-02
-4.264447644627219342e-02
-2.774917078923157254e-02
-1.883219055561044693e-04
2.758034692587598216e-02
-1.153839332772055026e-01
1.267837729254285214e-02
2.134765675465794682e-02
2.965108016729666590e-02
-8.566565136237606903e-02
7.660514810207526282e-02
4.961393462534720300e-02
3.766089119592606893e-02
1.116455931585734473e-02
1.439759300434079528e-02
2.648743089250982924e-02
-7.094421079344440106e-02
3.029594870402482071e-02
6.567692150970326492e-02
6.441705594036378074e-03
4.601878546796465963e-02
2.264292517961355791e-02
2.906620477146951154e-02
-4.834893335141211834e-02
-6.064449189272974605e-02
-9.567922124883157520e-02
-2.138560512603862596e-02
-3.936428583313139606e-03
-5.251647166646101345e-02
-3.716101583663965202e-02
-4.483004258813393095e-02
-4.741342761470450362e-02
-4.878222425488656228e-02
3.603939746594808646e-02
1.063095021574686494e-03
5.936741198707304323e-02
-5.751301409878558507e-02
5.106424158175461997e-02
3.385943712073453959e-02
5.908747712360264831e-02
-1.737751755178070998e-02
1.792315005495696140e-02
5.290077156848736056e-03
-8.302869827785863688e-02
-3.600732837498836492e-02
-1.487516934606230440e-02
-3.119221570658008841e-02
-6.722514219919573097e-02
-4.979731247856407361e-02
-3.697805014571126092e-02
-5.392884575784823165e-02
4.433460325876968644e-02
-4.801474025773700555e-02
5.336295788870470264e-03
-3.744142219921066383e-02
-1.623776324463997722e-03
-4.135094807518396171e-02
1.310960407557248790e-02
-6.656468243869982648e-02
-9.913183251779394967e-02
1.399107009533728102e-03
-8.733322682524599298e-03
8.521640579914920022e-02
1.335622222806592818e-02
-1.289075126556141204e-03
4.181741776574677411e-02
6.932492371877853332e-03
9.639373763313544008e-02
-6.867969743358777468e-02
7.455991520377122650e-02
1.175950299891800888e-02
4.446981695097849963e-03
-4.897137937006929009e-02
-2.209313565549482321e-03
5.566426130323801763e-02
-1.514939533767860336e-02
-2.540741333401800792e-02
-5.570089180229807063e-03
4.950711353284519695e-02
2.710028584091110290e-02
-4.404830398705627398e-02
-1.066203143387099983e-01
2.064221138016338053e-02
-2.616925952272426692e-02
3.533701914137768463e-02
-4.588289004514727737e-02
-2.141106180055902738e-02
-9.582025518562487312e-03
-3.595292834743320232e-02
1.120957567979882635e-01
-2.471479911457555995e-02
2.221801190123542241e-02
2.047402815150949074e-02
-2.880907901279582128e-02
-1.247132760054431994e-02
3.874387295424144839e-02
7.547625826969531215e-02
4.271516860660699855e-02
3.598097562980144548e-02
-4.363016247158232191e-02
2.025059625329957494e-02
4.876427889687311168e-02
-4.757437703992264261e-02
-3.307967700647992948e-03
-1.359582753275911243e-02
1.024156561867844983e-02
-2.541125039440448458e-02
-2.147799019644642746e-02
5.858083940579629501e-02
-2.630945273129567039e-02
-9.182141032797938585e-02
-4.115758347370689768e-02
6.104700023399429326e-03
-7.689801494053766229e-02
-2.765064768751795965e-03
-4.341003321090194239e-02
4.509195758902734968e-02
-1.789210366176051739e-02
-4.318105852961793417e-02
6.637240791064306922e-02
1.723190028741327512e-02
-1.779904828189671911e-02
3.986074154041220619e-02
-1.488588451684246493e-02
4.446747032577336861e-02
2.982198140149387722e-02
2.355260737487243836e-02
-3.059925676684528001e-02
6.675770379697441859e-02
-5.780044372043317835e-04
-2.748405143701703954e-02
-9.603582681050948366e-02
-2.888625029648130005e-02
3.057405718376899478e-02
-1.558265012310211528e-02
3.619835378544128401e-03
5.711120979147368826e-02
-5.217717936126949063e-02
-2.065669390648835341e-02
-1.232903712626028658e-01
-2.074660345633133965e-02
-8.657189710096017954e-02
-7.143679552347065309e-02
-2.031360070773275545e-02
-4.432889784227667801e-03
-8.684027762937170103e-02
-5.688792178183667281e-03
-7.778964778325529739e-02
-6.873127241918955410e-02
-1.402147572995485550e-03
7.311700086574061952e-02
4.414122768055051688e-02
1.907336195678163704e-03
6.051501779583665780e-03
-4.298761259020679806e-03
5.248634173052845776e-03
-4.472093567102176231e-02
-1.025513279394343336e-01
-4.687739220492330439e-02
9.906200101499412769e-02
9.071349933155056777e-02
7.209961758399900666e-02
1.644710314890384870e-02
6.106376075271282428e-02
8.262195912577757761e-02
7.209301055916099432e-02
2.950423843923444256e-02
-9.018074617913651725e-02
-5.420916294900175042e-02
3.153685625882897414e-03
4.226941576353545477e-02
5.631777134647333871e-02
-3.701227521128741538e-02
7.117078797926581352e-03
8.115626229035208250e-03
-2.767067561201173517e-02
1.540313811645528316e-02
-1.208559157969037456e-01
-2.858401221897661007e-02
-4.723069305677120994e-02
3.618700611662332284e-02
-4.258312404219742955e-03
-5.409471187361684225e-02
-4.254053324474852543e-02
-1.086587236647090227e-01
-9.171390046622432402e-02
-1.241326174332260529e-01
2.385434400237839564e-02
-2.098589362540011910e-02
-1.127671792839457510e-03
-5.950231173249576760e-02
1.249467914272947913e-02
-5.761007691492564878e-03
2.010178984259430521e-02
-4.605403385557309270e-02
8.690961833884640331e-02
-7.135161944872570050e-02
-6.744099251344401469e-02
-7.146844474773533795e-02
-4.055570557837152867e-04
-1.523354430534829169e-02
-1.071603511976308154e-01
6.972077623937200652e-02
-5.171776706145907870e-02
-5.361451974515241831e-02
9.767921431586505665e-02
4.552062466536255236e-02
-2.175333416645046716e-02
-4.988197567291412921e-02
7.609853345433410798e-02
9.120023450606983689e-03
5.260710919390277490e-03
4.811713228334740453e-03
-4.874712031614824442e-02
-5.037557214862341259e-02
-8.307820483118244503e-02
-8.917574114802462315e-02
1.772583037568472089e-02
6.258039879871160616e-02
2.587649035165141484e-02
9.462859544546495250e-02
3.922933164630915126e-02
2.356335268604987238e-02
-1.468145997234168026e-02
-4.201187606482030545e-02
5.352210693840300793e-02
-3.780067901923175183e-02
3.237415836396080604e-02
-2.202535377286168189e-02
3.275957030730612674e-02
7.553054652290587534e-02
-7.998001892616426328e-03
-1.882365071375383114e-02
-8.984381243916250703e-02
-8.416044195583433085e-02
1.609738948690445787e-02
-4.309826000743022939e-02
5.084094647242734522e-02
-5.121398467590872888e-02
3.812995212649528121e-02
2.672415863285845794e-02
-3.313701487309388127e-02
-1.715930257284654231e-02
4.723096639347158787e-02
-3.348655243315654118e-02
-1.533285456708412958e-02
-4.748270446633248015e-02
-5.008925810185124033e-02
-3.798620065073442242e-02
-4.621222749924765866e-02
-8.969817908467139778e-03
-2.089974431789261983e-03
-1.404457115093898575e-02
-6.807708621689657902e-02
4.038351484629489063e-02
9.158253347515210585e-02
5.355612254034436762e-03
-4.139003389431180485e-03
-3.652019129740226994e-02
6.070371638579275669e-02
-5.946107530439488642e-02
2.942521953895301662e-02
-2.737151857601849425e-02
-3.210629884309006143e-02
-5.175256059730111435e-02
3.236721427926224359e-02
-8.033613797572161652e-02
-1.606657565712652988e-03
-2.604732683104761873e-02
6.444014386391740123e-02
-2.351553003597527808e-02
5.714939846232208742e-02
-1.665663857599162037e-02
-7.497246128002885146e-02
-8.743735384037343294e-02
-7.874249015870084245e-02
9.703332771228009856e-02
-9.085143402326953388e-02
9.357022136726653866e-03
2.287183667484625829e-02
2.259659802589901456e-03
-7.934656891226213316e-02
-4.995346822173418744e-02
-6.642431524985609181e-02
6.500907798887426911e-03
-4.916065700507185610e-02
-8.724928649754057353e-02
8.391110636148457758e-02
4.644836981440431806e-03
9.612559132356224625e-03
-1.511981210353913717e-02
-2.309095140233351565e-02
4.708151006733891225e-02
3.952362315196784187e-02
2.465188682747197768e-02
6.018946220140622416e-02
-9.574758907545076470e-03
5.620129436725519734e-02
2.090047196488762846e-02
-9.666180716520322153e-03
7.516445888801454034e-02
-4.853438404817629614e-02
3.192292341477175749e-03
-8.876006215326855131e-02
2.225271317754540928e-02
3.582780718982086360e-02
-1.383019028715172863e-02
-6.334109516693330055e-02
-1.048947500011775807e-02
-2.022103529947789219e-02
-5.906498979535667465e-02
2.477588059636401732e-02
1.442161330443801626e-04
6.212669755098410712e-02
-3.897663778579322363e-02
-4.083253946403966883e-02
-7.512201776088819893e-02
-1.078452225993923458e-01
5.947777700966994097e-02
-3.192875979536852205e-02
-5.913505622391489192e-02
1.514380271563440378e-02
-4.659471830944696830e-03
-1.110685758397514517e-01
-4.320023534128600295e-02
7.033220334952353103e-02
-2.464827781317077346e-02
5.872381073517069644e-02
-9.667398650618426459e-02
-1.925861131533104786e-02
-1.211154299511784521e-02
2.442627060166870784e-02
5.361719346755069310e-02
-8.197020986025738143e-02
5.894600666293875468e-02
-4.283265019671687185e-02
-5.934205550090796560e-02
5.773755724174069182e-02
2.108517895211900819e-02
4.003667121928571049e-02
-4.430122529222976779e-02
-8.917765129193297446e-02
-2.257199848024553021e-02
7.266046277933577158e-02
2.987997972560992727e-02
-8.236684165221137832e-02
-3.369049967732125339e-02
7.368422847062119918e-02
-8.501906006910524283e-02
1.773398829220916573e-02
-1.162580184078620266e-02
-3.261376620359877909e-02
-3.299027772694137356e-03
4.094537122299604648e-02
-2.903884144477753698e-02
-3.553100267734532469e-03
-1.242678451591039401e-01
9.548496067032166690e-02
4.542617881974845423e-02
-5.110773177147162269e-03
7.247701784263539670e-02
5.129712762845655555e-02
7.677752253921261982e-02
2.397628931043025227e-02
4.698422371382505319e-02
-4.007928225491168284e-03
-2.012815804389848917e-02
-1.017747923167948779e-02
6.032983063116091615e-02
-1.036750596787126555e-01
-4.294937317786986369e-03
4.282833089310187497e-02
-9.558824526440695690e-02
2.810640447414731666e-02
-4.689298003065273807e-02
5.740833636623976499e-03
-4.356506327244658028e-02
3.964465432899104413e-02
6.354680493453296330e-02
-7.202846017585370908e-02
-9.458528944657407234e-02
2.567999592053342092e-02
5.094821830289520542e-02
-5.822308668641391211e-02
1.070133595531088527e-02
2.175825415253501011e-03
2.699621847558679455e-02
1.209787368936015572e-01
-5.162378345731898077e-02
6.802728008989357422e-02
7.207997225970562416e-03
-6.475748579519557263e-04
-1.313359449313474814e-01
-2.797916911150336722e-03
-5.914747584637975591e-02
-1.019895285568219179e-01
-7.681432548715966951e-03
-3.822783121328681560e-02
6.149242536168863377e-02
-8.864707436735098922e-02
6.491435218787429406e-02
-4.836871491431380538e-02
-2.499795084417333682e-02
-7.767630025667622562e-02
3.242484334752167296e-02
-5.000943646792101183e-02
-5.773975293168165379e-02
5.135360824505069699e-02
-1.840164970982242909e-02
-3.642479578489664360e-02
-6.240342497795398069e-03
-3.226635157405774446e-03
-7.120432981604227218e-02
3.209789257139780694e-02
-1.131474247429358274e-02
-9.678134443594305081e-02
1.424886148548496455e-02
4.250122149562563650e-02
-3.075128637670026741e-02
-6.599930304022991190e-03
4.225753686115138463e-02
-2.577816515007791409e-02
1.397872092063830174e-02
2.374116584496802074e-02
-5.500410263573441566e-02
8.216081211604596771e-03
4.883186098449295021e-02
-6.221331962932478282e-02
7.591025496173373077e-02
-2.372701926758031404e-02
-4.008054045979415198e-02
-5.995055852046601852e-02
-6.416912297033658397e-02
1.008912012451228073e-02
7.273458050572827183e-02
-8.740575645754088130e-02
-7.978007048913828003e-02
-5.138192214341683051e-03
3.287309621716631713e-02
-8.256460909654510238e-02
-5.800223944524663527e-02
5.761468545887583892e-03
4.424050513318461553e-02
-1.515926244388860616e-02
5.851313289247478400e-02
-1.193645095802546297e-01
-7.341901998784636230e-02
-6.298951498853268272e-03
-3.752839139055109963e-02
1.028883748001878234e-01
-8.702407304044092184e-02
1.362969316958475008e-01
-3.193348417595454070e-02
4.237172889208325188e-02
-4.982570584585710449e-02
-8.374268413754987206e-02
-1.377282101659415767e-02
-4.633325882988094391e-02
-4.725249953173558948e-02
7.778102214809624361e-03
7.585277071881034450e-02
-3.996483516280120024e-02
9.455831849684908849e-04
-4.750448553339305102e-02
3.970820384959872912e-02
-7.749089655955692345e-03
-4.799837596698813824e-02
-6.833402127580831542e-02
-6.540733006532142846e-02
1.151262060894754080e-01
-4.653946221058333915e-03
6.422659731902169433e-02
-2.606262341333293389e-02
-7.361892252419668936e-02
8.046827123943274540e-02
-1.197286819419847020e-01
4.057752997411629564e-02
5.695965029660784995e-02
-2.084769087570974982e-03
6.740860190590582113e-02
6.356935963174406568e-02
-8.424429158004424767e-02
-2.801192767710054127e-02
-8.455025694232622124e-02
-6.832222673720761419e-02
-9.830217017672361612e-02
-8.386370901668294478e-03
-1.461893348298895154e-02
-5.349522982884513667e-02
-7.388533533493082950e-02
9.003645950719178087e-03
-2.736436934604916452e-02
2.212981703630084729e-02
-6.617000488183727436e-02
-2.736167457106294595e-02
1.246020062665198214e-01
-1.346674904451922172e-03
3.979398032472571817e-03
-7.377706946016795997e-02
-8.548730254554695596e-02
-1.040919447786472531e-02
-4.726920079295693355e-02
-2.227189642500481889e-02
-5.032403197236419434e-02
-4.898210815596965723e-02
5.508142945407883129e-02
6.454411419673321271e-02
1.354779541228440069e-02
5.280375714722772978e-02
-5.932839738170456872e-02
-6.313796523573474151e-02
7.244768211341531816e-02
5.253111429908549623e-02
3.550806813900561631e-04
-3.784170075617506596e-02
9.241400208083418860e-03
-9.040339892484270182e-03
1.637670057183302635e-02
3.195135086292887755e-02
4.279361555565497355e-02
3.469461327369475351e-02
9.536389421412429235e-02
-8.662363206979362129e-02
1.686557582483673087e-02
2.994426234912272652e-02
7.021670419192278800e-02
-1.974106534260485629e-02
4.571421971725531802e-02
-1.993964528456348279e-02
-9.988890912764369912e-02
-4.967363654624101788e-02
7.089112983428630388e-02
8.109560162942565376e-02
9.218477926510745823e-03
-5.457498036833209609e-02
-1.609081858494874201e-03
-1.305388618639911555e-02
3.607665380649084652e-02
2.066477377816740291e-03
-9.898108123303432648e-03
7.014838674039704236e-02
-8.759571162208429351e-02
-3.924177080897068431e-02
-2.497698567187524657e-02
-4.252351460735126487e-02
-8.224783026057495838e-02
-5.307687729319164605e-02
-6.277506917663315533e-02
-4.640692180589148924e-02
-7.771618477861128374e-03
-2.152111506291040643e-02
2.635008366114280701e-02
-6.825540663054985302e-02
4.519020320848619182e-02
-1.209123942900045268e-01
3.878184435401256513e-03
1.156090814216806095e-01
-7.239021172650418612e-02
-6.558053443040949559e-02
2.299057277742322380e-03
-5.838351861243910867e-02
-6.040290375602161421e-02
5.669545356598071351e-02
-3.964111015274007083e-02
-1.020055688970556151e-01
4.916689494957991735e-02
1.509637092622125379e-02
2.957244680739512868e-03
2.065285192506018802e-02
-7.866518871948761926e-02
2.135042334609499326e-02
-7.598570385899187929e-02
2.508550437981253364e-02
2.068331842605865278e-02
-8.080389775788662798e-03
9.497674568869060585e-02
-3.029723976348191322e-02
-4.384645316433521262e-05
5.699842890713492649e-02
-7.240533809552050781e-02
-9.131104505783747827e-02
4.311468192705857072e-02
-4.794426195601609458e-02
1.818018399917570652e-03
4.964943287356642782e-02
-8.091202012342032374e-03
-6.694675529491736499e-02
4.849071304652674552e-02
-4.692098172303585391e-02
4.665637033881367413e-02
-9.097395550746333048e-02
-2.595405382831864061e-02
-4.525536572593712170e-03
-1.253213378181773641e-01
-4.803521746338158815e-02
-5.809276057834669715e-03
1.725702434515247186e-02
-1.202279892139483143e-02
-5.793457348186706324e-02
5.218892818654786298e-02
-3.673916559512233754e-02
4.191549544666518801e-02
-5.938794563737848781e-02
3.558634552390432110e-02
5.555693063868710757e-02
-6.550655681943733100e-02
-3.501168385784535209e-02
-6.751072338858792043e-02
1.552056619022451969e-02
3.769973913826052403e-03
-5.267447767929809427e-02
4.654928802823655315e-02
3.956814839927059319e-02
5.295842555456724277e-02
-6.646952098324054869e-02
3.172293314067765879e-02
2.239771719017728813e-02
-2.383727159926030820e-02
-4.074291962872397116e-02
4.383526613157469332e-02
1.054589452977942529e-02
8.734100009604170434e-02
-3.249502690925779036e-02
-2.334206040322232487e-02
-7.874555480636918903e-02
-3.734910885976559791e-02
4.725821748517240045e-02
-2.372726516515558104e-02
-5.717862569581526333e-02
-1.086249882746744277e-01
-3.896683379120539914e-02
-8.298439160548531923e-02
-1.009520944737170994e-01
-1.080686449245226444e-01
-5.961117733021957521e-02
-5.708939793038919630e-02
-3.492331877214896463e-02
5.511973658598121745e-02
-4.498483930507667788e-02
-5.017351609204148688e-02
-4.370067451271541364e-02
-5.550082503712734650e-02
4.600951823449210554e-02
-4.345213883795800980e-02
-4.003547383632814760e-02
8.496991817779327161e-02
-1.685978706061349100e-02
-6.544550512133795461e-02
-6.612518597777455875e-02
-7.994405918450289694e-02
1.079369225146747380e-01
-6.976682614965273865e-02
-9.676218026253549653e-02
-1.916324535540001733e-02
8.341752466910570818e-02
-3.819765826749395993e-02
-7.230351167093254650e-02
-1.071409895024086900e-01
4.125930173616617486e-03
-9.106495793904684222e-02
4.472720065797554378e-02
8.556891655778692263e-02
-4.287505163139967990e-02
5.555952530695992819e-02
8.763773459270485233e-02
-8.896057763586474876e-02
-4.153430577316425190e-03
-2.513531649275329086e-02
-2.952929540954677551e-02
4.563086879829296449e-02
4.326950322128022414e-02
1.685714633811694896e-01
-1.219825303826579770e-02
2.229563723883498660e-02
1.846017854590584206e-03
-3.073941092135518138e-02
-3.998489899389842672e-02
6.910939810924392190e-02
-7.080354661560502028e-02
6.214108296609820864e-02
-3.938220296224155537e-02
-5.313019706670230741e-02
3.529863900712685437e-02
2.806535445740570775e-02
-1.070091954484255967e-02
-6.667003352325623355e-02
4.669396236508957521e-02
-5.100694034993055737e-02
-2.914806519519390002e-02
-4.612371705723043724e-02
-6.078706985687876846e-02
8.046935437292849352e-03
-5.694643447955509592e-03
6.639356577914275193e-02
5.937071237065891238e-02
-3.434897906834120246e-02
5.903321800392297147e-02
9.611455653746202657e-03
-3.373323239114422306e-02
9.435431393915109932e-02
-4.646843786043221292e-02
5.562281101902549416e-03
-1.007900017114358171e-01
-8.905541879343538414e-03
-5.248988222970871892e-02
3.119137074985111127e-03
1.046861535463619319e-01
-5.159980290288345567e-02
-3.659969234756747791e-02
5.308375656093277523e-03
-5.426833627249345177e-03
5.192349388926406628e-02
3.684997400165757747e-02
5.270873159137885039e-02
4.670333409160185023e-02
-1.813790458510166487e-02
-3.243587767480894668e-02
5.268262204383808434e-02
6.555019704360366510e-03
3.872226612794743561e-02
1.836935290322151693e-02
-8.648926389692836170e-02
-3.619510286311593272e-02
-3.910196797685439735e-03
-2.128666227416430023e-02
-5.680399774237077093e-02
-1.839530185263808099e-02
8.198345554474871510e-02
6.798106098559011934e-02
-8.541626257844214809e-03
-5.292814702881908778e-02
-1.782052097392378825e-02
-6.229353617038389107e-02
-1.634390841573570355e-02
1.932027109226035905e-02
2.077339765678717226e-02
-5.130106668419424920e-02
-8.018397876855852535e-02
2.128309851664465444e-02
-9.656296224994719013e-02
-8.972026144767319966e-02
8.854672037319027966e-02
-6.578092020723834421e-02
3.700210781136398230e-02
-2.802615907918634686e-02
2.008305811910821373e-02
6.060331522174557117e-02
2.379830292670526842e-02
6.544798982135935361e-02
-6.781600931361317364e-02
3.037519631504070894e-02
-4.714950275604046920e-02
3.836010189684453675e-02
-1.484865782558739133e-02
-1.191554427930896498e-03
8.204028153829084902e-02
-1.563953931619848498e-02
6.710856878856739927e-02
1.093296011218933272e-01
-6.425871885525975824e-02
-5.214008851677200823e-02
4.392973731892121231e-03
-9.574538841313443016e-03
6.382311537094509379e-02
4.296027220535920954e-02
-7.101324029796754478e-02
-6.834924255673575921e-02
-9.685779887056346349e-02
-3.476546657596416706e-02
1.277541627864028570e-02
-6.642422422417420744e-03
-1.891040160524919828e-02
5.307510210838313480e-02
-6.084813144094484288e-02
3.650637266736468656e-02
4.533285737299372342e-02
-8.560049895367460859e-02
1.473917423108330946e-02
-2.509884213175048173e-02
-1.103319056387246644e-01
5.973100698316737012e-02
-9.466072430720128689e-03
-3.974581227943331518e-02
-1.317665390706961384e-02
-6.901770079268565450e-02
-3.095460681459058158e-02
-7.857845047115349923e-02
-5.650287776060472500e-02
-5.426255471039894557e-02
9.049475468129559996e-02
-8.709909939974275206e-02
-5.285314830211585574e-02
5.557000610543517960e-05
-5.921696479840143218e-02
-3.598418488277103922e-02
7.226062268016866796e-02
-8.081923576603240386e-03
9.548894877538702253e-02
-4.334273938093233941e-02
4.834509247319709879e-02
-5.967716518063808512e-02
-3.096119740568462411e-02
-5.122291802909709202e-02
-4.472495345395002125e-02
-5.346990275448500196e-02
-2.043803708098516567e-02
-5.607845615577069370e-02
-9.839708850064121659e-02
6.943677613751041838e-03
-1.000108101898781465e-01
-1.173798798853092074e-01
-5.980077854443226204e-02
9.047691674099359038e-02
4.524414786979541470e-03
-2.047797934053596086e-02
-5.804017268226240034e-02
5.631466785776487183e-02
-4.978891640245682731e-02
8.452872558525360847e-02
8.434004236042259850e-02
1.554249494031199018e-02
3.401037968699490571e-02
1.479391742240312654e-02
-9.516361173054496692e-02
-2.898587807238825823e-02
-3.959610313905187473e-02
-7.517830865687145925e-02
8.344419212757779591e-02
-9.741773194269656710e-02
-7.807882396126090974e-02
3.381820780353202160e-02
-7.305073026767902600e-03
6.309489906853671393e-02
-9.077541308115351371e-02
3.618281190502264932e-02
-7.193368009440997968e-02
5.255908916648329571e-02
-1.047920396348098054e-01
-3.731530704321590203e-02
-1.160133682881536732e-02
-8.029992851270460752e-02
5.029525120613462935e-02
4.903133776160157470e-04
4.252076920959073358e-02
-2.079011221645007609e-02
-2.089839553645550865e-02
-8.337042940541226910e-02
-3.476281473930468990e-02
-8.853743731590421606e-02
-1.392870815723265890e-02
7.680056340546857416e-03
-4.264231968626697872e-02
-1.120922021373467747e-01
-1.144438312980521621e-01
-5.268744258819377246e-02
-5.116092910354154422e-02
-5.216252611028755759e-02
-9.295733241227677190e-02
5.144542405605544155e-02
-2.116793214584610644e-02
1.399604756128342009e-02
5.790928513705964620e-02
-3.773482535785634140e-02
-7.042480774713276437e-02
-9.659302529477854782e-02
3.527250813004349783e-02
-3.273029232808108424e-02
-9.718672925738019996e-02
-5.449163563037839192e-02
-4.859596531169581984e-02
-6.695536661998430228e-02
-4.335953463917025658e-02
1.289414472996845348e-02
-6.956216678574218826e-02
-5.202683128491784881e-02
3.811045010996648441e-02
8.799521880815373148e-03
5.760541189566510678e-02
-8.499903155183879261e-03
-2.977601546766068044e-03
1.601395589004091236e-02
-2.285178678502817334e-02
7.220107453911056572e-02
8.250149142793761214e-02
4.912403300139152329e-02
-2.155405223474320814e-02
7.172005204231592101e-02
1.406522983536884902e-02
-2.246751545965330887e-02
-9.252895858017579078e-02
-2.442394201209362181e-03
-2.265372568961238758e-02
3.584467375839288372e-02
-1.042395315138557738e-02
4.885754069995725674e-02
1.516104665592188198e-02
-7.998136354721524510e-02
3.322479951296873624e-02
-6.236080897188482630e-02
-4.697148005072773053e-02
5.698234176675928686e-02
-9.256813829570141594e-02
8.118733885569909270e-02
-4.257506597874845949e-02
-3.509111475013924897e-02
-3.855310194209032176e-02
9.347351214039649123e-03
5.189542222896012524e-02
2.245524895993358111e-02
2.823563321679360694e-02
-1.762388390051223760e-02
-9.114285142232675385e-02
-2.553368308429295255e-02
7.705149770256201902e-02
1.875358730454643533e-03
-2.792175686255627537e-02
2.365641232550410797e-02
3.297757413987444097e-02
1.801864158950678557e-02
-3.357040721469063682e-02
-4.448187659495900920e-02
-6.023645069493465537e-02
-5.945547373469445285e-02
-4.243228339583400566e-02
-2.354018551800038037e-02
3.491587792405137503e-02
-1.050844568892452258e-01
-6.373634642720632515e-02
9.301008610212990746e-03
1.421698873371343881e-02
7.210724915431032667e-02
6.289435654706541923e-02
9.567417287836513240e-03
4.540763169592650084e-02
-1.467293613197397789e-02
-3.061314590894909093e-02
6.217173428096965659e-02
9.896007098280573677e-02
5.278117019241762575e-02
-4.362674880196484861e-02
1.156318868271504277e-02
-8.171252447196675206e-02
-1.054547991852872527e-02
1.921847535610741314e-02
-2.538566588671904711e-02
-7.140763583676583426e-02
4.069977956758302762e-02
2.529143452990700175e-02
-5.599473260131675872e-02
7.405521234249046181e-02
-1.588995929740750004e-02
1.117509622429860988e-02
3.929528829847337562e-02
9.252106099615715895e-02
6.227249093895780713e-02
-3.480777888961145844e-02
2.373952304659039669e-02
3.022928625831517238e-02
-2.669970319228226474e-02
-1.413055372891284731e-02
3.727772217937145444e-02
-6.033744864394921525e-02
4.083897803489867917e-02
-1.053246129624353135e-02
-4.746201451101517144e-02
2.238147791700739048e-02
7.306632313730551664e-02
-4.690426075965777042e-02
-7.153222542838058584e-02
-1.096882634970982456e-02
-9.442431864450913023e-03
-7.259211560682855835e-02
-2.362366518743305027e-02
4.338931628209292263e-02
-2.485359061622909385e-03
5.351986485190097370e-02
-1.183719744354626985e-02
1.663403989638388009e-02
-9.206625221786365887e-02
-1.506798578909290809e-02
-3.915576623251795785e-02
2.024182286818989457e-02
7.226255965694587668e-03
-2.460586630840330344e-02
3.915494722893923807e-03
-4.649788941744421866e-02
-6.397745201031232454e-02
1.202195978978336591e-02
-1.038274253364412508e-01
6.229573966493072434e-02
-1.676770706270516373e-02
-7.076823506109618245e-02
-1.217040319013523025e-03
-7.687694325429250686e-02
-1.558850476066319518e-02
-5.263094468890682637e-03
-4.292638196002483697e-02
-1.181812031188721607e-01
3.474820390204856613e-02
7.921797940683315831e-02
-3.886696096719861881e-02
2.860313192972501958e-02
-7.591630586300170125e-02
-5.853082449838468981e-02
-2.266278860894788832e-02
-6.206164051560949385e-02
1.947691760120467616e-02
-5.901902574377815985e-02
-1.986308378235701264e-02
6.437436653439463502e-03
-9.199792099865362893e-02
-4.137339786431713795e-02
5.483924362223985965e-02
-1.413901359861824761e-02
-3.871896650584241012e-02
-4.243855926004606871e-02
-5.510115163799279153e-03
1.203263583421155039e-02
-5.609603679446305280e-02
-1.166941791619676913e-02
-3.533776623836614589e-02
-3.287252095954774911e-02
2.143663248706070487e-02
-1.154820119305812257e-02
-1.069183021314502359e-02
2.619643221143466011e-02
-2.986668783721283318e-02
-6.504751093702534903e-02
5.049582607298689491e-02
-6.231641491855686998e-02
-3.232370328169935358e-02
-6.169252246238426246e-02
-1.925304877970343206e-02
1.103844555989917306e-02
-6.136691966193490166e-02
3.004786910857528900e-02
4.428762058802656471e-02
6.196558173722332974e-03
5.122546777431365161e-02
-1.177265716251416072e-03
2.524856891618624047e-02
-4.654136735328986973e-02
-5.583840713913459236e-02
4.517658606641595381e-03
-8.544917051879617753e-02
8.717735355507688633e-02
4.042518145398787954e-02
-4.765120289786959479e-02
1.353623213912708359e-02
-1.874331088797126857e-02
4.063307851592034420e-02
1.701062133882922517e-02
6.508401185766839181e-02
-4.967866932019683254e-03
-6.477900514967302459e-02
-5.072267419432054114e-02
-6.875114104634234835e-02
4.733161471682258148e-02
-3.990773451734837274e-02
-1.704706802645965941e-02
-6.312434546692841097e-02
3.931256261216391212e-02
2.237005191604949164e-02
-1.363266666843450936e-01
2.651922037690125633e-02
1.727816008294865910e-02
8.036814523970273183e-03
-1.029220347111302752e-01
3.714519405585164219e-02
-9.268771722407508074e-02
-6.027996655934314552e-02
-4.292414257039417480e-02
6.214408598840776704e-02
7.885174381538913313e-03
4.645708309868552821e-02
4.900103685174864859e-02
-8.623968994236536068e-02
-7.437734339527643512e-02
-4.225019663937433501e-02
5.220317070818326216e-02
-1.003940776710466991e-02
5.554921518481879816e-03
-1.385770986535027685e-02
1.394789267656633414e-01
-1.087136952425883929e-01
-8.051185389016332627e-02
-7.521119045283419791e-02
2.226987566511388211e-02
1.496260622365118073e-02
-4.243439891444011902e-02
6.508738199038464900e-02
-6.049783771453598469e-02
6.968899743868631202e-02
7.896487375310018431e-02
2.614772856625177319e-02
5.106628146450384320e-02
-7.908268339463758734e-02
-1.629438295162403613e-02
-1.425286593735909310e-02
-4.726782393737265220e-02
-6.793186035166534631e-02
-1.033814747836961784e-01
-2.262255089522733839e-02
-4.177210461137234598e-02
-5.455452010789510475e-02
4.418829419380361501e-02
-3.081163032254261719e-02
-9.786275046009727807e-02
9.228650231191570796e-02
-6.641370828689600880e-02
2.248124503803149155e-02
1.562459226207344072e-02
9.112883251547042318e-03
-2.684535100062952762e-02
4.089652083923189796e-02
1.341850826239734257e-02
2.252879982284099539e-02
-1.190329067682325756e-02
5.595675387973372134e-02
-3.537742215673031487e-03
5.765294444053309375e-02
-7.494682860118054291e-02
5.165068734742699064e-03
-1.523763173704207295e-02
1.613012542344603728e-02
-1.298196800272487239e-02
5.608058702619308361e-02
-7.689657602952156001e-02
-5.742090647156231076e-02
-2.537340522588725153e-02
-1.962163356330177966e-02
2.930886614539928575e-02
6.655458540516648314e-03
5.212885499255046073e-02
-8.159933509434519339e-02
-1.087344068550228082e-01
8.852737702611226944e-02
-1.257433412175464407e-02
2.661054728729335753e-02
-1.574171639092451780e-03
-6.062088605609718822e-02
-8.661479660135624689e-03
5.692521899644412825e-02
3.917311317133742588e-02
4.669646155428013035e-02
2.715442564567310119e-02
6.763024587315996650e-02
9.175432761733980092e-02
3.817730745691780975e-03
-9.942400101096934839e-02
-5.066465736639677586e-02
9.330790305473049551e-02
2.884764715103396715e-02
-4.036226100099613023e-02
8.929205504151617456e-02
-3.567351290778433132e-02
3.217994890591506507e-02
-7.219181603261626279e-02
-7.499342682226789458e-02
4.701612484652155366e-02
1.818271746803777275e-02
7.416831405481917605e-02
-7.517412621362076774e-02
-2.396025563111379986e-03
-4.193199246962595050e-02
1.620249142203176312e-02
-2.952045973447631200e-02
-6.960509984572368219e-03
3.800269356678707619e-03
-1.430164007604460205e-02
1.642595837584397839e-02
2.123310731334922957e-02
-1.191647842342262315e-01
-4.649844876850520864e-02
-1.379308785899248935e-01
6.440565269147614791e-02
-4.126900234377231524e-02
-4.551570945311951555e-02
-6.239672503630341351e-03
-7.060015038249838060e-02
4.647280910482266825e-02
-5.131588694811784791e-03
7.180457438987432328e-02
8.947914216132304976e-02
-2.057299194872890674e-03
2.141925146960375198e-02
9.956838673250006932e-04
2.277065489521313407e-02
7.735712318658975739e-02
-4.034588001887778191e-02
5.721259139510622913e-03
-8.402383740849134197e-02
-2.923109920392621963e-02
-3.392908916880188995e-03
-1.021048708052833404e-01
-3.659101018107116521e-02
6.350216833244647086e-02
3.229846320897539202e-02
-1.698765930743105154e-02
4.406457318137148305e-02
-7.624215987921773019e-02
-7.357503750347466065e-03
6.820979698589298840e-03
5.472683817516970500e-02
-6.033721524118192819e-02
-1.010258423251673421e-01
-5.760074163273861542e-02
-2.774166609349954654e-02
-6.674305236002389674e-03
4.252988424612627605e-02
-5.652816858089003416e-02
2.627369749553905981e-02
1.224051078553715921e-03
1.937926633725712416e-02
3.461109733169034225e-02
-8.570015465415456446e-02
-1.860954823656071899e-03
1.447313679248008952e-02
-9.610652847694975409e-02
-7.617366386059701289e-02
1.892218341933663700e-02
-2.426529987280898887e-02
5.421815647029212815e-02
-3.569506087930587879e-02
-3.468523682586004825e-02
4.403933087864070339e-02
-8.381357666523325811e-02
6.463396979251787022e-04
-1.798102583806943100e-02
-1.961085727174757820e-02
-6.481483204243823626e-02
1.974122749186609307e-02
7.863308123214439796e-03
-5.455200364177563432e-02
-7.351679098686354774e-02
8.823122360534609021e-02
5.849347529594570161e-02
7.578626844198822765e-02
4.895569613280264902e-03
8.828334935377341042e-02
-2.550412778671988512e-02
6.427032504091488574e-02
7.186037447552331980e-02
-4.371393483356898063e-02
5.706210158341960131e-02
4.234332364960076422e-03
8.183205390428716086e-03
-3.822228765732169076e-02
3.948869477217777091e-02
3.391859515670067604e-02
-2.493870812823544697e-02
-3.429053426559706269e-02
4.624509353361604125e-02
-2.413197973280856515e-02
-1.105442354301914565e-01
1.533945540701720650e-02
-1.066062655890852584e-01
-1.773318153273705650e-02
-7.657216087723076048e-02
5.776694534076978055e-02
-4.015673826974113653e-02
-9.729776265129035095e-02
2.862403812464585015e-02
-4.265530303919271710e-02
6.682014988102012720e-02
5.369361127158771285e-02
-1.611309690818988130e-02
4.758808049147109087e-02
-1.592229628703159539e-03
-6.463849517011735490e-02
-1.043217558664259054e-02
-4.117162212065303417e-02
-7.889455486445920429e-02
-6.140171188233962962e-03
-2.154747420938903785e-02
4.353948804353579421e-02
-4.768471662494418173e-02
-4.355957492503142320e-02
3.772980607943823145e-02
4.288609448378847416e-02
1.851976445872905927e-02
-5.266680187981369332e-02
1.034128981982590512e-01
7.880810632108602165e-02
8.282326015311913814e-02
-3.074568562943426342e-02
-6.014050103661010976e-02
-4.330635088793533677e-02
-6.082241591583935000e-03
-5.233232786546497192e-04
5.679785530549220224e-02
1.160340145341241941e-01
-3.207239191589669053e-02
4.599208803584919208e-02
-7.766615322766886285e-03
1.657651124300211359e-02
-8.537286137792546303e-02
-7.368854743935128460e-02
1.225875209134781769e-02
1.539406136872737210e-02
-1.122020527053633476e-01
-8.300325590024999756e-02
-5.130170529519963163e-02
6.237881864661004930e-03
1.283028054630865750e-02
-8.650512332561857698e-02
3.106163569944281333e-03
3.078801012594638287e-02
-3.593292174949171136e-02
-1.145296604314736261e-01
7.933757145850320325e-02
8.443043536097000201e-02
1.598376935860831849e-03
7.367292109527265320e-02
-5.353957369942207584e-02
5.660619492376176010e-02
5.949461247509128803e-02
-4.321382149812385415e-02
1.654799092906042435e-02
-6.991098098128267768e-02
5.779486228422083677e-02
5.027012087938058371e-02
-4.087427814716875635e-02
-5.177482919455476257e-02
9.749410464708294088e-02
2.266793604354456343e-02
4.985173070543099522e-02
8.093685332405901184e-03
-3.496824103168796188e-02
-5.630986560873392499e-02
3.204766069560063824e-02
-8.134589438088925262e-02
2.555795595772194367e-02
-5.687940032313752031e-02
-6.911058037617934247e-03
-2.575500484286452618e-02
-7.308279366223742468e-02
4.395850251263236363e-02
-5.790210575346203814e-02
9.369160479532097352e-02
1.952777732327116988e-02
-7.402035399733777887e-02
-4.780143670229551611e-02
-8.055255146505532760e-02
-7.234881612774314574e-02
-5.076499721524474484e-02
1.693049080726200320e-02
1.073520346026682164e-02
-2.774202516757179326e-02
6.351079801644936296e-02
-2.040145959536462245e-02
-8.966967738364670093e-02
8.130052036001955695e-02
1.056324586431769269e-02
-1.384585017149041891e-02
-8.221114957500631759e-02
-2.690996679950388021e-02
6.435168227216188364e-02
1.440746490248751011e-02
5.376429607016726397e-02
8.729861455687192018e-02
-3.814367315600589170e-02
3.576711548370694466e-02
3.024169782690700262e-02
-3.412506174536547587e-02
1.026758115866801407e-01
-4.174316767406396900e-02
-2.041098698079620716e-02
-1.024148522219467949e-01
-3.252477861396788766e-02
-7.199873945675185072e-02
-2.700251841465799510e-02
-6.389641061771765551e-02
2.761480116470339807e-02
-2.041343317895834980e-02
-6.772397690752503252e-02
-2.364287275783961279e-02
-1.449350408388164896e-02
3.356400647913683477e-03
-1.804591314852381501e-03
7.347909665002935742e-02
6.248151295175950748e-02
-6.035649978207816013e-02
-7.940400700300483117e-02
1.049532637767409265e-02
-1.582960509413395070e-02
-7.607838577941718194e-02
-1.508677980732317861e-02
7.813832882530123702e-02
3.941687915923701435e-02
-9.959576343458040326e-02
4.425155452195593531e-02
-5.530854363057819550e-02
-6.594383201783151488e-03
-9.682005363624676675e-02
2.087757139892161551e-02
-3.466801070736708068e-02
-2.591009392556863772e-02
-5.259939271084972112e-02
-5.112710930458009423e-02
1.562768509491309701e-02
-1.032464341331137125e-01
-4.990887717641889765e-04
-2.765347365792257192e-04
-9.408813322138828705e-02
-7.743184055098104035e-02
-5.282402021080236099e-02
5.195508746828902263e-03
4.470518726693478717e-02
1.106062688377986575e-02
-4.930232576625341590e-02
3.528020881251305724e-02
9.328839791830537131e-03
-2.573093554541834929e-02
-7.335929805148758143e-02
-4.650028678526259285e-02
9.509916668502569476e-03
-1.392545475335709403e-03
-5.536415423446866546e-02
-8.353749181798549028e-03
-1.918392417157049890e-02
2.141625895248107370e-02
-6.490148153696473354e-02
-5.509912832777996011e-02
-1.825497909238866026e-02
-3.697756420854886317e-02
-6.481907022645731764e-02
6.597934756547271795e-02
-3.471181007774998273e-02
-7.500223746767525901e-02
-6.082546495248972868e-02
6.104349215657770000e-02
-1.077319789276929944e-02
-3.373089220473474148e-02
-2.928467357911803196e-02
-4.802331742830837774e-02
2.168507229022738694e-02
2.636032513418742895e-02
-1.049530908078790958e-01
5.308951610991467090e-02
1.725782471951927896e-02
7.297261930444705336e-02
1.034539740698160043e-03
-6.394941688620923992e-02
-1.355906800352155855e-02
-7.625119308802174450e-03
-4.351505956946190995e-04
2.932123392451399524e-03
-3.258360829426731886e-02
-1.452662554813384521e-02
6.463550329885786594e-02
-1.476070417838778667e-02
6.817366315367229257e-02
-8.769062899916096887e-02
-5.575795263623037346e-02
7.631115471637768544e-02
3.781804231379266856e-02
2.282317579303577357e-02
-9.188088161496081596e-02
-7.754035468425282684e-02
3.429502672890549081e-02
1.168706118826971264e-02
3.509598787229177563e-02
2.714773559010665027e-02
3.113014528649988774e-02
4.387418233499842946e-02
1.408960780516613914e-03
-6.164288795095711898e-02
-6.223182267793841288e-02
7.021389254839857652e-02
-1.658919609220714519e-02
-1.036880222355618039e-02
-3.497276341146708656e-02
1.035973148111361541e-01
-4.150451369437963001e-02
-1.008274539724320767e-03
-1.994280116363005007e-02
-2.165966905223272454e-02
1.070184780788488443e-02
4.382150709856730275e-02
9.624921535894238531e-03
-8.427421360829825264e-03
4.570134930070544194e-02
-3.034456384106879595e-02
-1.125728807026529082e-01
-6.001382626220481964e-02
-9.981820950926778915e-03
-7.935981938863512219e-02
4.105286092446361335e-02
-5.921781233568293445e-02
-2.298501079612544351e-02
5.534236011356818974e-02
-9.042875619490600703e-02
4.267705600117133180e-03
-6.151095464941910840e-02
-1.469553381174418250e-02
4.845112182850723481e-02
3.149750513892213277e-03
5.514121388113567279e-02
1.229407579861168873e-02
-9.281704643848750352e-03
-2.009465449359434421e-03
2.920816963133406052e-02
1.466938737215033386e-02
1.471989819185540171e-02
-9.357230219303376562e-02
-5.548364483543403308e-02
-4.811748118960847836e-02
5.191149297336589835e-02
1.206946085681581682e-02
5.251591230207459243e-02
-7.645886409395738492e-02
8.257553678464253644e-02
2.264044792577572102e-02
-6.080439424275496663e-02
-8.894560757752986713e-02
-3.201272059929934077e-03
-8.363106406393520931e-02
4.196982602026482628e-03
-2.165762500523899653e-02
2.331533818997971741e-02
5.464941777077154950e-02
-1.119043041874228164e-03
9.096479652092462342e-02
2.319145046988406456e-02
5.886978667758994976e-02
-1.391534366950895711e-02
-4.408760317626204267e-02
2.680278702744956498e-02
-3.988742209056716365e-03
5.857542648445177719e-02
7.723763564063759746e-02
-8.330800768663493283e-02
-3.988765162258402219e-02
6.844750590558938697e-02
1.314817720706864743e-02
3.837884235080659540e-02
-5.529759153647043762e-02
3.005923790611089025e-02
-5.399444304552013935e-02
-7.445488680603581932e-02
-1.174045940338530949e-02
4.724206731671631160e-03
5.087095774390933134e-03
-2.812307836646283851e-02
2.075249379497223420e-02
9.058042444906613810e-03
-1.472161694499772577e-02
-2.275378284380065452e-02
-2.248095794519365878e-02
-8.361046747904679610e-02
7.017303490599609457e-03
6.322287885940389152e-02
1.636903164383740270e-02
2.530379860376656687e-02
-8.258894407346582811e-02
3.018304219487237192e-02
-4.162434825722327592e-02
-1.236923430336231075e-04
2.123583357279184430e-02
-5.260893260072742328e-02
-1.570333476792726973e-02
-1.740049290516850963e-02
2.487028879643882889e-02
-3.525163056621275631e-02
4.490724474710140746e-02
3.502531919194689508e-02
-7.571690595270660906e-02
-9.329498693498505801e-02
-7.561903482620170418e-03
5.831068472342852693e-02
-4.068328252276751100e-02
-6.066222726086251127e-02
-1.576528330920584989e-02
7.212791611101809774e-02
1.675863202980864414e-02
3.882811415051095477e-02
-2.147825036981099514e-02
6.859053517433959246e-02
-5.923215763414616669e-02
-9.584071308304251482e-03
1.152315355750952938e-02
3.300212007123419500e-02
3.461239314219995838e-02
8.787588284221632684e-02
-6.764870354332719327e-02
-4.861331650364628110e-02
-8.169483179390157890e-02
5.323489412706135238e-02
-2.353681086847389872e-02
1.561830047185095577e-02
-1.051913185390440306e-02
-4.178201589109503677e-02
-7.686393633451837903e-02
-8.869759002759552979e-02
-6.397400102548253531e-02
-1.066849028906130536e-02
-4.843241366132014503e-02
2.716213444141686584e-02
-5.789182421522464511e-02
-1.193930114398603949e-02
8.272459435388975976e-03
3.674044955810691626e-02
-8.309248900550567085e-02
-1.090416753238382941e-01
-7.137126711770047649e-02
-6.437248677876866720e-02
-1.326561924857969088e-01
-3.054278338422737604e-02
-2.552034255536386742e-02
-4.917536905059138874e-02
1.513755713345966286e-02
-1.017945059280788850e-01
6.690684995112761158e-02
3.624904309925319756e-02
2.409797432314539009e-02
-3.021216180442616583e-02
-3.046963860041841318e-02
-7.717693793790151094e-03
-4.741892329053781774e-02
-3.181089628675776854e-02
7.896874217827687392e-02
3.890160006144943727e-02
3.616212870684303027e-02
6.348138185290638780e-02
-3.481602240714252311e-02
-2.483969727389250329e-02
-1.309637995410753430e-01
7.234446567125989158e-02
4.907873328836830779e-02
-3.943457836343905454e-02
-2.446083342230177815e-02
-8.146159157571923604e-02
-5.289220753460693175e-02
2.039610373018486619e-02
4.512450810692918146e-02
3.900007767140633436e-02
5.697725499420674966e-02
-1.109369505425092384e-01
-1.772992889084014367e-02
5.860949201648883028e-02
-1.099515171722227486e-01
-4.273224311619107374e-02
-7.838940829807430205e-03
6.116760761415555858e-02
3.991915103974703199e-02
-2.936492650358897560e-02
-2.215778348505960393e-02
2.678504004310551870e-02
4.427620338607615724e-02
-1.514663642159226956e-02
-3.025386012002222874e-02
-2.227812263196595616e-02
8.586092954961024870e-02
9.034546636327528066e-03
-5.438946021158105881e-02
2.264615939713187504e-02
-2.369243899092987951e-02
-2.450120298783665246e-02
1.822591220696541045e-02
6.819588861596434515e-02
-5.069726720368780346e-03
-5.771488871125853709e-02
4.333720745207900876e-02
-7.603098939284773372e-02
3.145747874188237203e-02
-4.712306337560357578e-02
5.631004980387061681e-02
-6.830584168397829670e-02
-2.895900378292373331e-02
4.912012163479223537e-02
2.125611160967462443e-02
-8.844911807490307698e-02
-7.786621233083299010e-02
9.697618412021480339e-02
6.700819121502955833e-02
-7.156210787270453344e-02
5.113793537250885951e-02
2.082240529123258188e-02
-6.727363187463974992e-02
9.500589728415505253e-02
-2.424629533644377666e-02
5.338913324633464547e-02
-7.422277772412695651e-02
-5.147660346638172069e-02
-8.645825134767283482e-02
4.494119676378498934e-02
4.713050484528774620e-02
1.297846529240010219e-02
-6.531877366861489620e-02
3.267719802788963956e-02
-3.412194089935585706e-02
-2.619795730167020359e-02
-9.057679774017063368e-02
1.342876722384924587e-02
8.736843874945164623e-02
9.380412242575737747e-02
6.114798381058461976e-03
-3.660196279006485559e-02
-1.250707806860298366e-01
4.594410451301988996e-02
-8.728267584507488908e-02
-3.346162636264996687e-02
-6.513977863306891214e-02
-8.362224599566492333e-02
7.040543929646780365e-03
-6.957296535065399246e-02
-5.039754628567108541e-03
-1.211745734674868347e-02
-9.197920732073017192e-02
-6.195601561901080412e-02
8.520569826285623316e-02
6.810926553219046053e-02
2.552487627102142942e-02
-1.391132537882391190e-03
-1.467576035150721520e-02
4.570987118691218626e-02
-4.283037262236379789e-02
-2.497064654571262005e-03
6.131811785818927496e-02
-1.593249457847906864e-02
9.933885125869360011e-03
2.341068358219781584e-02
8.048325170029863029e-02
3.885636864173055288e-02
-6.637039321583018681e-02
9.162629693595737701e-02
-6.032242623902833722e-02
1.964254081831523849e-02
3.983718803342381487e-02
-5.840447029607370028e-02
-6.570842308904117912e-02
-4.281964837005219904e-02
6.859292952189850745e-03
-9.338682350298058155e-02
-6.521811673737795689e-02
-1.562590988497274819e-02
4.689716532126511628e-02
6.213028475445829535e-02
-7.053797103505463073e-02
5.440762885766679824e-02
-7.821899355591760417e-02
-1.640767934839757955e-02
-1.667996800836627283e-02
-3.944235243410755543e-02
5.380134313497940413e-02
-6.214455108184721577e-02
5.870995505074096121e-02
5.030242534237081703e-02
5.127625404272580928e-02
2.215581695011056146e-02
-6.846105275498202969e-02
8.509820622768657361e-03
-4.351322939827562825e-02
-5.429136321932709341e-02
-2.958951661342061612e-02
6.479847336506500133e-02
-5.796046484691670664e-02
-4.183737945615587095e-02
7.320391737430015366e-02
5.173182549416997789e-02
-8.487484669409933735e-02
9.406615258512504574e-02
5.726009122433049076e-02
4.444922536156684090e-02
6.637780140572628607e-02
4.354731260911531843e-02
2.013797992339284859e-03
2.871647439184547151e-02
-7.376415795819695614e-03
-5.126660615864852416e-02
-5.211998206914488646e-02
7.693810196908346111e-02
-3.328444744855874049e-02
6.791614747703568489e-02
5.808627115128493779e-03
7.991177341245665755e-02
6.078614658547228100e-02
-8.409831376194402963e-02
-3.042877669946390112e-02
-2.275516779339289281e-02
-4.187020974655655120e-02
6.720888312575432066e-02
5.471234781354835514e-02
3.384112164678316007e-03
6.577290609249494824e-02
-2.846411128662849899e-02
-1.875291304177527374e-02
-9.284307226461155360e-02
2.212414291812041245e-02
-3.666682941396729595e-02
5.264121203503656365e-02
3.358293444520980831e-04
1.831356706084866920e-02
2.078270820566077356e-02
-7.915573423117436280e-02
6.840407255180651347e-02
-8.371862473705357632e-02
6.520181150100390344e-02
-9.900301512842979434e-02
-7.807719095992410319e-02
6.944335189264745634e-02
1.135682080547152639e-02
8.562185934473519333e-02
6.014440630539193144e-02
-1.181414192354072329e-02
1.761256649420286924e-02
3.869179362604331651e-02
-2.931951370662485429e-02
5.610817160924482655e-03
-2.400014832839791890e-02
-4.116227296222454979e-02
1.088775154197975728e-02
2.302077577818450321e-02
3.795610830079126918e-02
7.469628933356815825e-02
8.301489037202995636e-02
3.733779680597857503e-02
5.297410475212791653e-02
4.824966464715271797e-02
9.876419712190455044e-03
7.583545825699440808e-03
2.885937950070530111e-02
6.001204997827842141e-02
-1.238679788075360347e-02
8.854798487981217769e-02
-8.322802233409588857e-02
-4.435711197925684690e-02
2.598249277354242742e-02
-4.895417008644149803e-02
1.242912421539393332e-02
-8.117317005988178291e-02
-2.407543058299302027e-02
-4.447690714790617644e-02
1.609428310903078183e-02
3.312889418327615021e-02
-1.111747986135224082e-02
-1.008837243930404970e-02
-6.652028418441233160e-02
-6.562093008535328786e-02
8.791192273156152315e-02
-4.182794432373689031e-03
-1.463293202076234104e-02
-7.821764403308607838e-02
-4.307888645664436494e-02
-5.423955757956758911e-02
-7.391792656208188983e-02
5.657314422056698711e-02
4.592085944657776919e-02
2.250740219260897318e-02
9.475415647998516877e-03
-4.297702074333027700e-02
1.550856863743470607e-02
-3.148254374031626140e-02
-5.712700462565623721e-02
-7.065422128942279445e-02
-5.103638390592164092e-02
7.363622811061053264e-02
5.893845944222118882e-02
1.916595393890552917e-02
-4.147681584767082957e-02
7.260926761940388399e-03
1.826775044618637878e-03
-6.679927904527628579e-02
-9.834218496162443202e-03
6.040899221506841610e-02
6.696736363986358076e-02
3.447333505169378892e-02
4.936675005108544234e-02
1.833120194598621133e-02
-1.370643729207366227e-02
-6.066119696309976717e-02
4.350591171743176111e-02
-3.100691361918245237e-02
-5.048829643616353779e-02
1.836274244417424387e-02
-4.006941598851657821e-02
-2.839490877757178816e-02
-7.525156183235975904e-02
1.872132089249071291e-02
4.451755867723908994e-02
-2.118383931939389966e-02
1.660328093786639023e-02
-8.024240127671330297e-03
-6.360003183383033942e-02
-9.688796341871656892e-02
5.590120855960299673e-03
8.127485372289897092e-02
3.295468428618169437e-02
2.677044405351425294e-02
3.151794645046662041e-02
1.755643890891158895e-02
3.264102317486712590e-02
-4.666146808445181815e-02
-4.497983198764064772e-02
-9.329020347431797588e-02
4.157210354092406163e-02
-6.162139183167422707e-03
-1.294239150624871063e-02
-9.877394670597398896e-02
9.997428020153610595e-02
-1.652048630312969932e-02
3.442507351716944664e-02
-4.549297394385964921e-02
2.881793120704367189e-02
-2.833927057244609027e-02
4.401389875652975125e-02
8.205503406217871248e-03
-7.427759407052340890e-02
4.450233077297067671e-03
5.479795213631070278e-02
-7.374749888164700007e-02
-7.758394957739618569e-02
-8.070194385411748328e-02
2.991249348394904931e-02
-5.236361506438567959e-02
2.604150656746381104e-02
5.906774267508990012e-02
2.567738516746983710e-02
-2.601853398458512170e-02
6.202844743238214442e-02
-9.769785861645889635e-02
-6.215865208825428062e-02
2.055122154322833530e-02
8.463635430628341227e-02
-1.636713778302801778e-02
-1.073376677270296703e-01
6.854351605452525809e-02
9.498876742375186866e-02
-2.607159263187101145e-02
9.484736781564520602e-02
8.454479395330886937e-02
1.368006943494449318e-02
-4.978087876532158451e-03
2.996858020247488569e-02
2.499787689310232694e-02
-1.192979339235987479e-02
1.167019817095752213e-02
3.531296029308120255e-02
-4.277007648298358083e-02
5.303026984752672035e-02
4.900878021237598664e-02
3.684652779402906864e-02
-2.990069778152893223e-02
-3.964952093775545028e-02
-5.247910456884211788e-02
-5.791592036302081054e-02
7.857199173966597505e-02
4.605671519331726305e-02
4.461166063785242802e-02
-4.140586448363341859e-02
1.726891036560752532e-02
-4.710904083362105199e-02
1.118034816469247981e-02
-2.351725576516520977e-02
-7.204028479108628980e-02
1.160440622267375904e-02
2.619234742189785123e-02
2.413703799173051029e-02
2.371706638560065056e-02
5.579299545137358235e-02
7.545726597657340107e-02
-7.754411859983774413e-02
1.678279782170149365e-03
3.695468741693275216e-02
5.854981185090513823e-02
3.190105730927057792e-02
8.115978208037206640e-03
-3.186332845732865737e-02
8.945144882193209468e-02
5.802662656457534263e-03
-5.695670515212843121e-02
9.324305591645358493e-02
-3.351495035175621612e-02
2.247602810468862095e-02
-9.262546920231920500e-02
-3.647021248063277848e-02
3.396897308508545210e-02
6.835633332112439620e-02
-4.644850716474219210e-02
-8.556938543267671171e-02
3.383677258681580535e-02
1.006619082465828180e-01
-1.602963257869192970e-02
-4.467799386315481069e-02
-1.601336161140897926e-02
-4.203792939872559586e-02
-3.091418821257858884e-02
-2.482138434983042347e-02
-6.472776156387227697e-02
-6.616379935251906486e-02
-7.398641546186285334e-02
-4.033803855077360695e-02
-4.397560325833719391e-02
3.125365644477687971e-02
-7.006293732974638866e-02
6.116893523572480840e-02
-1.508727077513392911e-03
6.579254203219850328e-03
6.000906975075099431e-02
-3.878768483647346971e-02
7.367109048518048764e-02
6.093665243259319131e-02
-2.624404355303043904e-02
1.883540596377077450e-03
2.974449121723013456e-02
3.209331118502226771e-02
2.024270903960567053e-02
5.913642293733568922e-02
-8.179463314895751846e-02
4.446978665113069523e-02
9.589015013069279378e-03
-1.264459202902798278e-02
-4.602861067627962710e-02
1.894288616270262127e-02
8.228202219611529047e-03
-1.106673241876331010e-01
5.845318667361757564e-02
4.842199336685594491e-02
6.501861637663464838e-04
-3.345739656362171910e-02
1.364222313422358557e-02
-1.151803658813545517e-01
-7.300033667478672203e-03
8.394792951333317210e-02
-6.745070473162079541e-03
-6.980850118752562894e-02
-9.645883927829296267e-02
-5.338781448242253813e-02
7.033917792503296962e-02
-6.294004570349946703e-02
9.569489711842252277e-03
4.127675842269406398e-02
-5.124297450704821261e-02
5.410026861860878222e-02
3.559438981834119747e-02
-6.660631756882001708e-02
5.620481076547405308e-02
-3.207828797069203763e-02
3.903335176177603894e-02
-8.509025497396793813e-02
-4.220924538226677319e-02
4.254872257044147593e-02
-4.228000354406583755e-02
-5.700883744381100848e-02
-6.584275539336378880e-02
4.530066096427001754e-02
-3.567875637724543525e-02
-2.753382138250416722e-03
-4.691011724494530827e-02
5.637198472322949017e-02
5.545456760890193904e-02
-3.489880555260588962e-02
2.912250950409048939e-02
4.649009814662549700e-02
2.193790837894550941e-02
-1.196848521490328880e-02
-2.247186746121506568e-02
2.904799202206528527e-02
-2.275435108290501177e-02
-1.047297105349567214e-01
-1.013692108126830888e-01
-3.120118688312839214e-02
4.951983529110291771e-02
-3.379240999295373554e-02
1.402212875390183855e-02
-6.768406522041819917e-02
-6.588508482544626343e-02
1.204582753428453008e-02
-1.544553987288918399e-02
1.565525375057634505e-02
-4.684355420585701452e-02
2.740612751247135936e-02
4.505819275910446370e-02
-3.881754582991633895e-02
2.661423489305153600e-02
1.493670986136000356e-02
2.812558733695689345e-02
3.719894503047442569e-02
1.747350052643811824e-02
-6.786485863293981180e-02
1.010361741549252543e-03
-2.395099761213080602e-02
-3.948513841788262729e-02
-1.740726261792101617e-02
4.842741878477554995e-02
-2.334681412078760954e-02
4.032232347352238122e-02
-3.892102909894130935e-02
-3.201831390045566106e-02
7.071403072982841709e-02
2.777542783545836752e-02
-5.178060638009143735e-02
3.673266909080227793e-02
-5.342714601789821244e-03
5.858782893644189776e-02
-1.153114489131977852e-02
1.655757622947081134e-02
-3.679896014448874597e-03
4.576277962908476687e-02
-3.810353793827006563e-02
-4.853079428872895951e-02
-3.215024455070951415e-02
5.336890023828995411e-02
-7.319415479783372702e-02
2.482821676653097082e-02
-1.766107416578523853e-02
2.145186889232435917e-02
-9.271238426245428932e-02
5.316768037418968806e-02
3.546876045030066676e-02
8.876750663743696382e-03
-1.228719440028018112e-01
1.272581561336713803e-02
9.661813990617722225e-02
5.399638904310068849e-02
-2.350254299117203460e-02
-4.588400840414053744e-02
-2.138985238189229296e-02
-5.087594290852900936e-02
-2.495471329811538297e-02
6.297542111725082381e-02
-1.601842231260808963e-02
-7.286110226461610384e-02
-4.799186091126566439e-02
5.028982846241366461e-03
3.804737241374729628e-02
-4.534001606322321520e-02
7.993871631796350963e-04
-4.973474521355267935e-02
-2.022490460355222397e-02
-2.896189834061609764e-02
-3.437058251731142655e-03
1.274395380971138532e-02
-9.487919015476943552e-02
2.891717160097273184e-02
-4.037541185414159073e-02
6.897571636549956753e-03
2.513870343742875390e-03
4.599967786416513799e-02
-2.650336288603086579e-02
-3.357184650180390639e-02
-8.486527453459601078e-02
-1.525570732133111479e-03
-7.562023642456607020e-02
1.121607637495134271e-02
8.513428543894939471e-03
-1.213903456205788212e-01
5.561292705021277094e-02
4.197808652233048915e-02
-8.589249749232061304e-02
-5.434835775310083855e-02
5.267857008654293349e-02
-4.885808923091130435e-02
-5.519026300545695762e-02
1.046282508658328558e-01
1.439679633620181108e-02
-9.538045915144907627e-02
3.313835409421284767e-02
8.766135519938340892e-02
-6.282001598034456236e-02
2.442973611963283626e-03
7.984760880001302852e-02
-6.269369327483774457e-02
1.364531951479351912e-01
4.558008770954254801e-02
3.362719417547074818e-02
7.276753680051956108e-02
3.672541226102042644e-02
-3.259829484701846913e-02
5.465268305234759205e-02
-5.146835347880693995e-02
6.560854015693143304e-02
-6.921102041390228554e-02
-5.240308453093858732e-02
-9.796904539795577016e-02
-6.688960063138073286e-02
-4.081550559548015322e-03
-3.039690083868195475e-02
-2.844659949532456905e-02
-8.959974385755110904e-02
-7.186385045864621124e-02
-4.397424355647054639e-02
4.730072317600549775e-02
1.100011167664938574e-02
-2.526145199433805361e-02
-3.697432420012536358e-02
8.402894499179217047e-02
4.553041620591390115e-02
-9.753823781206479027e-02
-1.247704072172127476e-01
9.695588996778428670e-03
-7.980862432184779309e-02
2.220309309350567556e-02
-7.922816402178700645e-02
-9.702237641472821750e-02
7.884985720439276549e-03
-2.444658145501311941e-02
-8.225345478326066828e-02
1.768128964191209226e-02
-6.193285236983786524e-02
-4.995296284805451903e-02
-6.748753260528451980e-02
-5.449634650168228012e-02
-1.056964655451984175e-01
2.976309872026474887e-02
9.236538612501207779e-02
-6.781937045410112164e-02
4.718834369675729834e-02
6.771219676908876717e-02
-2.761541328806084439e-02
6.041028697515986312e-02
1.862314482123236109e-02
3.902425578590618116e-02
-5.666853013177729215e-02
3.645993258299209255e-02
-4.524892023160960453e-02
-7.852345640857279208e-02
-5.177401569091565764e-02
5.118312557458157969e-02
-1.722919673979722566e-03
4.356362813097261477e-02
-1.365127496741374430e-03
-6.825906997167321966e-02
-6.712638665574627295e-02
5.398184112303796439e-02
-2.753886853667476126e-02
1.136330568942148234e-02
-1.516280388410558462e-02
8.581863918571312755e-02
3.670700803301903126e-02
-2.212869814876097449e-02
-1.020618611556752264e-01
-9.797628184783784694e-03
3.215004809533367897e-02
-8.469099738551323295e-03
-5.273302350657711052e-02
8.735032803894315911e-03
-3.964763494133290156e-02
-1.262341727651064213e-02
9.867364648264531635e-02
-1.000399460260011954e-02
-2.606977381602436708e-02
9.701821145024101811e-02
1.739077125275290472e-02
-7.964937999602739183e-02
-5.230533419545826262e-02
-1.714751400074123952e-02
-1.160095949142648727e-02
-2.295030245899086149e-02
-1.661773628723971566e-02
4.873287306024244592e-03
-5.012206321430616451e-02
6.532559091196223078e-02
1.904605424217910986e-03
-4.512104305326861825e-02
8.800805001213699019e-02
6.920285631305774995e-03
3.112843695159869806e-02
-3.657898553822709620e-02
-4.160919470248265750e-02
2.188937974299060701e-02
5.667487788075476624e-02
-1.971897205904570016e-02
-3.097767673287520410e-02
3.279539848044805972e-02
-6.792677333763552650e-02
4.438479770964143950e-02
3.584897631402865492e-02
-9.688865134389423872e-02
-9.130920375422452162e-02
-3.804318298312342472e-02
-4.202333785145415113e-02
-4.302942548702413245e-02
-1.637953899224240534e-02
6.690589182694753334e-02
7.456901052783833361e-02
-5.086028954647247788e-03
-5.022625890569253071e-02
-5.296936557785728028e-02
-1.228080142327090674e-01
4.706538765863226004e-02
-4.491851308742812049e-02
-4.188592002218305410e-02
3.699420166890680234e-02
-4.179853468317828308e-02
-9.829262057939747166e-02
-1.221630722428950350e-01
5.586391567881789089e-02
6.770241489612108254e-02
6.629583301196598222e-02
1.902509684543421658e-03
-4.064863383044678424e-02
-2.326789392401967804e-02
5.066630765530343028e-03
-3.170271445936770349e-02
-1.011804880769810455e-01
-8.668173558714689642e-02
-1.056023166478506220e-01
-1.650479692125997322e-02
-2.084849583761254344e-03
1.712292801690785612e-02
5.683038796135644194e-02
1.130450957600684717e-02
-6.819555688098025148e-02
9.626691399661328058e-03
1.053383966385020715e-02
-8.615302058414417430e-02
5.917063252261384881e-02
2.263771270731641458e-02
-1.839596182255059595e-02
-2.015258088861846333e-02
7.299255728985562519e-02
1.819301480369679355e-02
4.388102332492604951e-02
-1.060676533057200582e-01
2.623283902740167553e-02
1.728643224896993930e-02
8.453410993197313372e-02
-8.890092614739406041e-02
5.256228831928416723e-02
-9.622758231232715620e-03
5.069537097906679640e-02
-1.730939819168776997e-03
1.751974737434851270e-02
4.441526810915360363e-02
5.404787753140753714e-02
-2.656732375021143497e-02
2.899965885188066084e-03
2.694212732163870500e-02
1.870204844810693240e-02
3.290771586540338495e-02
-1.150937518997616552e-02
4.771707200583349268e-02
-3.138623162097099739e-02
1.066451422695466854e-02
-2.125211916594540312e-02
-1.101860457302345636e-02
2.585749589106219742e-02
7.858245712530650962e-02
1.152027370336605044e-02
-7.927371753848062863e-03
-4.112018114292131932e-02
5.629851039100479404e-02
-2.866056569385858760e-02
6.394405411087147884e-02
-1.572808336464437753e-02
8.075966113180016448e-02
-4.151902179793413167e-02
2.353981164691880054e-02
3.383453810162641989e-02
-9.588495724484691340e-02
6.077424467583047996e-02
1.449429335841749891e-02
3.478424596895401955e-02
-3.125278118775868391e-02
4.165230924500593068e-03
-5.132153706025251866e-02
-2.826199166432380450e-02
8.332476127149619771e-02
-1.503733147409228380e-02
3.936459478114612970e-02
-6.182643186146577485e-02
-1.820554459279103560e-02
8.791107882617377189e-02
2.474236366949856408e-02
7.654622147742340399e-02
-1.272200776765239627e-01
6.187548434919379337e-02
7.033383134989812380e-02
1.363294814069845526e-02
-3.022556192293924041e-02
1.840706638245255891e-02
2.738778759320014897e-02
-1.060146305487140728e-01
1.485634583883656788e-02
4.952974058060190254e-02
4.021247285716857828e-02
-1.042236686382495142e-01
-7.502241960182126634e-02
3.361105320327202779e-03
5.223023557391289623e-02
-5.736861002165819651e-02
1.629893483727357095e-03
2.065715117747846802e-02
8.466626092508107437e-02
5.563266508109601660e-02
-7.282369160446504341e-02
-4.919660931141447979e-02
3.448183361266947411e-02
8.268413108649709520e-03
7.440943770758819825e-03
-4.573653789502327149e-02
1.064667626613963469e-01
-2.104786048040958174e-02
-5.077475534966298387e-02
4.428558053176927939e-02
-7.148967103693140701e-02
-1.009935973077884241e-01
-6.877445759119035773e-02
4.652122535787138469e-02
-1.009736479233382389e-01
2.257878059240088497e-02
1.595061435456457399e-03
6.443497025996632044e-02
3.390500569512623630e-02
1.739646448263501219e-02
-6.169472072930176632e-02
-3.552833634724564173e-03
-5.023797657241641651e-02
-1.684413598118954941e-02
-9.916184207046005450e-02
-5.183078650625847633e-02
1.351734627751085757e-02
-9.724827670673277802e-02
-1.496120766544915826e-02
2.958615849398910091e-02
-8.102975511138590936e-02
3.725596012300116250e-02
9.367049006257543650e-03
-4.345271525094601683e-02
-8.517549927465081772e-02
-3.559654850192855990e-02
-8.355970754371913611e-02
-1.599847302410625088e-02
-1.628121152667764450e-03
-1.641541226236839165e-02
1.202154117940130648e-02
-8.289301159596432211e-02
-4.747298150979030462e-02
1.032877004381076852e-01
-7.374113898172457437e-02
1.074735497586528504e-02
-6.225821422970433811e-02
-3.784578724845932829e-02
-9.034748725642596789e-02
-4.321751278017392506e-02
2.817637241058209077e-02
2.940540004259208431e-02
-1.650047481733881577e-02
-7.219215633706116408e-02
-3.123561514720261945e-02
6.502032086312338477e-02
-2.591402295642060427e-02
2.463924963126156928e-02
-3.353357076965465811e-02
1.236157654192773965e-02
-7.979480380058331934e-02
-3.675997666382443269e-02
-4.341051200574808089e-02
-3.870393539892845458e-02
7.157651196147750416e-02
-1.601013417151302479e-02
-2.384013415596346330e-03
7.992545923697914889e-02
4.276779666056651497e-02
-9.685491545126281854e-02
7.426241796870555745e-03
-3.129385825348679484e-02
3.919310060022478115e-02
-3.759009202276895195e-02
-9.231460904792054833e-02
9.118172902220555986e-02
4.172125269967612987e-03
5.488352710661250494e-03
-8.696328337892471338e-02
5.016093803656770239e-02
-4.365396411854183256e-03
7.721665545584346924e-02
1.368196072789464035e-02
-3.961878830327211776e-03
-5.994605338929842597e-02
4.455624279768559404e-02
4.065141882760331393e-02
-7.121595580213507803e-02
1.273291747224983977e-02
-1.005829081882020012e-03
5.171592843180528726e-02
-7.477523535531514776e-02
-1.270466096863657329e-02
2.377108220614457864e-03
-6.977617343483716317e-02
8.310549642342845988e-02
-1.992724684571660354e-02
3.437170260869763100e-02
-4.262788143811837432e-02
-1.178953235551719134e-03
-6.109236934486385329e-02
-4.688228478498860513e-02
-1.774052788236100270e-02
1.608100432234468163e-03
5.770901430611949379e-02
-3.791020676925298954e-02
2.123929815604521515e-03
-5.796497349376561470e-02
-7.466922609064208238e-02
-7.727766856515805305e-02
4.672418349733596654e-02
-6.222123597080393004e-02
-2.832098658984237571e-02
-9.881389233192636179e-03
2.674024431952879213e-02
-5.697951356812894913e-03
8.062966955008007974e-03
-4.485354675449684803e-02
1.324261387834243034e-02
-5.196160931700072316e-02
-6.737251293753818149e-02
2.832820308717082930e-03
1.804404004839082337e-02
-3.295846195360387781e-02
-3.280841046428237262e-02
3.180649514148430751e-02
2.745646935189548915e-02
-5.843533578690449787e-02
-5.872366369483314474e-02
-6.838958869214990799e-02
9.402667098679047541e-02
-5.078928602437096651e-03
-4.603171285796502088e-02
4.273029696706947406e-02
2.189050217721615413e-02
3.991088450436221235e-02
-2.423219599538815189e-02
-8.211852733613200783e-02
-6.824038693765611951e-02
2.371810562605031203e-02
-5.064969715057854316e-02
7.897961625621074955e-02
-5.285282046102005027e-02
-1.410549326112443477e-02
1.543938504035937548e-02
1.703895862417169338e-02
6.995580448620125624e-02
4.567756938808975944e-03
-4.691168617588106771e-02
-1.188453166081243906e-01
-3.394197218858228254e-02
8.576636155156153879e-03
2.965914192854537945e-03
-6.120273501565123148e-02
-4.341786211258084199e-02
9.301662433996288337e-02
7.126502980351011318e-02
5.291097348452500349e-02
-4.473472773541664615e-02
3.907541038064731020e-02
1.166767457983894883e-02
-2.560485204171502466e-02
-5.555011325968214897e-02
-4.404149382438742738e-02
6.289395883475412674e-02
-8.200646941222364261e-02
-1.316997131098426588e-01
-8.264978939848404912e-03
-1.199347103027813277e-02
-1.611096102892256923e-02
-1.959280487522828754e-02
-7.031868503285293448e-02
1.369574105839086245e-02
1.251369005760527391e-02
-5.809645560196390057e-02
9.161903367369721163e-02
5.196270557925067313e-02
-7.188328415485356615e-02
-8.003040788783097326e-02
4.572986847870281341e-02
6.336930013755381549e-03
6.232655360958386237e-02
3.758300652623292049e-02
-4.482793602237600261e-02
-2.122542395887336633e-02
1.875362351899266533e-02
-4.261576331426358832e-02
-3.827238273150276870e-02
-1.285426193160892332e-03
-6.728069828952769338e-02
-4.928676164501084866e-02
3.824839365168972855e-02
-4.049083789920164544e-02
-3.324740609011148790e-02
-5.471914839919757301e-02
-7.547636447953681715e-02
-7.463851941815922986e-02
-6.687457118886980939e-03
-7.928708741479709166e-02
2.042905464448819923e-03
-4.646786570392449911e-02
-3.951389713747063825e-02
7.555742374363602631e-02
-4.593540136666034168e-02
-3.346163019097461722e-02
7.372472508947390535e-02
5.623921055287293275e-02
-8.529279580537117711e-02
-6.193420555762829682e-02
-8.164866853347312048e-02
3.573330976374820139e-02
-6.016674122154057336e-02
9.746155193640547443e-03
-9.245804086182288217e-02
6.394005856085921424e-02
-3.076610633477671816e-03
2.224821661470923959e-02
2.060465360671318719e-02
5.081083247270287706e-02
3.156869392536806873e-02
-3.819279056044819209e-02
-5.656302209222217880e-02
1.963410523781111000e-02
2.453553795060060133e-02
-3.461566589256347831e-02
-3.614382887656995141e-02
-8.292264082195495434e-02
-9.239882500355314776e-02
4.290752101931139678e-02
-1.047774318210756110e-02
-1.244746576911012759e-02
-3.693359429131208571e-02
-5.595629967482980416e-02
-4.445042260625897690e-02
7.329186773061425325e-03
-3.249765220262253868e-02
1.251837072420733735e-02
-6.831449341518962270e-02
-8.535771205329654998e-02
5.721149906014465214e-02
4.078494669413218476e-02
2.409219781357267373e-02
-6.275081813600820457e-03
1.275112632573075812e-02
-5.437908367872153204e-02
2.502902832097152544e-02
-5.495616865440304533e-02
-8.521695549123713131e-02
-5.266491877824415468e-02
-8.693380162879775497e-02
-8.870925263949734629e-02
2.087304587600077171e-02
4.472709129953997970e-02
-9.081781718906023482e-02
-2.324754966454894989e-02
-5.448543644860798923e-02
6.213464763296752680e-02
-5.961431127675993757e-02
-7.634191205918275380e-02
2.196674719230722397e-02
-8.263795876134948093e-02
4.037492887231859673e-02
-3.074575316904687092e-02
1.336155017472899151e-02
-4.223574063777429943e-02
-2.142809564762593322e-02
-2.299461044513959398e-02
-3.986589184836950017e-02
-4.909108140554997723e-02
-1.569149982741559549e-02
-1.719028754692795286e-02
-1.595673401448614859e-02
-1.292103922541380789e-02
1.752157807226337183e-02
-5.266430149252448317e-02
-3.596962449421167718e-02
-1.694888227803128047e-02
5.187932445638633594e-02
-3.447495519603160224e-02
5.792803790055041369e-02
4.057490306632077770e-02
2.533687908162680219e-02
-5.968477848546920039e-02
-7.840303143530760743e-02
-7.282629453238401163e-02
-1.837787406734363999e-02
9.416516698066837443e-02
-2.248184460235514576e-02
2.397901531817888884e-02
-1.077519773414229928e-02
6.535757793753323164e-03
3.502953438076548617e-03
-2.457674264617935173e-02
-4.058898971838890285e-02
-1.083558130110492401e-01
-8.415444550782333333e-02
5.662307099964494078e-02
7.551493643748487077e-03
-1.297722997894770192e-01
-4.421124627114668415e-02
3.493201486138106104e-02
5.235151231461900728e-02
3.990601889066196228e-02
-7.252880585292917348e-02
2.879955207575293427e-02
5.216827539456918988e-02
1.629507623920463735e-02
3.653926389182349244e-02
-3.193083313914624882e-02
3.873406217973893867e-02
5.645334452966450922e-02
1.821587617958813146e-02
-2.403858089717616706e-02
3.353870343404429660e-02
3.791182544485956207e-02
-7.744073482068577520e-03
-9.467214189113301592e-02
-6.048051993579629630e-03
1.492024810950754940e-02
-9.309334139950060927e-02
-1.202114290343836156e-01
1.766044631427408571e-02
1.115847782630103729e-01
2.168199329954986071e-02
1.651474053271578812e-02
2.964899516406912031e-02
4.743443746188272941e-02
-7.009973316905870888e-02
-6.286502500480853350e-02
-4.013728849881389310e-02
1.400857206794576398e-03
5.095505838577127355e-02
-5.596900947564872192e-03
-7.321596276787808999e-02
-1.093213250604477410e-01
3.341870195124543863e-02
-4.903921424981971811e-02
-6.901725021033866536e-02
4.680566720692479199e-02
5.369706739452735633e-02
-4.816876095860862100e-02
-5.882054425372472417e-02
5.675411342850385926e-02
-6.239218064244135553e-03
2.862795710278796119e-02
8.446012802811284081e-02
-2.345699429415044890e-02
-5.418093814330165320e-02
1.781792246908282112e-02
6.856142348165911171e-02
2.964724676110212787e-02
-7.446071899702687291e-02
2.034928661241429751e-02
5.665251112658351712e-02
9.291018742044399731e-03
-6.351801443522564483e-02
-4.243204633184435859e-03
-2.205704751945669964e-02
3.370841498933357244e-02
-2.871798003934519089e-02
1.085991999318431517e-02
5.261392915796712227e-02
-1.021286611108949138e-01
-5.510024579890707153e-02
-6.681515773121877999e-02
-5.513981363203424024e-02
1.036411264727731124e-01
8.695724656117247153e-02
-1.915121294123605170e-02
-3.238113745881881361e-03
-4.418336449369659330e-02
5.358668289376758431e-02
4.342048119498495562e-02
-3.113809209388725824e-02
2.328519254664478122e-03
-2.940463214806461612e-02
7.485646554187949664e-02
3.662325155271872745e-02
1.129477854315942276e-01
2.213646979978577817e-02
-7.187415601480910687e-02
-8.275209926666765581e-02
1.371035863048456482e-01
-2.035548558567353353e-02
-9.054862652478325169e-02
3.989787143620203425e-02
-2.304913992442891163e-02
6.017450871447393990e-03
-4.566578341968014626e-02
4.091227128309540828e-02
-9.186692369664932120e-03
-3.596186120048130985e-02
1.570773306684430937e-02
1.350280669867662819e-01
5.648107455470134652e-02
-4.955621858204372482e-03
1.372897324740828852e-02
1.162390679579595847e-03
-1.973758907568501711e-02
-1.216855270581975873e-01
-7.792619952870302735e-02
5.922719668430562884e-02
-5.742644790072977401e-02
4.795128120537852506e-02
1.280546476299788961e-02
1.002792056743963406e-01
-7.101235181711899880e-03
-6.149780491291791107e-02
7.478062884796685128e-02
3.398649248883842122e-02
2.547429545748355201e-02
-6.108686947228414432e-02
-4.358367379354411569e-02
-9.889502067087921344e-02
2.502861622100168229e-02
7.679741385279979793e-02
-3.076844718918875232e-02
-9.237971867485528232e-02
-3.375557721111579340e-02
8.048785138209148260e-02
4.755306723395221619e-02
-1.053840650350121311e-01
-5.227276232695436675e-02
9.798371708394165713e-02
-6.639184792133817625e-02
-5.325744448556643529e-02
-5.057142596627050429e-03
-2.550517342170925683e-03
-6.332822915682664866e-02
2.294221812731613019e-02
1.153340317646201277e-02
-3.507565492657135908e-02
7.727162614261917639e-02
-9.224993101598279177e-02
7.822316379207855386e-02
-5.170221772892117512e-02
-9.153465978704707073e-02
3.979173802958316242e-02
-6.017286534880472021e-02
4.403593666432852743e-02
-4.759454900624800894e-02
3.217907897638110082e-02
5.207133590262499889e-02
-3.802233974692624530e-02
-4.202718052373485835e-02
7.738820921508804407e-02
2.995794239458291625e-02
5.376267526338972258e-02
-2.830206276880234406e-02
-3.922190501390717537e-02
4.226604957869976864e-02
-1.119820720172395589e-01
4.726605427218130012e-02
5.422514891401914588e-02
-1.507253915384974829e-02
-4.199827939339040306e-02
-6.184774837220528149e-02
-1.378125554092670541e-02
3.268087327103605388e-02
-3.372882898090081433e-02
4.084674300545550890e-02
6.229457774972317965e-03
-1.819141926250929936e-04
-2.792554255931823867e-02
-6.629867233534546267e-02
4.151867101426167522e-02
-4.124392506165171918e-02
-1.666122842126169235e-02
4.836464492111490834e-03
6.994438698475347049e-02
4.690524811218215601e-02
3.186553313576745428e-02
7.980888715334011341e-02
-5.044483229624988074e-02
2.860304066905526230e-02
-1.397797343226898914e-02
-2.038836145743035122e-02
-6.332609095437907731e-02
3.702040598333208692e-04
2.346712608486158438e-02
-5.187419940054512763e-02
1.172070842651696740e-02
1.553376538081382985e-02
-8.909999823133749053e-02
2.201616951126964331e-02
5.300463912743526990e-02
-9.350810126974019171e-03
2.191966930885003509e-02
5.480138754420607605e-02
-4.708372899129492639e-02
-2.741695644803261028e-02
-6.234781776354722527e-02
6.488979714653270170e-02
-6.326734249873607052e-02
9.922136326737618361e-02
-1.348947298595581934e-01
-5.653535397961537146e-02
-8.548191527476596552e-02
6.797770364827367129e-02
-3.520194068485225231e-02
-4.396296222874785525e-03
4.915186264353088585e-02
3.548159606644831626e-02
2.683279169243363640e-02
3.841974117065586128e-03
-3.774158897918078459e-02
-1.048995636806610149e-01
3.145574366255243087e-02
-2.231780318340117336e-02
-1.965480588956853084e-02
6.613963608521325477e-02
6.466236613402022437e-02
-3.786089899012666515e-02
-1.058879334213436857e-03
2.079078944314517383e-02
4.907962855744591596e-03
-5.138868924943306576e-02
-4.708859136814411844e-02
-1.164364331234092748e-01
-2.379113599277420110e-02
3.954665306012654369e-02
4.031562248546113891e-02
-3.651383314540751490e-02
-6.682646515925387554e-02
-6.519998151190160851e-02
-6.484998202243491550e-02
6.441018345907115195e-03
5.938311474094569442e-02
-6.967274849580856744e-02
-1.077112492068439814e-01
2.214738535756213475e-02
-6.334514760705649283e-02
4.530572603781583829e-02
-8.481322826456132169e-03
-8.717185957799687690e-02
-4.655546622630361842e-02
-4.885147360009658990e-02
-2.323920913975462132e-02
3.373821834275742004e-02
1.571112812880224446e-03
1.793049749987775734e-02
-1.901854255899847190e-02
-1.326766540058715166e-02
-1.004254034611383323e-01
-3.427130769064853921e-03
3.619198400794257711e-03
4.297898170563236447e-02
3.522102174077533510e-02
2.310946991205083817e-02
5.993012679968800355e-02
3.560388227545908946e-02
-4.055784799248836336e-02
-7.316526241410178932e-02
4.427428175758322398e-02
2.285119774915728846e-02
4.253723507470710818e-02
4.264664605845536888e-02
-1.915594774640203002e-02
-4.830901456057706128e-02
-1.909763242665783733e-02
8.681336402977535283e-02
4.179145227484064307e-02
-9.452942023376220693e-02
-1.120972922259438620e-01
-1.385280781132655070e-01
1.042586585530357740e-02
-6.357279054288705877e-02
-2.332187252910726538e-02
-2.773069919564524408e-02
3.363180492035691693e-02
-1.448594550061345701e-02
6.543148940150379789e-02
-2.660471353412223461e-02
2.617113444012754767e-02
5.389578928190122756e-03
2.854517905200862002e-02
-4.822461013373136041e-02
6.286899293145842282e-02
-6.880739826300616424e-02
-3.120771139102086755e-02
3.196141306980107566e-04
-8.304593235195276146e-02
2.023760221230574280e-02
-4.924969003463223333e-02
-2.677690916510259284e-02
-3.189614132383648826e-02
-4.283438310241491007e-03
-4.682303694861748855e-02
2.729764067296082050e-02
-2.891083198834615287e-02
9.497835448365932187e-02
-2.260614635271460809e-02
3.829906207105528149e-02
4.961048695845463735e-02
-7.480453806935319361e-02
6.739401891405377709e-02
-6.168439638782503148e-02
-6.145648758681788310e-02
-4.823670187058642228e-02
-2.072796490389558141e-02
4.037958127941254638e-02
4.620056256396383454e-02
7.103444856078747205e-02
4.419316506423419388e-02
-9.317073217009695651e-02
-2.812367455237704816e-03
4.877411158895919585e-02
-7.497975853259271871e-03
-1.115817974976983720e-02
2.288639470110735707e-02
-9.860453900387683435e-02
1.255352355047020807e-02
-8.642509462966899147e-02
-2.952119467255445717e-03
8.923392937280269499e-02
-7.460878604666443259e-02
-6.208577929212578256e-02
3.442544235101884648e-02
-8.296215160232540964e-02
-4.872391008187437061e-02
-8.269224683146703114e-02
6.296194202957877684e-02
8.827340179961108702e-02
-1.795748678258222292e-02
-1.099521831475761685e-02
-2.323793971025086072e-02
-6.749384633961004465e-02
-9.303448197099510597e-02
-5.439475467135602288e-02
-1.337368450382171899e-02
-3.102776614703564237e-02
-2.142701002651586570e-02
-7.287365775698476100e-02
-2.644409054336251813e-02
1.393359343456010424e-03
5.160834755502555909e-02
2.965284577549615747e-02
5.744940281242589403e-02
2.697679675115781731e-02
-3.382208529322006108e-02
-2.914972872302558360e-02
-9.664385452874479920e-02
6.742421946606771965e-02
-8.232433289769590379e-02
2.783187141373441587e-02
-2.255784469397984632e-02
-1.089936086715240920e-01
5.721885114575085002e-03
5.215869417287228790e-03
-7.160560818162477192e-02
-7.935078522921155952e-02
1.546341995686078413e-03
-6.385410597711879688e-02
1.015241066406488875e-03
2.428650776548685677e-02
6.894100855961797503e-02
-1.092765080969677893e-02
-9.946891127635817953e-03
-5.541617273472351779e-02
-1.518335445273493595e-02
8.023894246739778080e-03
-3.761129890187644986e-02
1.604192380147947267e-02
-1.554886932399740691e-02
-5.516472998778072095e-02
3.139173955464748256e-02
-6.377243166133714225e-02
5.984957277472766068e-04
5.677517283069799525e-02
2.606125392302554439e-02
-4.264813080361144759e-02
-3.714349211171127929e-02
6.088313766914824066e-02
-8.481261151464460080e-02
5.988851489746679913e-02
-4.087883933447233886e-02
-2.439003613809583026e-02
3.100618440713585888e-02
6.144783458620532018e-02
-8.521638135163443761e-02
-2.953838667699791587e-02
1.927325213843668599e-03
1.116259754118953569e-02
-1.707917690280753853e-02
-1.006114701374784676e-01
7.416296916710821141e-02
1.420765884642387344e-02
-4.975501268161935595e-03
1.592071687423798898e-02
1.862243414508566591e-02
-7.686349989674165495e-02
-8.225371272695546077e-02
-9.985744887137491810e-02
4.842869925500580333e-03
1.545546008386959429e-02
6.404923297874542953e-02
-1.989185163183499958e-02
1.893781415338627663e-02
-3.946529869482910680e-02
-4.447106638196939021e-02
-5.764888906827372872e-02
2.195819387153137223e-02
1.705252950998627053e-03
-9.122564522056163250e-02
5.207736740864267466e-02
4.259418352377948580e-02
7.639725975029555693e-02
-1.036936967193939629e-01
-8.765514217911146710e-02
-7.719695734000805998e-02
4.500304606984827094e-02
1.423136236939378726e-02
2.122168201803204327e-02
-5.721415820389547102e-02
-3.635578579609358152e-02
3.189065586232408406e-02
-4.894885268942587853e-02
-6.374280842973883976e-02
-6.029458034158594049e-02
6.818585211999059204e-02
1.754898932239474380e-02
-2.200854017031336068e-02
4.117148849509182779e-02
-4.819836707340570403e-02
5.718080269403829491e-02
3.650768718399859114e-02
-9.103207733813596658e-02
-9.420340250072770094e-02
-7.823315419504808799e-02
-7.337535265562045161e-02
2.113202327595641028e-02
-1.097250750163948352e-01
-2.998369838062022938e-02
-3.419475359277818205e-02
5.734478813430267385e-02
5.941440042810314237e-02
1.826223807652249675e-02
-1.075038244835045537e-01
7.617653384356441737e-02
-6.230807322381501367e-02
7.816217629435566472e-02
-7.129948954862128270e-03
-1.853684491780002719e-02
6.601108264552887905e-03
7.081260631062498423e-02
-5.088806964110642594e-02
-2.837003833169453315e-02
1.184499311012246758e-01
1.048673888171911678e-01
-1.537478310256876202e-02
-3.628961415660073020e-02
4.183134067550409174e-02
5.593283078921812423e-02
-5.882801946412071631e-02
5.334692778485079778e-02
-7.199931581957765003e-02
-7.985406661746638490e-02
-4.830185359227670561e-02
-7.476368170216615705e-03
-7.104446723115817597e-02
5.349791924227412926e-03
5.601576365301365323e-02
-7.952137790490965141e-02
-2.987828816309846119e-02
2.629327121012144802e-02
-1.010891801919958366e-01
-4.380628674528351529e-02
3.578754550133927959e-02
-1.528851250524499925e-02
-8.522505546674843946e-03
-7.638113057564938080e-02
-1.306136998067589788e-03
2.792490997135139291e-02
3.869639730186103660e-02
-6.281192537279202404e-02
-2.496507725936488592e-02
-1.543049274671400885e-02
-6.442940535031621563e-02
4.411632701205800422e-04
2.970222762109731018e-02
4.622738195442176873e-02
-6.038736613055516178e-02
-2.387973154087452698e-02
5.279374269648860751e-02
-7.959247922669802910e-02
4.781027012348413457e-02
-1.036805894910311845e-02
-6.717141287690385487e-02
-2.387342184570212869e-02
3.288250705684364616e-02
6.430370348136062175e-02
-7.346693881289866057e-02
4.176992204181823043e-02
6.463437798415022639e-02
4.195383533314983593e-02
7.530080403433508929e-02
-1.333050869294702956e-01
-6.595349547235888898e-02
1.753807119859031316e-02
-4.280911982035956465e-02
3.174325996914503095e-02
-2.315073237115795532e-02
-1.132107870520066700e-01
2.068585658529128318e-02
-5.935080348470657408e-03
-7.669999006106752171e-02
1.202953935199322331e-02
1.739898907270657352e-02
-2.157946783993454701e-02
5.857022846325315307e-02
-7.114891951827760630e-02
-8.775023412867018202e-02
-5.986740976048469248e-02
-2.497946798753659936e-02
-6.747232774765624108e-02
-8.288419502569133179e-02
-3.848264736689187282e-02
3.436004562775300114e-02
-5.558307719609491271e-02
-5.690214890902224598e-02
8.189364956044800636e-02
3.270612814485119105e-03
-7.608300383911652254e-02
3.013089083823212305e-02
3.680942822348227950e-02
5.060040201133042537e-02
2.648079224355567862e-02
-6.746335038329792644e-02
2.359391487158198769e-02
-1.219880508969715255e-02
-5.566970962943455781e-02
-4.482667626046312609e-02
9.542912068445652540e-04
-6.939805413619068442e-02
5.098541550138407930e-02
-1.036258563933493103e-02
2.432816120047157429e-02
3.002622125276476622e-03
-1.670322121808011026e-02
-6.048784092724302647e-02
-3.947950765166391429e-02
-5.614828325589520108e-02
4.377527105947945363e-02
-9.113964931272908188e-02
5.654340309999612672e-03
8.226107806842755665e-04
5.599577255777170304e-02
-1.711053456333463257e-02
2.476443403740757887e-02
6.856425840111550485e-02
-7.697379790672183308e-02
2.054687939201636782e-02
2.565375547759761975e-03
-3.025703473667631406e-03
3.101981532789184481e-04
-4.238984076836323917e-02
6.721838705555076288e-02
1.736325652173417722e-02
-4.907530063720036417e-02
-5.378941220845755156e-02
2.956907753515215093e-02
-4.196501243671062198e-02
-1.131590383508040698e-01
5.435699911490424197e-02
-3.173055130665856927e-02
2.801756020281847420e-02
-5.481038764449232270e-02
1.257541590357219574e-02
-8.249476868802700646e-02
-3.052723571482909501e-02
7.670683952398715810e-02
-5.079141393561724394e-02
-8.652210392241578563e-02
-3.476525987730923195e-02
3.977297678498213640e-04
3.920190642847966311e-02
6.267910890373654120e-02
-1.760787733146450609e-02
1.051753821429739742e-02
-5.116956214985760726e-03
-7.186283603406035114e-02
1.777179527512416993e-02
-2.540210329606060191e-02
-6.888377059470724567e-03
1.200018980819706794e-02
6.637494635945970223e-03
2.345613407125591784e-02
4.263270752139042274e-02
1.141969235519956632e-02
-3.634293539541597062e-02
3.478406804257808127e-02
6.376852904841159853e-02
4.893640938562821702e-02
-3.222780980388093020e-02
-9.145611693326706482e-05
-9.408751622535241332e-02
-3.890600384565776754e-02
-1.435308146133886659e-02
7.456139299249697761e-02
2.702446510001570851e-02
-2.313541327056026914e-02
1.662834676972452935e-02
-5.047687304769518657e-02
-8.907318499533106726e-03
2.601705376686008070e-02
4.451788652098721127e-02
-1.040598811002333979e-01
-5.922748209610027154e-02
-7.763237504591390115e-02
-2.260820123452350616e-02
2.520756715968074449e-02
3.198847849845549984e-02
3.582389200000615087e-02
-2.807712456306777835e-02
4.947403605110595876e-02
-1.081843577842176926e-02
-4.157520925259332312e-03
-6.930150506660716359e-02
-8.285773608318117156e-02
6.608288995436865931e-02
5.312222614687038547e-02
-6.725020785492996644e-02
7.838223208219126034e-03
-6.174346566237930156e-02
-5.709255664772211469e-02
-2.759948908833263423e-02
3.680657510645223701e-02
-3.482665258437737943e-02
3.258770631688796132e-02
5.237625616447230681e-02
4.815577780247842082e-02
-4.564838259496890871e-02
-4.796364250176217425e-03
2.740847642812107784e-02
3.159937722146900774e-02
-6.685635486108583436e-02
-5.108687080202288511e-02
-8.705207849388714447e-02
1.898957107430039246e-02
8.440945143558847147e-03
-2.897432763666418082e-02
4.961272015218797654e-02
-2.072817679785788486e-02
-1.861018979301328272e-02
3.185421448878122258e-02
-8.506338728367464005e-03
-3.474496597829661304e-02
-2.313377883444682481e-02
-9.989698160896662293e-03
4.841498961975848614e-02
8.000236447251588001e-02
-3.489831821022095631e-02
2.715787874357353596e-02
4.783037622140206419e-02
5.088262417606539273e-02
-1.755090115723347693e-02
-4.086949530325725832e-02
-9.461831637051650035e-02
2.108507560806772031e-03
-3.700642379200117654e-02
-5.949122472753932966e-02
5.071769894952034285e-02
-3.380499544681405538e-02
-5.468668115234347205e-02
1.813630192809766173e-02
-3.932528124510857592e-02
6.641658786480636456e-02
8.219493781061527893e-02
1.190259056393713419e-02
2.930790182760265386e-02
2.154152553641545953e-02
7.640962198675102512e-02
-3.832456026207514688e-02
-8.750003324570898577e-02
-6.520112163262815896e-02
-1.843711361587727429e-02
6.901944812583596378e-02
4.198092720267880551e-02
2.531223072258243986e-02
-7.319058647814624674e-02
7.910905535124775068e-02
-2.289104922580548207e-02
-5.030448577816002548e-02
-2.075011317970371430e-02
3.701621272389557515e-02
-7.516271508214716901e-02
7.275171610932870681e-02
5.715803085612501666e-02
-6.229209710329215027e-02
4.163006942626763449e-03
3.512591811843633616e-02
1.382309480352612169e-02
-4.143287509680376735e-03
-7.488341477744275831e-02
1.164697429709159182e-01
1.463424225247283127e-02
1.185217474045532626e-01
-1.523717445208381399e-03
-9.787211178418930846e-02
-2.237218522955569666e-02
6.062899526057566324e-02
-8.355784529098982116e-02
-7.351869522952521330e-02
-6.290282514451212004e-02
2.261705675240199137e-02
-5.045481816632689520e-02
-7.715707654144593475e-02
-1.067222611491541392e-02
-1.217508076032215551e-02
-6.537148879334170326e-02
-2.301870584126263636e-02
-7.564397961212998567e-02
-2.369649528011425615e-02
6.063157441483731092e-02
-1.549759634688375673e-02
-1.043651838480465499e-01
-7.340466048751025097e-02
-3.026164639682257448e-02
-5.110835641033666110e-02
-1.123765112027230451e-01
-3.376068894770098416e-02
-2.618489195935960745e-02
-1.981312487359178365e-02
4.202212781389678270e-02
2.396526771523976168e-02
4.493965335604845068e-03
-5.723052678382540420e-02
4.835397909938200789e-02
2.270547766818746885e-02
-7.470806533722709752e-02
3.845806406894676510e-02
6.147159481361450656e-02
5.866431757172831107e-02
9.324777566065470258e-02
-1.188224309966309788e-02
-2.295489885158279869e-02
-8.839406060962728962e-02
-1.051103954993490019e-01
1.570342308808218845e-02
-1.961959630860291709e-02
-2.768020763606323514e-02
9.032342514323865590e-02
-1.578293123635234052e-02
-7.977334447460840416e-02
3.756657276713420285e-02
1.034276647342162736e-01
-5.704217827340969660e-02
2.307068008949608034e-02
-8.281841895081933080e-02
-1.924454281593113159e-02
7.608739121482400308e-03
1.152851293972121695e-02
1.977113658361060594e-02
-4.804721542708536436e-02
-6.551856386674267257e-03
-2.233211380580960720e-02
-3.064826340772508137e-02
-4.851094536243363842e-02
6.211206955109889460e-02
2.820096873813458457e-02
6.689999701793267195e-02
-1.701995790279881363e-02
1.076371320000058668e-02
2.154360025039685211e-02
-1.125664132169175435e-02
-7.576151445106248106e-02
4.627150456617712404e-02
6.984164114334941165e-02
3.721625241598403022e-02
-5.865784703923460075e-02
8.389914547993047866e-02
8.638203478693858017e-02
-2.616612644855709907e-02
-1.046959334689757937e-01
-1.240152014772217121e-01
-7.916003662129493523e-02
3.388047353303813569e-02
2.230749614528500235e-02
-3.817181663834260524e-02
-5.390395804177093575e-02
6.533728656597415085e-02
4.824814449991278453e-02
-8.281138354408890123e-02
-4.836788636054834001e-02
-2.867277533479579629e-02
-7.619126706916383440e-03
-6.730109608711949687e-02
-4.189395087979303628e-02
-7.607082700692964494e-02
7.079309619984013036e-02
1.748662993620326775e-02
-2.481755217806583952e-02
-6.242820650427725188e-02
-5.328412938026291790e-02
5.665200894294793177e-02
-3.079124683927308287e-02
-1.084189261210679114e-02
5.307615641846473442e-03
-6.733243264463142919e-02
-8.822310939987991485e-02
-8.267271102401283281e-03
-7.014201821900918621e-02
-4.648179043324383169e-02
-1.067864124732869902e-01
-3.384439478260815870e-03
5.486751699892582906e-02
-6.282030501479482498e-02
-6.895125696283038166e-04
-3.404381997717084718e-02
9.054496297594785692e-02
3.384452875749057593e-02
-5.248407073380275539e-02
6.714671977437014494e-02
-4.778995884456063020e-02
5.963901814616924535e-02
-4.335534610897956442e-02
-3.414741017735090090e-03
-5.569243409403699246e-02
-5.654612474491377966e-02
7.191349534089186424e-02
-2.832552635996647694e-02
4.798811997487273384e-02
5.185634869870836550e-03
4.555822365756197201e-02
4.861014433894740583e-02
4.208127291607966641e-02
3.182340634635386772e-02
-4.668436421261298180e-04
4.685951676092230123e-02
-2.136310133621578330e-02
6.307310070673034265e-03
8.514991425416958137e-02
-5.362225763584084828e-03
6.469817318687176577e-02
1.784100266770886900e-02
8.530077869220267436e-03
9.052672731170735565e-02
-7.930180881928362846e-02
9.117521673310112484e-03
4.579950490442451227e-02
-9.425271342770244476e-02
-5.499841338887401232e-02
9.625518486032534626e-02
-4.544329421678005437e-02
-6.263146709308257953e-02
-4.236791774101215935e-02
-2.652297698142109042e-02
8.455723797670941511e-02
-3.493326631481774580e-02
6.659369230107917148e-02
7.514501641680058734e-03
1.615671261613807128e-02
-6.735605755614883228e-02
8.637745774327524467e-03
-1.016106801691905176e-02
-6.699296710493854445e-02
4.082725097316282359e-02
3.556885305161545854e-03
3.453714021811652574e-02
-4.860159502528327985e-02
3.969004309163373656e-02
-7.717468958040255012e-02
6.064635915767455782e-02
-3.220205109065577692e-02
-6.447950449901725112e-02
-3.517832173946521673e-02
-6.756850676070320916e-02
-2.318195212553444962e-02
-5.712294777150248720e-02
-3.771806648882654323e-02
2.984895888402647884e-02
3.532514197559370739e-02
-1.005254517673587478e-01
-7.087146139623964891e-02
-5.834937693539504755e-02
-5.290566295203438796e-02
-5.706420688200919411e-02
-1.798916492792138055e-03
-6.938447703309642833e-02
-3.868035108475356698e-02
-5.215315014332280036e-02
2.880301944211437204e-02
3.070501226330983949e-02
1.160970845792407002e-02
-4.247532315718721696e-02
-8.312817356482943287e-02
8.491992474440004934e-03
-8.935875214231882302e-02
5.115833090398681088e-02
-1.861781965971020386e-02
-1.082634524127643744e-01
-8.847620666314165438e-02
1.106041740844646570e-01
-4.432830610544907790e-02
-9.913902014073985511e-03
-7.615245346350811573e-02
2.745660438251234375e-02
-3.651940289474726181e-02
-4.524991995189306740e-03
-5.475999686465231331e-02
-3.048384051944889525e-02
-7.593144431750045720e-02
3.475062718449629245e-02
-4.181421690772361283e-02
-2.655676905181295067e-02
-4.083576919581369258e-02
7.387191492060143916e-02
-8.323908050223632893e-02
9.101186124579130690e-03
-9.327581494886869051e-03
1.544998980816083851e-03
-3.379818253803644479e-03
-1.155385924319558312e-02
4.632479009802122072e-02
3.477864510383180813e-02
5.969760179124232458e-02
-1.017036141572749686e-02
8.985284294943193806e-02
5.008904442598086093e-02
2.765137750237024045e-02
6.076903646213159538e-02
6.647916954432372960e-02
-6.776695133014697114e-02
6.304603729111919741e-02
-3.295491434761693705e-02
2.415086608252510481e-02
2.506448344517112764e-02
3.805864012603019098e-02
3.597270116995689160e-02
-1.236276551323974293e-01
2.042163256018278417e-02
3.641831069359431627e-02
5.400546674006229120e-02
7.248113800959821162e-02
-1.959302392568027656e-02
5.590485378584081344e-02
-2.328777548968185424e-02
-2.450528862640807826e-02
-6.903149730199334422e-02
-7.789009139681018004e-03
1.167473521089851946e-02
7.739005157932250800e-04
-1.081027886348916514e-02
-5.063986312584661115e-02
-7.916006037105757440e-03
-9.021845124738175209e-03
-9.558386123520879601e-05
-1.076374684455726205e-03
3.113900141018491330e-02
-1.115085905250391696e-02
-4.930324137715419441e-02
5.237912932474891176e-02
2.146830779637286246e-02
-5.111376091947833489e-02
-7.556218194103489494e-02
-3.076820627776694073e-02
-8.655711011043790842e-04
4.492856070980354166e-02
-5.533949984133403055e-02
7.331617011010291979e-04
-1.118683938091754870e-01
-3.923128751012314175e-02
-1.054692725417270688e-01
-2.997930666526376492e-02
-1.347519704500282911e-03
-3.841382608026452233e-02
6.506648164393009914e-02
-1.015841473231244851e-01
-2.023230536589800538e-02
-1.031998053732623849e-01
-6.098074972744753353e-02
-6.220171999309201394e-02
3.847343917106200994e-02
7.594386793595878093e-03
1.545228536700771552e-03
-4.745613975099396975e-02
4.183783986749557010e-02
-3.170635201147245508e-02
4.832384929181066102e-02
-3.519742107529259811e-02
-8.067513446182159043e-02
6.383750177724101249e-02
-5.366419300555825417e-02
5.522608914507020489e-03
5.853486131275000004e-02
8.815746937302593178e-02
-2.272072916303668338e-02
-1.022440136705432268e-01
7.570516807543724823e-03
-7.097707017790672035e-02
5.944271847452481557e-03
-2.681711987364187103e-02
1.101584221796613056e-01
-9.818292353662616545e-02
1.762259676189091226e-03
-5.991653139893773905e-02
-1.186539723992812434e-01
-1.073887352843178877e-01
6.595074688319677025e-02
-1.040882837290557292e-02
-7.533049203296485197e-02
8.649702840869692710e-02
-5.130598535146557032e-02
-4.091306237294230208e-02
2.698575630857071722e-02
7.069898923364782706e-02
-3.177754559933401030e-02
-1.050138289833042610e-01
-6.007090441042889362e-02
5.152470500754102734e-02
4.834529388328055732e-02
-2.056088213785798105e-02
5.699132350341111486e-02
-4.310562608202063439e-02
-1.367341735243104983e-01
4.594237993784217045e-02
1.630524975364810655e-02
2.402598854129057993e-02
5.524777529351367761e-02
-4.125837631254808402e-02
-1.261649485695456041e-01
-1.942681899999239119e-03
-2.038275723726917787e-02
-7.019734644349941155e-03
4.515414221185450050e-02
-6.332229409897281031e-04
4.882625537169438951e-02
-7.926838669551666133e-03
-5.283202780160343309e-03
1.558058056199025480e-02
-6.083743270684280335e-02
8.023257092411274771e-02
-9.883406798445151104e-03
3.516794593227810795e-02
1.776665567261511217e-02
-6.763575454265804976e-02
-2.040637255376184095e-02
-2.856260972690904260e-02
7.975275821090870021e-02
7.489529936932502741e-02
5.761961458544488657e-02
1.333531829349685754e-02
-1.419649553696947231e-02
7.384701492254328037e-02
8.232812379983953099e-02
-2.231950820491954493e-02
-6.943935789404517833e-02
8.527911597235118130e-03
-5.868330779140017855e-02
2.753264047586098315e-02
7.243151248192203351e-02
-4.228256535438353753e-02
-6.179926965153779983e-02
3.175700379787478600e-02
-1.188402160173005206e-01
-3.751418610186765118e-03
8.352348531839690060e-02
5.002850929741105811e-03
-6.258689456886608327e-02
-2.851208128841067543e-02
-9.848011000843495677e-03
-3.308579749732425829e-02
2.538899794506054713e-02
5.976798014112472135e-02
-7.890622408021744083e-02
-9.584613520823412336e-02
7.349189336699098185e-02
4.535910401688748872e-04
-7.362707150264424794e-02
1.562806415001938287e-02
1.862754812670508117e-02
-5.354122418620325258e-03
-7.328870419856944873e-02
-4.330433467795480329e-02
-8.672783607397213657e-02
1.534053273579059906e-02
4.464535067209718378e-02
2.417751098465191137e-02
-3.077214119250770707e-03
-4.735574882513209072e-02
-8.077520443509074444e-02
-1.553818886406859237e-02
-2.056113213940588547e-02
1.604595776694033027e-02
3.387637572549248577e-02
-2.665416074084957232e-03
2.407951226140806270e-02
2.232173300031937632e-02
7.662328757352193653e-02
1.759231959417743157e-02
5.427554573110900116e-02
-7.456891710870656997e-02
2.507391551859828108e-03
-1.013248315710174458e-01
2.518440623653553367e-02
-5.751882798534549424e-02
8.990187489220453909e-02
4.699898733248396299e-02
6.058787391331731109e-02
-5.258887573445493457e-02
1.214089008971488276e-02
-1.459035350166227804e-02
-5.581318621407775626e-02
4.075739877064162020e-02
5.998384221241492148e-02
5.860274700328503561e-02
-1.480598179179433427e-02
2.093469169971425015e-02
-5.516676030900090344e-02
-1.111968811332945256e-01
-1.221006114312225971e-01
3.668230153123290538e-02
5.124025522645646313e-03
4.365419038681674774e-02
-1.701068019779142931e-02
3.010106830800684044e-02
-7.050610432950649153e-02
4.307374641362426287e-02
4.003766017717598838e-03
-7.110775535513806644e-02
-7.123213729874837419e-02
-3.039584525697237513e-02
-1.056324306068340269e-01
-1.061200457817982057e-01
2.564332448857115782e-02
1.010266426964686812e-02
3.628649610588378233e-02
3.218211145565470777e-02
6.751058579057990505e-02
4.446203919271186217e-03
6.219277815274701360e-02
-4.285361948340695587e-03
-5.973044853720246850e-02
-4.543019887868057077e-02
6.366213276546663080e-02
-7.753853643375227533e-02
4.604955948771360941e-03
-5.637626846857358293e-02
2.675129739907962378e-02
6.548053367159432925e-02
4.168308435310327104e-02
-2.685040717592561410e-02
-3.650194845048009007e-02
-2.339524444536003611e-02
1.061041993343218859e-01
1.003140962038244835e-02
-2.019994296501521208e-02
4.337397619924940328e-02
-7.559581436305358448e-02
-1.074443795588144075e-02
-3.819053900102840557e-03
-7.740304402005443452e-02
7.266435668495382916e-02
-9.883396825391384255e-02
7.944060466119250152e-03
-9.097217803026248772e-02
-2.800227063813397199e-02
-1.025950690760775302e-01
-3.017838710489071166e-02
8.296145911139039819e-02
1.599322774215741413e-02
-1.479425028952395006e-02
-5.837183352319612328e-02
5.517980259391154496e-02
1.973677677733777502e-02
-4.226405878799419785e-02
-3.379329105405426067e-03
1.371037147510417026e-02
5.856502638901040642e-02
5.505351795118479385e-02
7.543200006648489997e-02
3.170760418584005202e-02
5.228634079713524729e-02
-7.582787498169754614e-02
-9.939029892241108000e-02
-8.472317517652308561e-02
3.920904250528575719e-02
-7.195186195896360881e-03
-9.269986352899839410e-02
2.637494871988257938e-02
3.996585472809693201e-02
-1.086380321494295059e-01
7.169220030688040757e-02
-3.999788607385888761e-02
-6.065175810203451978e-02
-1.060660187412782868e-01
-4.232904494463948786e-02
2.935174043844742536e-02
6.886203624533160372e-02
-8.349965836609038461e-02
-1.046087363598244419e-01
-3.231686189295776557e-02
-4.005408225779930748e-02
-8.387266470888295189e-02
-1.045869322479563573e-01
3.295760340011418682e-02
-4.134445114761257922e-02
4.629810584617863323e-02
2.661609759592343388e-02
8.787392749602013914e-03
-3.017916016345727204e-02
5.692932431463129661e-02
4.085036088995748493e-03
-2.482085395897729724e-03
-6.979976919482133724e-02
1.011740650122749940e-02
6.449985638037938895e-02
9.682537898587535719e-03
2.254435788858551171e-02
-2.056219215268774436e-02
-8.367823280819518608e-03
2.397440184660471277e-02
3.703888501581876352e-02
-2.091817050322391375e-03
-2.098953660844025265e-02
-1.004618816215831767e-01
-8.865003468856061386e-02
2.178021050417792981e-02
-9.026146365580859504e-03
-1.570972789590546065e-02
-8.151564448785737771e-02
-9.396331071630834031e-02
5.455028614802805154e-02
2.953701869152990100e-02
5.697137990769238908e-02
-6.211037138253491796e-02
6.535880450063633051e-02
-5.250502032005780612e-02
6.112774946308462826e-02
2.784048040164639748e-04
6.934260237832719914e-03
-2.777796860346535418e-02
3.205435324884714499e-02
-1.802607605688784018e-02
-4.671257656496631550e-02
-1.010992738465452817e-02
3.076083348516157889e-02
3.810472827988509864e-02
-9.410115779557365334e-02
-5.832288093500289511e-02
3.677737789249818645e-02
9.038901261859648428e-02
-3.206275190548368154e-02
1.424299469460079542e-02
-5.188963100045185933e-02
-2.740162198187859333e-03
-8.423012650514965366e-03
4.375050834634604258e-02
-8.345821247555933187e-02
-3.399723338681871765e-02
-1.993133510902125871e-02
3.548683731463504742e-02
-4.124221842521507558e-02
-5.814600845688527170e-02
5.464648662273161039e-02
-9.500127442907770059e-03
-7.346646136357014301e-02
6.953677482861425618e-02
-5.511826370565097583e-02
6.937169749740328129e-02
-7.345870926706679627e-02
4.518963302838590115e-03
-7.698254879896884728e-02
-3.331753710263661572e-02
6.351767649970992136e-02
-6.169432326279099266e-02
-2.668764193974162285e-02
1.279049182353310388e-03
-8.613838070782001144e-02
-5.717281232137910729e-02
8.347149787578785063e-02
-4.849238015402349000e-02
-9.276602670463067468e-02
-8.973061140400639957e-02
-5.439192450848146648e-02
-3.559049320408436828e-02
1.801793345703733840e-02
-1.560141489424536621e-02
-4.951218884852386093e-02
1.644132466343933840e-02
8.352022558661614110e-03
7.498463821372737537e-02
8.707503673598476768e-02
-2.441033124424642903e-02
4.516523819179277255e-02
2.282228796574021709e-02
4.025237985705732574e-02
7.237499571323341430e-02
5.651417071095659467e-02
2.987712181055044228e-02
1.957158418977511874e-02
-6.586352175052814784e-02
8.141571166458627662e-02
-1.001940005150864788e-01
3.788218596432955942e-02
-5.002055173193389881e-02
4.679279151001240755e-02
-2.205014606374117517e-02
7.365545182457203244e-02
5.151441293623724993e-02
-3.104844914812753334e-02
3.901493697415930190e-02
-7.044077434165817164e-02
-1.075246290315703818e-01
2.749754032003956863e-02
5.070998695310854898e-02
-1.021320844493355251e-01
-1.413540172631165548e-02
2.703404574076438693e-02
-4.547496750880342803e-02
2.200575395405340862e-02
-5.170736641299408798e-02
-1.358413574234863114e-02
-6.381863901513830373e-02
-5.362137466141300712e-02
1.134505927237461700e-02
5.097628158196766679e-02
1.098819068875774192e-02
6.273423766677008184e-02
-1.377242433189708980e-02
-9.325227004704352007e-02
3.341650590176886704e-02
-9.362028525749099828e-02
-5.705172455050149666e-02
-8.989776655383482917e-02
8.342308470766229833e-02
3.823681405762861113e-02
5.917778062524321064e-03
4.642791730402943962e-02
-1.397013479031264903e-02
-4.023380889436162927e-02
-4.297320084779283206e-02
5.352518017259515898e-02
5.685772242563318091e-02
4.538727596145107623e-02
9.059519913579362760e-02
-4.693956758904980348e-02
-8.640983707238467093e-02
7.704096741306956653e-02
4.605650966539392294e-02
-7.174436216104661257e-02
-5.791001427429296605e-02
-2.698098010062728591e-02
2.892505761524628155e-02
3.789922403115658645e-02
5.436371911156203524e-02
5.421626913790338759e-02
-1.056232046644997313e-01
7.185833529966896560e-02
-1.215320884655598371e-01
-5.589546066106455130e-02
-6.769321367421882174e-02
3.166447350715258235e-02
-9.026064201110665930e-02
1.721198029381618144e-02
5.513123585911985924e-02
-1.795020364218330444e-03
-1.043401142302382602e-02
-3.065079024259717566e-04
-5.160852671039250356e-02
-8.223485698051065385e-02
2.833713291745035973e-03
-4.098403557201939912e-02
-3.614806796423905566e-02
4.822336445977793568e-02
-1.424177530396170469e-02
-8.988528993270183953e-02
-8.353859697173725285e-02
-4.152816974267883182e-02
1.588752579890150701e-02
-7.106942256464027219e-02
-1.719682567882305224e-02
-1.177769714780000920e-01
-6.294923517239124633e-02
-5.323111494948653405e-03
2.281145074506962800e-02
-3.230144851909527715e-02
4.179218276663767412e-02
-3.113561141309154068e-02
-9.136030102481201842e-02
-7.936927452214852241e-02
-2.253306035643399055e-02
6.159962873758475371e-02
5.745834835668829285e-03
-1.493895367174738198e-01
7.238292131804564822e-02
1.177435259890984368e-02
-4.783413206869421147e-02
-4.993783911893371480e-03
4.881925765632599834e-02
3.681349021071329136e-02
-5.833157198447086467e-02
-5.938756012563095599e-02
6.574701709395175397e-02
2.780658322501633473e-02
9.227842174667750738e-03
1.770451747384015062e-03
4.901260355878910707e-02
7.465199203537448147e-02
8.560460550828646875e-02
-2.725707739963447937e-02
-8.448375207809126486e-02
3.267900471994892447e-02
2.099489799614586219e-02
-5.879974270741965964e-02
-1.052409865327584709e-01
3.645849819934436631e-02
-5.043590331515500347e-02
-3.152761089982540968e-03
-2.701822804934150488e-02
4.447598782779279419e-03
5.688667661090860556e-02
-4.732990613328313945e-02
5.702506246513507765e-02
5.808051872899182289e-02
5.273825513143040600e-02
-4.247250564904016951e-02
3.514494483926267759e-02
1.757348001287793379e-02
4.117331353771574651e-03
5.251827891398459791e-02
-5.107582203666191645e-02
5.237499549053226122e-02
1.895910106003972223e-02
5.627928089718114979e-02
5.137153646550172287e-02
-6.953398179175507288e-02
7.516846093895038217e-03
-5.637493983967366284e-02
-7.678358634009124772e-02
3.536069801493155890e-03
2.099184893322753043e-03
5.940653034946011962e-02
3.484714672612337916e-02
-3.201777133262992403e-02
-9.220300736669316544e-02
-2.068412696508662926e-02
-4.379923336403628714e-02
1.108777784693520951e-02
3.022069895599690387e-02
-2.869798603001361310e-03
-6.220748986451335449e-02
7.468845046104076457e-02
-2.107514017572217988e-03
2.000811718734193945e-02
-3.683672508022792225e-02
-3.962427630567465220e-02
-3.087378759246288754e-02
2.521468759217212335e-02
-2.857041130766573012e-02
-4.755593277089344151e-02
-7.423694373714226358e-02
-3.847601546711529319e-02
4.050970904070125278e-02
-2.309438621494092764e-02
-1.309425433654676056e-02
-6.099046326437768811e-02
-4.785461532091528358e-03
-6.246132489973409141e-02
2.543528646198121856e-02
-1.763437947770060341e-02
2.778354138635499848e-02
5.137130641887167892e-02
-3.262974045633276060e-02
6.911185935825039928e-02
2.980525991808356812e-02
-5.684518668205085223e-02
-3.266432660279133815e-02
8.015639389354942135e-02
-2.887221031398438942e-02
-9.974279210706435764e-03
-5.849671726016473366e-02
-4.175118872635594225e-03
-7.340455128008678554e-02
-4.593283374529340962e-02
8.892932086773448763e-03
3.667268314195278739e-02
-1.065487607971137146e-01
-7.742912595200662773e-02
-4.566097294002299800e-03
6.495912079517954241e-02
-8.047635431047753946e-03
6.807407921219825464e-02
5.780181502921567793e-03
-2.154508026621374667e-02
-1.817982841250635750e-02
-2.072655615210057447e-03
-2.002523741552827627e-02
-5.763129548165348698e-02
-1.140383952715216948e-01
-1.274529193870911070e-01
-7.873357935945426295e-04
-5.086167417585871903e-02
4.709960877418931102e-02
5.664663926822645877e-03
7.318289715580467147e-02
-1.289698617261758606e-02
-6.878630037165865685e-02
3.146794494761998018e-02
-5.321375406080616766e-02
2.502195325659330866e-02
-3.310496541961005165e-03
1.165852377644877209e-02
-1.292718667962909802e-03
8.503173325166005214e-02
-9.972860016493609314e-02
-3.130159565632401053e-02
3.930862728542119933e-02
-6.422341116643891235e-02
8.572809126131733515e-02
7.485438073505178147e-02
-2.115435578529385741e-02
-6.932392196894755776e-02
5.981657442936875145e-03
-2.929017035850099010e-02
2.956482578059057773e-02
5.373748547465559411e-02
5.358041922966980120e-02
3.390334529051476642e-02
7.271103125243533194e-02
-8.480169125391429086e-03
5.012803184885139887e-03
-7.913170770271848661e-03
5.897925804209362688e-02
3.834614519574414127e-02
2.412325558081265114e-03
3.733476851698561139e-02
-3.466946814158421847e-02
3.625837420996928101e-02
1.991303828586310151e-02
-1.029159088717448572e-01
2.417669771774156456e-02
-5.329297499536828769e-03
-5.216899551817952979e-02
-2.593151533664370817e-02
-4.534632320864311061e-04
8.428764861847520828e-02
3.250402326588614638e-02
5.682591998429048497e-02
-5.443879002652468602e-02
-1.390963482796853667e-01
2.452486462849244250e-02
-6.512373173932428649e-02
-6.487299134885626817e-02
2.742818894210635738e-02
4.895028226709087493e-02
6.236943010882578520e-02
-4.210051709419188048e-02
-3.470954213768046720e-02
3.742837498892780806e-02
-9.953301367654551757e-02
-6.276348101954823400e-02
-6.512023383310525104e-02
-4.223777261366436220e-02
9.897871297971479188e-02
5.796250136162431343e-03
4.167607485021164460e-02
1.545333819347215198e-02
-3.230864650634510116e-02
1.037160683844956695e-02
1.368816152103267784e-02
1.623109775118656770e-02
-4.593806587079644899e-02
7.562358875028724059e-02
1.149521202413687423e-02
-3.571455225340156026e-02
-8.225966325564286821e-03
-3.703051522064630674e-02
-9.457138140548723704e-02
3.339751364264294253e-02
4.222503926869328184e-02
-4.863258131759622127e-02
-6.096802608041273358e-02
-2.315520185885470983e-02
-4.153526509648244186e-02
-7.440956704706230829e-02
6.280563242126106782e-03
4.332832085850314013e-02
5.555976557693775852e-02
2.803211801297775946e-02
3.574015588037082053e-02
-7.867827858707135413e-02
-1.168082026663215880e-03
-4.612686321886094731e-02
-5.469904967452580979e-02
-3.603399360932781764e-02
-9.977952553074490027e-02
1.282825160734969369e-02
4.171533773145967572e-02
3.889227881206161475e-02
-1.696793840951027477e-02
-1.891959209798189587e-02
-3.976688438311695023e-02
4.562498248941731366e-02
-3.759844190035588340e-02
5.441636463914940880e-02
-8.024344938782491943e-02
6.300993387237352472e-02
7.188286157900729278e-02
6.983233242805782226e-02
-2.875841072960137051e-02
-3.484865892837174517e-02
6.172919798797492363e-04
6.450126804057615404e-02
9.888195939371874355e-02
2.750230300575419104e-02
-6.444542099584235628e-02
-1.730715284419379746e-02
-3.339721363325818572e-03
-4.505373841848753225e-02
-5.511372628474092705e-02
-4.064337914867550972e-03
5.273231340962455937e-02
-1.988292216947697838e-02
8.119472917238351739e-02
9.085674087671903598e-02
-1.217189055598345143e-02
-7.674935446294146868e-02
-4.502746243728648207e-02
-2.355866550517924513e-02
-1.801054101627820592e-02
-4.628925798460270524e-02
-3.279795036704285377e-02
-1.153966312653416232e-01
1.042372661338492046e-02
4.751027515828414732e-02
-6.669219519609254077e-02
-8.421725536433075088e-02
3.805878790930025679e-02
-2.810378112729002009e-03
-1.172901495208988204e-01
-8.668136468491118019e-02
1.144673413198218220e-02
-2.788064516851275834e-02
-3.776037114026798563e-02
2.078307687290265049e-02
-2.680557188248578956e-02
6.518370057914224525e-02
-7.788798189200914213e-02
1.330583789788188608e-02
-8.643120069556159413e-02
-6.153099454633105536e-02
-1.865392794338690749e-02
-6.365030069198299167e-02
1.166133256377357291e-02
1.592325669745723107e-02
-1.490282103127250207e-02
4.488347409526126375e-02
-6.912004251984207870e-02
2.051655923787182312e-02
-4.606876941807736686e-02
1.352065239003167121e-02
-1.520883069542940634e-02
1.226702837211549879e-01
5.299802080012703392e-02
-7.993217344822868553e-02
-5.169383784231352391e-02
5.407485366454849868e-02
1.102412721884637667e-03
2.107726496546483835e-02
4.308237132129173752e-02
4.086563715363667609e-02
3.892989059353778314e-02
-7.932969592736097836e-03
1.172375038571513498e-02
-7.088259012380593305e-02
2.632521639163899752e-02
-2.993679733218698041e-02
3.707252779258045361e-02
-6.182820012337747473e-04
-9.612757023021253899e-02
4.992645128183219316e-02
-1.798156977960467529e-02
4.545947066991337659e-02
-3.331482760565591950e-02
-9.990066451465197395e-02
3.163885823573201611e-02
3.483873571174895753e-03
-3.165564863425486541e-02
4.492019892713357970e-02
-1.012070524960148321e-01
1.360500680098141249e-02
-1.066411546790525799e-02
4.449387399475351196e-02
6.324432534261874295e-02
-6.640025924379097666e-02
4.894454258241021788e-02
-1.263957658795860639e-01
-1.341254599198049915e-02
-5.245796891618605823e-02
3.554268964711073536e-02
5.075182520238297190e-02
1.377493985526193065e-02
-1.480087145211382918e-02
-6.175694129267209065e-02
-1.186782489231954368e-03
1.090251954469719509e-01
1.710123235864068406e-02
-4.458544062924291868e-02
-8.455219978373167133e-02
-2.189955753965649315e-02
7.205437256849171745e-02
-1.795822607073143187e-02
-7.835277646964393383e-03
-1.366063074876433525e-01
-5.999063058988018254e-02
-7.012791708231960741e-02
4.490842515429072090e-02
9.125704039372829757e-02
1.422898190147940944e-01
-6.223985333346126331e-02
-3.232285338314771356e-02
-1.177806536979882635e-01
-9.150333068938776293e-02
3.160426097041683924e-02
-8.515195330973298823e-03
-3.590064153175833578e-02
1.143343052143660499e-01
-1.022757184729099905e-02
8.699876653160851236e-02
3.296624545542932438e-02
-4.763088287882920324e-02
7.521672777573780444e-02
6.066295928547869865e-04
6.438760078664833297e-04
4.878468407065620488e-02
-4.624506761678187639e-02
-4.854340229206936114e-02
-6.962140533460045577e-02
4.325566087096332363e-02
3.277812972411870557e-02
-6.100748967676883350e-02
7.833795396208935446e-02
4.013876784616590698e-02
2.445579672760523141e-02
-9.263868459729646121e-02
3.050230696336983169e-02
3.480455243118855957e-02
-1.406870912155676681e-02
-8.812664028104270908e-02
5.468235266571911529e-02
7.298356638841881072e-02
1.404586887362986591e-02
6.484961384463867884e-02
6.846519958777745607e-02
-5.458512540251862777e-02
-5.853216033144939545e-02
6.201333894271308239e-02
-8.535046812196524224e-02
-2.115561179874918263e-02
-3.649470804970397775e-02
-1.074848318156386290e-01
1.407582172258128178e-02
-3.856104600117415959e-02
-2.077879326098021340e-03
1.310121298677816709e-02
-7.251548645611241573e-02
-4.044556177653409190e-02
2.728316712256892082e-02
-1.195105688954651302e-01
-7.480726802878176485e-02
7.852479915505980804e-03
-1.234978374563528054e-03
-1.561828638987879450e-03
4.240192075360724872e-02
-1.231409187054891691e-02
-3.311672229997476152e-02
-2.385419339403788488e-02
6.112198265091332156e-02
1.167572434171946366e-02
-6.736211889797460994e-02
5.829537327445374895e-02
-4.819117916008816560e-02
8.408892330614747834e-02
9.526136414396599306e-02
5.111171737487059386e-02
3.293760404589594210e-02
6.551787719725266079e-02
9.085494046971037685e-03
-5.995690613878103953e-02
-3.035801827325034646e-02
-4.316042552488467271e-04
2.451031166130365757e-02
3.499810918859144748e-02
-6.779847034345748424e-02
-3.935539162029739330e-02
-6.558746961823579136e-02
8.294900837084451251e-06
-1.618448292386192450e-02
8.286027301075412493e-03
-5.677254434831434382e-03
3.916901206813198921e-03
-2.226938141343822591e-02
-9.593577733771613270e-02
-5.569981477597861497e-02
-7.353119483420296476e-02
1.940000345031211992e-02
5.717727037655310346e-02
7.569398668784983741e-02
-4.592469300109353059e-02
-1.575560379436617697e-02
1.779789850382921396e-02
-9.612666330366413658e-02
-9.316075485212121920e-02
9.481402515168858847e-03
-6.273666441277835071e-02
-2.109470733309794233e-02
-5.871617134035227864e-02
-5.635056483207696171e-02
-7.575182678982661511e-02
-3.162005836692078492e-02
-8.262688522376963537e-03
-8.689900188665422576e-02
-1.065537187116972345e-01
6.376285825479689751e-02
-6.772111685811671444e-02
-6.905023870808468800e-02
-6.646333949577612477e-02
-3.439263748853700620e-02
4.337924256554371444e-02
-4.611052563015807793e-02
5.948815388855589747e-02
-7.493151998023231397e-02
-4.106671128123080827e-02
-6.863236927668761589e-02
-1.004674991160135478e-01
4.566674065254697212e-02
-9.483389427082110357e-02
4.951029920704243248e-02
5.589058232099014534e-04
2.307083862499360871e-02
-4.715310718286212788e-02
6.093145025223914435e-03
-1.040026268516265062e-01
4.060308032335724349e-02
4.483940102313061643e-02
2.607220144058850636e-02
-1.344802787404972277e-01
5.081338819364739079e-02
-1.622258534637064861e-02
-7.070845278466768302e-02
9.757725713135417117e-03
-6.828883507754388016e-02
-4.478815327555437514e-02
7.051443057175200979e-02
-4.622692062223014708e-02
-1.179109905485527937e-03
6.657706622844283828e-02
-8.249228150493632949e-02
4.580208485513741906e-02
8.640559922525760383e-02
-9.964055721579580249e-02
4.548003990729920787e-02
-4.978896848308195233e-02
-5.961399710607154928e-02
1.064728297247720043e-02
-9.020375589581054732e-02
1.950531018425652463e-02
-8.090967822018128169e-03
1.309784298749821357e-03
-4.348170708100962401e-02
1.548670491847274795e-02
5.390863558232893843e-02
-5.132999802300142883e-02
-8.131681108251700985e-02
3.888451968430142736e-02
3.258018242960338678e-02
-1.069205214245279173e-01
-1.273031280724181979e-01
1.538516548487011554e-02
1.960176245874012228e-03
-4.663051713463284634e-03
-1.083387452301177584e-01
-6.286431508101864019e-02
-5.070634040533585074e-02
3.745735982919601303e-02
6.245956462454978209e-02
5.760796510230567491e-02
4.615463797465620827e-02
-4.769459914116402563e-03
-1.896561817769859548e-02
-7.717888416883915415e-02
5.851623308407836316e-02
-2.231688129959002315e-02
-3.180480328110474320e-02
-6.486623768726128281e-02
-7.332853783741442866e-02
-1.204381498088593835e-03
-1.586168997676620784e-02
-7.054727096634347272e-02
-4.671405416965836166e-02
-5.298475218216417565e-03
2.694604382721034475e-02
-8.216572952037831667e-02
-5.515108514803415685e-02
-1.964514890141200870e-02
3.482154937745750994e-02
-1.543139374811137166e-01
-1.043376304335409399e-01
5.410646756259714432e-03
-4.075238374208490361e-02
-1.125501867385654831e-01
5.067500952087990174e-02
-1.567826704837304436e-02
1.158189238513451444e-02
-4.286164885141403869e-02
1.717940137564391220e-02
-7.662698325154768120e-02
-6.741265565560340678e-02
-5.250453884883509587e-02
2.629545438133259333e-03
3.089463046907621122e-02
2.081044931002450776e-02
-7.095074541131526913e-02
-9.281019515455357638e-02
6.598463437593932168e-02
-7.414635329737470637e-02
-1.129801564934434198e-02
-4.602698849968221706e-02
-5.600662965687730477e-02
-7.831154739448260849e-02
-4.408394693716014001e-02
-2.169909813664470596e-02
3.433897264328775872e-02
-2.683809001866437061e-02
1.824239384191798236e-03
-3.478821822454439272e-02
-4.536525660290398332e-02
1.833767813017998100e-02
-8.024972931145464561e-02
8.086775074177585121e-03
-4.181778734110120493e-02
2.171331979653112060e-02
2.620629446821063496e-02
-9.157044864792227012e-02
2.139156490499317942e-03
-5.782786106611826835e-03
-2.945678322589699236e-02
-5.939338190243759891e-02
-6.952663048057704243e-02
-8.392639577983770915e-02
4.206217192129302340e-02
2.120837230219296821e-02
-1.368370427700534020e-02
-3.047035060575305210e-03
-2.088908348673887416e-02
-2.642672678286726862e-02
-1.189902536737988681e-01
-5.802634608423856005e-02
6.539093138353681972e-03
7.768502861012556437e-02
-9.650267555927719010e-02
3.334134004099804233e-02
-4.777440248830060188e-02
5.185397161422183182e-02
3.205608491900857615e-02
7.714884200079297205e-02
-4.801236530634350741e-02
-3.123364168004584551e-02
-9.629457508061343984e-03
-3.970231460755655611e-02
1.120659880206226720e-02
-3.388285272712366486e-02
-4.961908731078969181e-03
-4.393032846601481467e-02
3.639913404232580224e-02
1.961542887839903826e-02
-6.794135786379615349e-02
4.873483113383342974e-02
8.222168500894433407e-02
-6.877798945787735874e-02
-7.392887367156930623e-02
-6.341233943716306776e-02
7.285192102950904802e-02
-1.613525195903608642e-03
5.132830473756450768e-02
-2.200332172197705036e-02
-8.604807424662677673e-02
-4.002448586567745881e-02
-5.621245904473318178e-02
4.332023262883966108e-02
-2.935526437147862461e-02
-6.052147859797488150e-02
-7.429175905038150340e-02
-5.208308352161135357e-03
9.571186265077558097e-02
-4.660263658213031207e-02
-9.077472659631584395e-02
-6.061319838799216625e-03
8.296328380559422899e-03
2.666449487575248134e-02
-1.226909882539087802e-02
3.651328783899844554e-02
-6.129562699849751967e-02
1.211560413112238756e-02
-2.957673873928135660e-03
-7.320394858370808666e-02
4.149335330160776325e-02
-3.835945342159981231e-02
-8.061192045986056987e-03
-3.997624352595164493e-02
2.005592145933668413e-04
4.153859906283204756e-02
-1.518216648226247689e-02
-2.580974206660858333e-02
-8.082584665056501139e-02
-9.857797186302522108e-02
-1.146655633226187701e-02
-1.168735821536879237e-02
-7.391799984609598306e-02
5.064024273623806555e-02
3.052814492440110092e-02
-7.195587392179655928e-02
-6.236595373289642585e-02
3.589642431242727472e-02
-1.116941789196141191e-02
3.527717176963788767e-03
-7.518127182833832245e-02
3.702591297359280470e-02
4.433268239837243746e-02
2.667411081800168116e-02
4.209693642303866806e-02
-2.128456696162625561e-02
1.945064550733821215e-02
3.609180271499664444e-02
6.734134911508223020e-02
6.029396445470486948e-02
-7.180562294460017536e-02
-4.133712477189241397e-02
-6.188371938680090056e-03
7.041848331576724962e-02
-2.917108099679024610e-02
-5.739083397292756017e-02
7.105843107502937683e-03
7.285836843129704643e-02
6.379615959229995026e-02
-5.676761106233437632e-02
-2.610620149684024158e-02
-6.927300304285288757e-03
5.146838333373889018e-02
8.594228953279317226e-03
-2.559885393379591340e-02
-6.242804381970470939e-02
-1.045399703381690373e-02
5.375436515627487338e-02
-8.042362021539037342e-02
-1.639689780434421332e-02
6.758294671916383056e-02
8.552352179021804890e-02
-6.468582422962328160e-02
-7.355328266578829710e-02
-2.849419367640895068e-02
5.181188330012207605e-02
-7.188841315212440852e-02
2.903164614265406687e-02
6.157384471091732758e-02
3.382852698786659867e-02
-3.260156623094117440e-02
-4.242062215106873202e-02
-7.545090400171679257e-02
4.389234648436908526e-02
-4.775579914059837651e-04
2.851906064202157365e-02
-5.177359269083815774e-02
-4.030571781565788630e-02
-7.259073380377484286e-02
2.932191361154420570e-02
3.341737151251000099e-02
1.008015069570300792e-01
5.363987632766213653e-02
-6.378752881755095361e-02
-3.290406412781287510e-02
7.955491009920626078e-02
8.010719797951622312e-02
5.837615944556850955e-02
-4.836636620172514445e-02
-7.796014100918393849e-03
-8.629318439682930053e-02
9.237454235294796645e-02
-1.632701031160556371e-02
5.907047739851069290e-02
-7.225728950450567914e-03
8.066270216353251671e-03
-8.745496672409763805e-02
-1.165990323775575183e-01
-1.719317321298639151e-02
2.235857887947732825e-02
7.141709965281272006e-03
-7.365215968327858131e-02
8.389915219517052325e-02
-3.132386968570351204e-02
-1.236846499240811317e-02
-8.374140230367418253e-03
5.440145147928453218e-02
7.731490037249716396e-02
7.039804081535218361e-02
-4.778750616089153663e-02
-5.305136278250146414e-02
-2.214914443418470463e-02
3.269541773597864354e-02
-8.085298804224162750e-02
-6.084919036251604935e-02
-1.818145528207727735e-03
-7.359028864102241940e-02
-4.590383060501117968e-02
1.708562402767289240e-02
-9.926498250065557416e-02
-2.132847054422772753e-02
-2.923082350043407218e-02
3.688627692518150342e-03
6.323307139357167705e-02
7.511583490373502717e-03
-7.550257916801507430e-02
-6.704035828457349799e-02
4.576046483223315114e-02
-4.537384602706685810e-02
5.611281557576507789e-02
-1.822059631042871261e-02
-1.111896027252795294e-01
-1.096884181704217698e-02
-3.603720262412054426e-02
-4.381979348022677079e-02
-4.029278176541371652e-03
-1.091507464877746469e-01
-7.362918757859016408e-03
-7.851147580541301130e-02
-8.895505363175891522e-02
-9.070152974194720108e-02
-1.035743378974066931e-01
-6.369020209181498748e-02
-1.978793945862777209e-02
-7.015292548231678860e-02
-5.898758044619357988e-02
8.793874395862566473e-02
-1.945456445982519933e-02
3.050997551591758811e-02
-2.978433901750801582e-02
-1.988941431437130786e-02
1.461043876594218804e-02
-3.124510120162248689e-03
-8.972790446180950452e-02
-7.946273536263276371e-02
-3.132888186977023093e-02
3.935585948534617989e-02
6.143475087686432051e-02
3.174410117316219665e-02
8.178415718543358137e-02
2.665158158984107933e-03
-9.412032388773923508e-03
8.098107971367642099e-02
-5.632798930515520858e-02
-1.200003289820254643e-01
-8.305537300526180666e-02
-6.362437075672112974e-02
-6.145559998049733574e-02
-7.605354764721165839e-02
-3.234935394823622995e-02
7.293263011171309540e-02
-6.633163282177144404e-02
-5.070021107527948601e-02
-1.281655690800335805e-03
6.102718582043781259e-04
8.889961779190055924e-02
8.773781336421437871e-02
3.066144507814480558e-02
-1.997822761665018348e-02
-1.328221406879709701e-02
