4.800895835545412882e-02
7.668708875737813291e-02
-1.122316758797702874e-01
5.230930158695525078e-02
3.692074114764358483e-02
1.169105693471855500e-01
2.290040120861948081e-01
-9.734656742299516163e-02
1.194269506565211886e-02
5.923972042608731392e-02
-4.732266724120973850e-02
1.195105466911026704e-01
-1.317361616981824746e-01
7.036491975244543728e-02
1.069784995271502726e-02
7.542048777678098115e-02
-6.174690538985370264e-02
-4.063047703102117686e-02
1.079347134137015607e-01
7.844567646773453751e-02
3.121957958588520571e-02
-6.682359040792734683e-02
8.394548174676319530e-02
1.540616691395580440e-01
6.582089459052753444e-02
-2.948300293532703231e-02
-1.018228774444793761e-01
-2.564621127981501353e-02
-2.093990370736523166e-02
9.821557779362199980e-02
9.070989167178077073e-02
-6.480763946390499797e-02
-1.209070114920351158e-01
9.045498544645780292e-02
4.878142400008551177e-02
-9.916826003931507316e-02
-9.191484225573695599e-02
-1.663406262136694624e-01
-5.837949254512939112e-02
-8.182292783044486928e-02
-1.526317386306433321e-01
-2.668267086851162581e-02
6.950371303960298230e-03
-5.998958013320353222e-02
4.810777782475877951e-03
7.034092870581401535e-02
2.542396498139853217e-02
-8.852111234634058023e-02
-7.278812749850527286e-02
1.105589652255633687e-01
3.855705407367693294e-02
-1.066240951277723226e-01
-1.401471392795300419e-01
-2.582321250724129574e-02
-7.261728405270834186e-02
-7.163887503782018565e-03
2.503941323051537063e-02
-5.247170768007253933e-02
-5.576385456464909296e-02
5.653679133070376589e-02
-1.059199469309636266e-01
-1.085484736766604980e-01
6.718443932901774218e-02
-1.228985685603912192e-01
5.524064960190140650e-02
-9.706034302907748379e-02
2.552855202651109143e-02
-6.836238992136051129e-02
1.239743994415948292e-01
-1.238840049133293694e-02
-9.937043476353601967e-02
7.005326489838184512e-02
-4.853569801212991031e-02
-3.900882173725089483e-03
6.508461758656503005e-02
2.614082967988155815e-02
7.401220011481406125e-02
6.223727487061857244e-02
2.516870101530429421e-02
-2.901867281237512086e-02
-4.788841284123092346e-02
-1.950817945969596234e-02
1.631084380326913372e-02
-6.689112128969600113e-02
8.776808339186362162e-02
1.233556982407423008e-02
1.008809177117606926e-01
-4.769717302887525878e-02
6.690736160223595408e-02
-2.807253378511691960e-02
-2.255604683500376795e-01
-1.247191213021776185e-02
-1.539759368176910614e-01
-1.281770080271228962e-01
4.124696180356512976e-02
3.568291780064855589e-02
1.213748259406589869e-02
-2.069722177733486143e-02
5.818297744364280683e-02
-1.109028419455450158e-02
-3.239478817402766109e-02
-1.521977646457858130e-02
-7.248417547440555442e-02
3.920982045422067436e-02
6.932693320438451656e-02
4.520670040191737682e-02
-2.008050854260585646e-02
8.740002138721451874e-02
-4.114902908212386690e-02
2.324290374047030538e-02
-1.033047900270706310e-01
1.644050576631352067e-02
-6.460099335979010982e-02
-1.311649617559942221e-02
1.207386696394514847e-02
4.111955528888499439e-02
-1.206774940699809062e-01
3.493323327724547761e-02
-5.154394905100939672e-02
-1.375537685612118755e-01
-2.409255387069210788e-02
-3.255020338771116850e-02
-3.220446172585302025e-02
-8.397709276743280105e-02
2.756198529853457618e-03
-3.514425885500503666e-02
-2.362984321787579486e-03
2.120107357876787821e-02
-1.226730094945546884e-01
1.091312523338628798e-01
3.692460799295926854e-02
-4.048670928862106722e-02
1.151559463838856823e-01
-5.951319713426850289e-02
6.132310568069294920e-04
-6.400670300306363081e-02
-6.031046975242213004e-02
-5.516711084860365100e-02
-7.437709470053786853e-02
-1.508473811598454173e-02
-1.614000253951967945e-02
3.708336954694003984e-02
-4.350826530905328726e-03
-9.896732236647599878e-02
8.518404248469125736e-03
-9.900084124976740729e-03
3.044429202110891797e-03
5.433472362030117297e-02
-5.536006591935305199e-02
-5.928828062685891076e-02
-5.392896791741241119e-02
-1.688747949968424922e-02
-2.486672589993421667e-02
-1.264411125798675650e-02
-6.088262279563591561e-02
-3.957300206307386159e-02
4.694129592493576780e-03
-1.249236501774995955e-01
1.513333512575974760e-02
-3.033038584944025562e-02
-1.058727951297215031e-01
-1.278334093667764931e-02
-4.051381130489384308e-02
-1.707294431254560707e-02
-4.597411674784682156e-04
1.395413405540367191e-01
-1.169147498829250370e-01
2.470609141702630879e-02
4.222637471401669007e-02
-7.272769481789050083e-02
7.455761539942554195e-03
-3.636490345917975375e-02
-6.518918147575598898e-02
-2.711818024422067708e-02
-5.232654847949515242e-02
1.746334203796907208e-02
1.028123797243281623e-01
5.206776169801578813e-03
-1.049280561984566179e-03
3.860211828895073610e-02
1.992850810038221399e-03
-4.340462943936159584e-02
-1.167583499535321534e-01
1.009468047344627174e-02
-1.728899644285515624e-01
1.488146653703620315e-02
-7.267886226559287788e-02
4.657586208130860828e-02
-5.052977955858199699e-02
-1.122397555365647615e-01
-2.113858162766724114e-02
7.857263251615902167e-02
6.182762207469322258e-02
-1.094182601976793623e-01
-1.952906880036630113e-02
-1.279319833650659488e-01
-4.382314874976495078e-02
-6.133741370351558642e-02
9.140086369642465292e-02
-9.047691423743372055e-03
3.328910393133425322e-02
-1.276130769768738238e-01
4.041493283605424730e-02
3.181810540292377698e-02
1.177173484945764903e-01
2.552200720605883599e-02
-6.506407827719620784e-03
-1.769699040868004392e-02
1.286242109770895370e-01
-8.122533898063205582e-02
2.592712975357348154e-02
-1.322685293290408459e-01
-1.291711324933178529e-03
7.733564088872606213e-02
1.270028336656205820e-02
2.180187379680989523e-02
6.596986015607428366e-02
-1.168387879271760715e-01
7.729983570779727642e-02
1.147044913158629109e-01
7.030286188561463145e-02
-1.468002418420578103e-01
-1.221212426664036732e-01
2.032373096774535426e-02
-9.538240781532404677e-02
-1.497066856458402762e-01
1.980822504638019010e-02
4.968420335742641802e-02
-1.789213872305973341e-01
-3.046896411935536009e-02
1.901353878377078088e-02
3.214112872328328367e-03
2.926398668563183827e-02
1.934655408503475893e-02
-1.428092853841380072e-01
1.268633182408165361e-01
-1.447884944486758918e-01
1.648953430340689003e-02
-5.001936626149308673e-02
-2.495797489835672317e-02
-4.561977421545659883e-02
1.311560117264626291e-01
1.237082591885787647e-01
3.518303954760886032e-02
-8.311597613817402197e-02
-2.319488176954066089e-02
3.247587313592154024e-02
-1.462343538847057367e-01
-3.208255462182604129e-02
-5.046315803828566732e-02
-3.876019109751563385e-03
6.627360436668117138e-02
1.002957512609585211e-01
-3.302114392302710894e-02
-1.706212731243593808e-02
-1.333685735976975484e-01
6.085726896050216300e-02
-1.439523644551364834e-01
-6.559514774573685369e-02
3.244884304410940862e-02
-5.650245474952191732e-02
-1.963449079832507715e-02
-1.023435209015269021e-01
8.363406575082397987e-02
-1.396866591396980078e-02
-5.016273517241867652e-02
-1.714891320100130762e-02
-6.175196410805370434e-02
7.529096330057445663e-02
1.549121467413820952e-01
-1.993197908931432921e-02
1.196435271805672100e-02
-6.803671166875947807e-02
4.406163755636213764e-02
-2.452190442072087542e-02
-3.232050517098450371e-02
1.820061780423494480e-02
4.083649661181827650e-02
6.487174336116549589e-02
-5.741441844382598469e-03
7.610354982001257818e-02
-1.219163570643722050e-03
-7.853853144662760466e-02
8.801003630627662888e-02
-2.713676342251829937e-02
2.900371567129689243e-02
-5.998987293820935707e-02
-1.101887444292557472e-01
-8.304154078923253746e-02
-3.685119609340338498e-02
3.756562733376009322e-02
1.637839591031373110e-02
6.962769960878242848e-02
1.002016886483961255e-01
2.713800765747256122e-02
7.717569047633043855e-03
-4.567790914845007433e-02
-8.508638420108445566e-02
1.019851714248758145e-02
-1.759007950269585452e-01
-1.548410334016606105e-01
-4.361523035597734965e-02
-1.523593439228695251e-02
7.311879481967877015e-02
-7.746425345795086848e-02
9.698715213918493450e-02
-6.939482384801604065e-03
-7.716612299333459879e-02
-9.965602901971123972e-02
-1.009076001246227428e-01
1.340555704536015580e-01
-2.789731814429733184e-02
3.627806991054390029e-02
5.866771912579283460e-02
9.634891924501785831e-02
-6.571406456139214369e-02
1.960328615578971201e-02
1.872077844985807482e-02
3.369993770342738504e-02
6.794069112816833803e-03
-1.416067808877191636e-01
-2.967287694359400235e-02
-7.591689172159156451e-02
-2.980558486210072022e-02
7.896712219066381877e-02
-3.068746021022538545e-03
-3.914990652855064590e-02
-2.756651777755950855e-02
2.360456377519447313e-02
5.509530934825572490e-02
-5.237986568217362082e-02
6.661609302326385040e-03
2.016120586790902738e-02
4.097540237552811659e-02
2.633008134598220293e-02
-2.738780080351251034e-02
-2.341720688198341976e-02
-3.442023855958918632e-02
-2.707555827692492006e-02
-1.462035715971993499e-01
-6.115584061805697663e-02
8.280650650073496932e-02
-6.436211448556504455e-02
9.104982822284468647e-02
-1.778163584138431341e-01
-1.915097385430681448e-02
1.269436940917198497e-01
1.040150530261342854e-01
-3.307909570534606214e-02
2.973470807701003582e-02
-7.619887886823056844e-02
-4.458821419969328376e-02
4.835995864261877220e-02
-8.892252201118090726e-02
-9.344066955481077769e-03
2.942202302283421569e-02
-3.584723190019056815e-02
-4.257140113807115350e-02
2.842883598691446634e-02
-6.206871078977443251e-02
2.793770157396003456e-02
-2.808707543431385872e-02
8.510743446320072347e-02
-4.281035013129125266e-02
-7.376272171023198765e-02
-5.559513644135546245e-02
4.775364719720730233e-02
1.520804492468758595e-01
3.197141776361675167e-03
-4.427666269270341681e-02
-7.654749593202425650e-02
4.164521544699284483e-02
-6.903634132141697743e-02
-7.632357270489271983e-02
-2.105153991639641814e-02
-2.281458568753343130e-03
4.892429096815634204e-02
-5.141534173410627906e-02
-1.757745958917100726e-02
-2.792061083972508656e-02
-1.690178136767517617e-02
1.749099503130600863e-02
1.233877017809235921e-02
-1.352903350743067945e-01
8.390459909239854353e-02
3.394718333958376966e-02
-1.460263490443371448e-01
-5.848267774565457655e-03
1.053619161517370950e-01
3.406928028235008121e-03
7.411742486421146747e-02
6.437651839841512791e-02
7.992380652975886179e-02
5.621871946278007848e-02
-4.055721712202157297e-02
-8.988173270677801696e-03
2.046491791192359480e-02
2.929128780600529641e-02
6.145815082924825645e-03
-8.258714007213268510e-03
-2.225966117767639446e-02
-8.818651306057406769e-02
-8.949618870172139362e-02
3.991027649787749071e-03
-4.028102536650088328e-02
5.601621131151345023e-02
-2.066144250844396957e-02
-3.552157974021824538e-02
-1.733194056519232751e-02
-2.662882023826164402e-02
9.534969604647373920e-02
-1.719897709533651370e-02
-1.439570558517720977e-01
-8.369039946439504885e-03
-2.288806252196862873e-02
-2.714701734044591003e-02
-7.535441080748303544e-02
6.454407495482634982e-02
1.031379904430202860e-01
-6.980723016903341016e-02
-1.458406435541559909e-01
5.796892471782405520e-02
-3.358929374580280763e-02
7.089244761773129400e-02
-9.014266239861462582e-02
-4.872118911892892729e-02
2.918857925464549141e-03
-4.340673745428300090e-02
-2.142702940302208120e-02
1.525733304995162062e-02
5.341854699472674273e-03
5.732065154310819061e-03
8.460225010404269497e-02
-3.427314602220786488e-02
-7.835377213309623057e-02
7.700344576848890121e-02
1.001882998475624037e-01
1.904978442170981653e-02
-2.166014622994195948e-02
-1.294265058807563262e-01
-1.244843631044163929e-01
7.622620690966147236e-03
8.326508221030171075e-02
1.367893377559025458e-01
-5.463035606909931452e-02
-1.529412900763989919e-02
-6.615568933850854427e-02
-1.068956827642346397e-02
-8.289858531338423209e-02
-4.771630802513195102e-02
6.235418516899274288e-02
3.600148665422386873e-02
-9.593523010398768980e-02
-7.453304437168414842e-02
-1.901394894489313522e-02
-4.811247137944256458e-02
-7.193080096411907931e-02
1.689869358510495689e-03
-4.138654761591577247e-02
-1.602614102768835230e-02
1.553892579182873657e-02
5.497045626252688305e-02
-3.171853758747893159e-02
-7.067884530348336747e-02
7.780765899035244071e-02
-4.357818747263274284e-02
-2.018082794751170292e-02
5.595602994942483477e-02
2.967901992828611557e-02
-1.064443546772843585e-01
1.409217974515735439e-01
2.504601249843029648e-02
-6.236165428324851739e-02
1.157420402702355466e-01
8.320840329131896917e-02
9.137994609563000747e-03
5.782236489537476154e-02
-1.748790958384587729e-02
6.692063481632884447e-02
-9.696531908900057894e-02
-4.320234541295421560e-02
-4.259986021638736270e-02
-4.199342495484967297e-02
-1.570360988066610980e-02
-3.792964829428206730e-02
1.259705970582735562e-02
-2.439263926777724203e-02
-4.280837096860295315e-02
3.739397070113462812e-02
5.113427361821301642e-02
-1.107449226743127402e-01
-1.195661892764647710e-01
-1.156759171167117892e-02
-3.564183636948746632e-03
3.806595627166196871e-02
1.457038355602910396e-01
1.547934003006629262e-02
4.280665238582147952e-02
-2.086250595403172162e-02
4.414000310384827430e-02
-9.597865225715522530e-02
8.837861862277737734e-04
-6.496637989985391826e-03
-3.178006922145563962e-02
2.919760922438813244e-02
-6.733925415333032183e-02
-3.107179717902791571e-02
-7.873878693783686877e-02
-3.126320677934744247e-02
1.384825056923712772e-01
1.539333678866181554e-01
-1.049309146702245288e-01
4.312678566506132627e-02
-6.713220170477560145e-02
-6.815430775777309158e-02
-4.118494950466131121e-02
1.415958254036180780e-02
2.623887571816788111e-02
4.256141979392030761e-02
2.422287608889412552e-02
8.641636409829386856e-03
2.547376287453046242e-02
-5.042475474553367171e-02
-1.384467813075213050e-01
-1.053369861063377932e-01
-1.023861960153679695e-01
4.389551692901582508e-02
4.390120213387587074e-03
-1.620791562868726110e-01
-2.191292874982589400e-02
8.342000973966159916e-02
-1.478763684085834251e-01
1.864845949988679086e-01
-3.147511579549088639e-02
-4.915170694545385049e-02
2.945058730656723023e-04
7.753314433033338393e-02
-8.724354875777198814e-02
-1.219356146829552040e-01
-6.078659123004472031e-02
-7.584735890790542112e-02
6.669241670674984357e-02
3.738847424982150169e-02
2.050391494087454303e-02
-6.806043705227440843e-02
4.628594032942138364e-02
-1.384180920586251806e-02
-4.443466351377184376e-04
-4.228073678049951156e-02
1.676032056353397512e-02
3.470726738340623035e-02
3.710257207987187333e-02
1.087754718514676033e-02
-1.165034190848669021e-01
6.865150768346514609e-02
1.989692612395664584e-02
-8.338453440945044204e-02
-1.531815830972479975e-01
6.183368367681577743e-03
-1.256637134759030494e-01
6.731993338696899698e-02
2.457969568423253384e-02
-4.761293692030580532e-02
1.592775454644714261e-01
2.929965219597062409e-03
3.134632806388135129e-02
6.548233525300799218e-02
-2.623332815035943344e-02
-1.964594411641958777e-02
2.449607541276151851e-04
1.597589169660256631e-02
7.111799067113952488e-02
-2.553409064460940292e-02
-1.370706081981068469e-01
-9.141324292622168834e-02
-5.597889838778564303e-02
5.878845027628060160e-02
-9.823357009637187498e-02
7.085711762300107852e-02
1.390837488759670559e-03
-4.007529413452120409e-02
-1.873174809831363447e-02
-6.052635299400863089e-02
8.736718428757747623e-02
1.093666988550884150e-01
-2.030331239115376607e-03
4.504749429483645429e-02
-4.096465967739106040e-02
1.092255086165155181e-02
-6.283775731593865821e-02
-6.424511636171982565e-02
-1.164148741058368408e-01
-1.439604534219136589e-01
-7.791609798409665499e-02
-5.421563057480682790e-02
4.324327741348013565e-04
1.533808606438866184e-02
9.160397161225712626e-02
3.133048764139084730e-02
1.254001456858375163e-03
6.129362281950661434e-02
-4.581831902052021371e-03
4.444839312117628005e-02
-3.176992443100744301e-02
-5.811342156479444576e-04
-3.541805184468142798e-02
-9.942418369597937067e-02
8.472484486691689298e-03
1.879773429552754338e-02
7.959851975100372401e-02
1.037133735513180444e-01
1.546489288672313334e-03
-7.828557631156186913e-02
8.725252836597013201e-03
3.440452194217061277e-02
-5.980647302712267799e-02
-1.198652344397921343e-03
-1.080353817901782976e-01
2.655828787467387486e-02
-3.458391348395856157e-02
5.052730322700315496e-02
1.031596437788734194e-01
1.491168490876901287e-02
5.710532286898495347e-02
6.035619580395501504e-02
1.889370292804710277e-02
-9.574718751383554105e-02
1.455569442849788120e-01
-1.646057611323831771e-01
-3.445941032171663532e-02
-6.284531227225016725e-02
1.287438644984973402e-01
2.303008497983080605e-03
-1.924444806260405122e-02
-2.899052574688113643e-02
1.245386149636243736e-03
6.529675334509524309e-02
7.509232857083703028e-02
1.394110851743241009e-01
2.388903498653768831e-02
-1.308614532148750231e-01
-7.278399926463494096e-02
-9.386764911507178288e-02
3.485588137955495519e-02
1.087551376965541217e-02
-4.689412084904881484e-02
-8.239883526026500760e-02
-6.329005819653374387e-02
1.458420998776835745e-02
-1.950619290655973559e-02
-2.682464663854522424e-03
4.911780119043372694e-02
5.145605757134565084e-02
1.825983468532687559e-01
-8.344269075047476558e-03
-1.316750845249397284e-01
4.145460724440622191e-02
-1.187511532066915232e-01
-3.478064828166396900e-03
1.446909896239588211e-01
-5.127113818528702266e-02
-8.131069166364267298e-02
-8.620632579346652891e-02
-2.820525905959281321e-02
5.746234674910534468e-02
-5.070468755628319141e-02
1.768974204428301264e-02
-5.938533517259515782e-02
1.437286597031802726e-01
-2.401789320935507691e-02
1.005702340601456746e-01
-1.825150322559015298e-03
-1.006192295946193305e-01
5.318694532889258614e-02
-6.002606593913065169e-02
-5.397066442752025683e-02
-2.852969620310730897e-02
-4.298095868238233780e-02
-9.542212059409603542e-02
-2.984403916085415914e-03
1.068983385010100623e-01
6.856798697640496820e-02
-4.642000847740940239e-02
1.929363554176638518e-03
-1.455919277005629162e-02
-7.026277801824187819e-02
-4.573804884191406961e-02
-3.405620738408936254e-02
9.261310833230552292e-03
-2.826453603852036381e-02
5.247856704262482061e-03
8.970569545862233651e-02
-1.848573511325658086e-02
-1.029274865385255144e-01
-5.746231474422958119e-02
-1.505865690130257437e-02
1.099510182283405108e-01
2.198178648421164616e-02
4.160788579864033165e-02
7.614948068712305840e-02
-4.346642218750904757e-02
1.316317628513241078e-01
2.055824651382642809e-02
-7.968271163250814637e-03
-3.806798900940400882e-02
4.621132882212986015e-02
-1.323888926600675364e-01
-4.130495326917503485e-02
2.984173834042866749e-02
1.452567971005194747e-01
-5.628826323851611468e-02
-3.842715209325246739e-02
-6.105126249036964270e-02
1.461256784252635763e-02
2.516737552786894178e-03
6.997550976843895654e-02
-1.265962509731017316e-01
-1.392406896533479946e-02
1.026904527466532269e-02
-4.721027979584863088e-02
9.427156239198805632e-03
7.868593753138886093e-02
2.782873594984837384e-03
1.038892943079343378e-03
-1.121009582258327211e-02
1.914243024375004293e-02
-1.860092397077094117e-02
7.971071540330987304e-02
-1.073483671453512589e-01
7.503479094268386551e-02
-1.595798495409315315e-02
7.286026391388314427e-02
3.010194630969217217e-02
-9.305323214701199941e-02
6.035316042331706488e-02
1.999547791959824933e-02
-1.204800940609731044e-02
4.339928189122601448e-02
-3.624802493623568295e-02
-1.204136404207938882e-01
8.390053746868879336e-02
5.161473065394812931e-02
1.075752047826710085e-02
-9.385882300996208072e-02
-1.431821440082879926e-01
-1.324659369702860523e-01
6.912758340329674955e-02
2.986847535321848768e-02
-5.506530111693367507e-02
1.008559282097744592e-01
-7.669130067466195522e-02
6.171459752350383354e-02
-1.125861649588735108e-01
2.753596334635598913e-02
-9.068123736250921496e-02
-5.601920330139267823e-02
-3.236731862442592672e-03
-9.601928041461045560e-03
-1.246702372856382524e-01
-6.179911409341666551e-02
-7.254270250522339147e-03
5.342808834781274246e-02
1.021669686338307348e-01
-9.168439788103036059e-02
-9.122493577058644887e-02
-3.290618327270538462e-02
3.365778679659351541e-02
-3.482991042711046370e-02
1.270616933280960259e-02
-6.151798862842729199e-02
-1.216697477305737768e-01
3.558171869971828161e-02
-6.877878903380343911e-02
3.293172139241315119e-03
1.302407427331297718e-01
-6.057052957732518561e-03
-2.631613589325652869e-02
-2.306943395188883195e-02
1.271636907179329867e-01
7.447277312291189499e-02
9.043870128787173668e-02
-4.193586766216105682e-02
-7.879310296160374483e-02
1.060365317819974146e-01
-1.391771160873089136e-02
-4.606223730348857348e-02
4.576938499628659118e-02
-7.290823408931509930e-02
-1.321983226604157291e-01
-2.949410204173178937e-02
-3.706163804927693761e-02
6.374306532739260067e-02
7.310751631443204723e-02
-6.891143297526194922e-02
-3.579368764384913831e-02
4.329450051576914926e-02
-5.803853193025498153e-02
-4.496269916799550820e-02
1.019637638327731410e-01
-1.965874941167520054e-02
-3.075006493611102953e-02
1.051004579218060425e-01
1.093505878803591042e-01
5.570949673161118554e-02
1.034282843854992806e-01
-9.347052357278436141e-02
-6.300499503741224805e-02
-2.878622228362512706e-02
-5.774345533393163837e-02
-1.360231677669596351e-01
-6.679889735072087886e-02
-4.697827402004271791e-02
-2.981623877683882429e-02
8.483172253806037233e-02
-8.503040914630520530e-03
-4.768900045693143241e-05
3.802039248499838875e-03
2.952761420452058860e-02
5.813677646007224531e-02
1.027233236099293623e-01
9.476521283350802793e-02
-3.741264605360521134e-02
3.211168057668402354e-02
2.469729154676564287e-02
-3.398747283249578532e-02
-1.268864048273795064e-01
-7.191130325695840875e-02
2.367099386941606820e-02
-3.284898930502535425e-02
3.863821243338084327e-02
3.311359034331073925e-02
3.129983195978516125e-02
4.102777447957570156e-02
-1.025682687735340881e-02
-4.307214129722702900e-02
4.277288013788610455e-02
-1.243511156524836903e-01
1.510250795662055334e-01
-1.353081846022108348e-01
-9.984136804965251799e-02
-8.621890879928456597e-03
-5.451066264945328421e-02
-1.900742951133387731e-02
1.209835318884553562e-02
-7.226579106414962594e-02
-2.845942892759914522e-02
6.043044776163151999e-03
-1.135173387864085448e-01
-3.793957257473785233e-02
3.183464869846843598e-02
1.747189836842760746e-02
1.466896258105566259e-02
-1.452552887419446444e-02
-1.227099039885676951e-01
2.053179612626285233e-02
-1.886435474781862631e-01
1.503504434325685785e-02
6.511919259288566353e-02
-1.516157458536842445e-02
-1.005992394234025561e-01
4.532164348409137289e-02
2.551904388348838482e-02
2.689881287087134143e-02
-5.053529457836614808e-02
8.838940840688767897e-02
2.991356739034217727e-02
-5.816354844284733761e-02
2.433230800726923770e-03
-3.000265124970003319e-02
-1.814451856212698222e-02
1.347515429323352734e-02
-1.225740122194104303e-02
3.459917765057392292e-02
-7.808583578451151752e-02
1.996363421464357815e-02
-8.890203876250329929e-02
-1.064009389698103297e-01
3.697635821478258145e-02
-1.505834150339083188e-02
6.703758859571935791e-02
-5.631030120493583924e-02
-7.126783068151405776e-02
4.625957260819794220e-02
-4.839223058675056616e-02
6.063000753350777927e-02
-1.380993375051173776e-02
-2.305042001005041391e-02
-1.043311761351707334e-01
-4.981665435773724449e-02
-3.127360197348431903e-02
5.966222292126058258e-02
2.739796037702183634e-02
-5.606103042858075897e-03
3.027629333912221221e-02
-2.996527958789662813e-02
1.053442751911736266e-02
-4.537079478292196238e-02
-1.085668418197081875e-02
1.025821298195480624e-01
-1.707965757324906297e-01
4.443150269617994474e-02
-6.633214918830779294e-02
-2.676903893449769645e-02
-1.303025048033340863e-02
1.183578570646284245e-01
8.987696434878369306e-03
-1.029611268280041236e-01
7.022800483325807031e-02
4.381295956963263127e-02
5.308147298417069393e-02
-4.521422843019615861e-02
4.634919892321387458e-02
-7.617954060713230668e-02
-1.453328202392265567e-01
5.235276174082130474e-02
-5.508612185435221575e-02
-1.776501857397155826e-02
-6.052037523435470356e-02
3.929778535832632869e-02
-4.520563817584537236e-02
-1.001319678542237773e-01
1.635757538509763354e-02
-1.057446448819804319e-01
-5.081469169440586131e-02
-8.967375956038720064e-02
-2.422368477413299262e-02
-4.134929059591639644e-02
4.518589236404283588e-02
3.147773876293022410e-02
-9.251244350162865504e-02
6.390096860030618220e-02
-3.982007127528863072e-02
-1.095296366944495253e-01
1.008650253470361538e-02
-1.282927277614068773e-01
1.384005743558619841e-02
6.334692491170418327e-02
-3.954894610647619740e-03
8.236772739472630889e-02
-7.338319579632729406e-02
-3.928739631524467979e-02
-1.095092009629887314e-01
-5.137708686208224823e-02
-5.148280332033482176e-02
-4.205879150851300069e-02
8.021273051592475722e-02
-5.186872267555309862e-02
-2.258535841036972067e-02
-7.808589006513680375e-02
1.281974964823359361e-02
2.286141126214357583e-02
1.355822670912509853e-01
-6.276101401332386670e-03
-6.353361047143996077e-02
-8.344547461485317397e-02
2.864301323033204005e-02
4.044110376336550877e-02
-1.130820085921424578e-02
3.367097659634897544e-02
-2.494496936285559713e-02
1.273116822218532951e-01
-4.374458210066162200e-02
-7.352340116159421235e-02
3.386236790317864731e-02
-9.421968479516408534e-02
-1.847085190188337001e-02
-5.534823054165315809e-03
-8.427875222338010452e-03
8.779139348054475211e-02
5.390350518777841521e-02
6.824960165204702056e-04
-5.444490496993723699e-02
-1.246275652057345085e-02
-7.904294433994533964e-02
-6.175337979338482025e-02
6.554129990150470153e-02
-4.087694373415512450e-02
4.948423899659688124e-02
-2.372126057353092857e-02
-3.929975527298978921e-02
-1.106864824659391511e-01
-5.292814256120235983e-03
-5.430235233943584566e-02
7.921171812921766475e-02
-1.360827955460453334e-02
1.865672378642269091e-03
4.014202188448617176e-02
5.390020905259820111e-02
1.195135275547713205e-01
3.809079173935309148e-02
3.481461206431640809e-03
-6.798530527553030278e-02
-9.695181144788588001e-03
-1.113228840236434036e-02
1.893009757043879193e-01
7.862284837396300852e-02
-6.140136501520987444e-02
-8.002453319018973388e-02
6.734713497877661825e-02
5.679014223836713338e-02
-2.066114635661708832e-02
9.293294625622529337e-02
-2.527332996486031380e-02
2.258210820758408538e-02
-4.348554233341196673e-02
1.440878572310292857e-02
-2.644803938170146168e-02
-8.579133160981508577e-02
1.578932102945082919e-02
1.827941791708725949e-04
5.959874405005441411e-02
-4.991780990412798130e-02
-1.094864614310392670e-01
-8.584384556231464125e-03
-8.729335238694352350e-02
3.145317109887843521e-03
3.184696848784794587e-02
7.812417848920280572e-02
6.394573919136441187e-02
-3.164246842359616507e-02
1.477922565621719864e-02
-1.341178076829218670e-02
1.147343616706918840e-02
-2.897502955847355149e-02
-8.650554019439041231e-02
7.418717803440276481e-02
-4.220830859570753879e-02
-9.301174641814792532e-02
-8.344627252291344360e-03
-5.927769184529092100e-02
9.083443822700029702e-03
3.712305532960655935e-02
3.726054429530616108e-02
2.099125546509555962e-02
-5.023037792565547555e-02
-2.799801946374858019e-03
4.064866225014946571e-02
1.148790136103389203e-03
-2.238572679264206125e-02
1.113329701679957873e-01
9.947838657156121700e-03
9.623551338038580094e-02
1.875863076211422772e-02
-4.216569484194181150e-02
-1.086401790438108750e-02
9.169280865398067581e-03
-1.521727007615880645e-03
-1.035146161013209276e-01
3.113002345119085523e-02
5.101896198946827971e-02
9.128950246882278075e-02
7.749386291900449419e-02
4.596749875393729701e-02
1.210138391215071635e-02
-5.023832707439022938e-02
-3.469426954923518491e-02
1.952565916897156667e-02
-5.679518079676324632e-02
-1.107612174288247625e-01
2.107706479064788696e-03
-8.956010537778717751e-02
3.887034917098828452e-03
-6.564404251444874716e-02
-4.547589455386780166e-02
-5.309165150413373835e-03
-4.936384979486858893e-02
1.716274557579212934e-01
1.185295705357277823e-01
1.266419511469064028e-02
-1.287755338042536613e-01
3.630973160387476056e-02
-7.597631583896690202e-03
9.747640020447569109e-02
1.073010651667410664e-01
-4.155911992811160693e-02
-5.238279442083949161e-02
-2.517235531779109595e-02
-2.386120600545741169e-02
6.762147349817868025e-02
-9.947928943735701024e-02
-1.583247894616885698e-01
2.384068562316660200e-02
-7.562844396211525211e-02
4.888880891535175854e-02
-1.746392152181019258e-02
2.906892278966505261e-02
-1.133239794171908010e-01
1.420214680874504198e-02
5.372356753979976030e-02
1.426848958069649176e-01
6.388279139354448299e-03
-6.137551005603156251e-02
-1.364494175789154329e-01
-4.415845290167447201e-02
6.097222717524340696e-02
2.002252418006081336e-02
1.289233087516846073e-02
-2.355928556729285084e-02
-7.045429206538736389e-02
-1.314683265955935050e-02
-1.069915971864425497e-01
3.287627754461001223e-02
-1.142159217846257235e-02
-7.854899318490829452e-02
9.036380198881147074e-02
3.098596235602112114e-02
-5.909986122755728905e-02
-5.362976546100877567e-02
-1.727323575729506830e-02
-2.070456681648026598e-02
2.656921405977086259e-02
1.730924548414106839e-02
-2.089512458090111297e-02
1.549603031321862556e-02
-2.542167112552978087e-02
-7.794432760296116092e-02
-6.945890024747333746e-02
8.492897011937722632e-03
-6.175362061552577830e-02
2.651291484895722597e-02
-5.554488179902325462e-03
-2.545070144564964484e-02
-1.386328361170181128e-02
4.431459573693484477e-02
-8.660997772116932336e-02
2.439700267876079506e-02
-1.615087780596136807e-02
5.099941086186945971e-02
-7.817963227743300603e-02
5.940762996773231441e-02
-2.476497682611129500e-02
4.200685124948375787e-02
1.499461905863333847e-02
-5.538880346978956176e-02
9.398797671882376525e-03
-8.520736314988139326e-02
2.687458142002404488e-02
-1.062410275871833731e-01
4.061658872599592518e-02
8.280712782316196341e-02
1.151837712357896976e-01
-2.232526328827575887e-02
5.740003723269202635e-02
-6.087399605435627609e-02
-2.209237674487794789e-03
-9.601149405835036899e-02
-1.269793131283285248e-02
4.033051435752879610e-02
1.236114621349910375e-02
-8.917676911031580111e-02
-2.041904865225009635e-02
1.754285025680946131e-02
3.766690583520329594e-02
3.675579693154546607e-02
-1.140732227261387344e-01
-4.806676511873639313e-02
-1.663718146163026268e-01
1.175867645136380035e-01
3.159446743600797386e-02
5.670536946634086028e-02
3.633203915718815485e-02
4.065451046635307208e-02
-3.085095797060132677e-03
-1.265246595673926583e-02
-3.541527315326996328e-02
-5.257304524470243767e-02
-1.321955682535620388e-02
3.614630274647367969e-02
-5.149085277408135819e-02
1.070610703803285685e-01
1.847688683162569331e-02
2.400449834944329286e-02
5.061425630655801144e-02
3.083548606148576315e-02
3.553678013855353368e-02
-3.493909460288892321e-02
-5.471583670321936849e-02
3.044128262913824504e-02
-7.916287637338996486e-02
-1.166509043708074955e-03
-4.349157139625717261e-02
4.025585046641603354e-02
7.966537491372455843e-03
-1.610804633374959827e-01
8.038959141587803670e-02
-5.501581494019976148e-03
4.580367149648773700e-02
-9.437358265969011950e-02
8.551520837888249016e-02
8.967291115726971906e-03
2.996727837225077185e-02
-4.663118913322941705e-02
-5.117420565538492033e-03
4.376463052025318656e-02
-5.321822407848181280e-02
-3.966814694582285888e-02
-1.142356634839173934e-01
-1.320758992030125756e-01
-2.782025063953058597e-04
-3.994169233014631393e-02
-1.198750259276483154e-01
-5.720439346361270994e-02
-2.004106208039633727e-02
5.548834363398894021e-02
-1.752617492574187752e-02
-3.356052637698116875e-02
-1.247538235690039132e-01
-9.583600801311847883e-02
1.089741274407800553e-01
4.243747628256674953e-02
1.261173130511860641e-01
4.714314921944214032e-02
-2.017430733411947757e-02
1.142922376779824389e-02
-8.593452270804973619e-03
-7.066871418091007218e-02
-1.672454597469392318e-02
1.493006039167329990e-02
-8.288836959359789647e-02
6.419494767071093344e-02
-3.654935406256557689e-02
-3.943513112698547596e-03
2.038598740068203047e-02
-2.492236414265894262e-02
3.905223924777612154e-02
-7.025325459470377343e-02
-3.446498346473548385e-02
1.324991547705413053e-01
-2.315071743193366713e-02
-4.418337875475615226e-03
1.431449869782933787e-02
-5.260604834566608851e-02
3.099817321018585523e-02
-2.256215099301624172e-02
-6.766119660014692505e-02
-1.297889558516774344e-01
-1.008850051995926062e-01
3.306768555005094173e-02
1.363681007272136703e-01
-7.829443646733363904e-02
4.258259540632035323e-02
1.089097791024452866e-01
2.244013263350964210e-02
-3.401901999564594520e-02
-4.029351301280486436e-02
-3.948647200050233591e-02
-1.393448789189943304e-01
-1.940168229115727533e-02
-7.842192266472435003e-02
2.298422640665234717e-02
-4.960016247979649046e-02
3.224304981361390127e-02
7.542758874179045225e-02
8.869728005223695075e-03
-4.725874694270770088e-02
8.945814357124806659e-02
-4.133693470252108870e-04
-9.009829863413329476e-02
4.456962161479280371e-02
-4.490714399583249639e-02
-7.732282117420205547e-02
-3.714507423951398518e-02
-1.278466898146570219e-01
1.380965188933448370e-02
4.773146961141801203e-02
-2.918085152528288040e-02
1.214221590562210851e-01
-8.667042241903116784e-02
-1.194891554020755253e-01
-4.941999410031441137e-02
-5.948864347847950679e-02
-7.253593434303297338e-02
-8.159840720692962401e-02
1.484033480267347646e-02
-2.827522462598158759e-02
-5.476056596051991771e-02
-5.511599094776998414e-02
7.604239529125497721e-02
-9.785937055824964204e-02
9.416284895738626093e-03
2.615378648276882323e-02
-1.011814081884247624e-01
-6.262232556063285216e-02
-7.541353006944231940e-02
-1.710934510924938534e-03
-7.121157354621687752e-02
1.360274278661356973e-01
1.381735755548192668e-02
-1.011944332457401924e-01
-3.964850702684032807e-02
-6.906971400645184334e-02
1.157887640103075211e-02
-9.819258092973737195e-03
-1.022440067873109509e-01
-5.090708642499981035e-02
-4.969983903734079278e-02
2.849869744260901533e-02
2.217955914515595123e-02
1.026422445214405718e-02
-1.560207350725769659e-01
-3.901393971997257210e-02
5.552614405576625223e-03
-1.098138511484013091e-01
-1.410777147409222540e-02
-3.073852613035266135e-02
-2.307929568837127632e-02
-4.169150028868286173e-02
5.008315740202445854e-02
4.234054831123306578e-03
-6.126344625030774593e-02
-2.636254520231503390e-02
-7.776712670697773222e-02
5.350710407354655057e-02
-2.213613363819142039e-03
1.169575371605342806e-02
-6.092565807919306936e-02
-1.388172879042239294e-01
-9.800913248851084170e-02
8.480302933614655703e-02
-4.120674657764585719e-02
-2.469530737709332152e-02
1.134720454546202656e-01
5.727861645413868941e-02
-3.172043452159059584e-02
7.977820030170917898e-02
-7.124942821549160032e-02
-4.150337425942506736e-02
-7.226732303893271259e-02
-1.672312703138578716e-02
8.915798798884502774e-03
3.600909154668319179e-02
-7.256785238006945027e-02
1.183630117068488197e-01
-1.379112168543163153e-02
-1.166731373259228405e-01
-6.087182387402520489e-02
-1.882001337871545138e-02
-1.062896335529604774e-02
1.170606663263068919e-01
-2.091766392014171930e-02
-9.675911798611733228e-02
1.306231295584660834e-01
-8.856732564305286326e-02
6.118613149952763924e-04
2.860233457776308746e-02
-3.641807840405168750e-02
1.199515189729718073e-01
-3.870148799879469248e-02
1.636018397465376084e-03
1.794487177450704296e-03
4.066849365386121518e-03
-1.821078512865840701e-02
-1.821839335627218337e-01
-1.253304528591751565e-01
-4.251290891299024099e-02
6.168509900046779959e-02
5.904062969827321428e-02
3.670438194715289898e-02
3.276790886669236902e-02
-4.369620772640296635e-02
-1.762007384374766339e-01
1.023006133456756152e-02
-3.343209892842892439e-02
7.705443752448963568e-02
-5.216323522310267746e-02
9.710724613432142327e-02
-7.758514008338046608e-05
1.061668917048408795e-01
9.725582086909727308e-02
1.279479395008106465e-02
-1.817085891462832947e-02
-1.185748866916660343e-03
-1.077216890879045125e-01
-2.773673205642290807e-02
-5.155872885401679984e-02
-3.961348214355037145e-02
-3.732985997025248942e-02
-9.084357285273939042e-02
1.595755171992301880e-01
4.230135559576949505e-02
1.678764646928286308e-01
1.001593567633124321e-01
2.259560241550512966e-02
-2.517968080810420103e-02
-7.780909424107061712e-02
-1.911992582722705364e-02
8.427662905488535194e-02
-1.483899004771651459e-02
-8.437512504877214825e-02
-8.500773341126174887e-02
8.908040798674742022e-02
1.398463013825617107e-01
-1.685825976178584040e-01
-7.616087338959617870e-02
3.559346303579528914e-02
7.161725542803244055e-03
-1.013300731356673590e-01
2.176950984555521551e-02
-2.691414214416720449e-02
1.042756541799696457e-01
1.144590934705971147e-02
-1.410079890130483127e-01
-3.635512965582916173e-02
3.945436862576215398e-03
-5.332359093402159328e-02
8.009175555149068704e-02
-4.524423562217402828e-02
-1.435032031104078176e-01
3.178909148536215867e-02
-7.589700652484376864e-02
-3.064698823630418456e-02
-6.705305293642127573e-02
1.548986443064273022e-01
-5.042778283754024288e-02
-6.676022155475264119e-02
1.136813358722109091e-01
7.674908762222456410e-03
-1.909996094320079441e-02
1.914915317245927118e-02
-9.176277502810724351e-02
2.372479250035184478e-02
-8.180460487992672822e-03
-2.173521546114463854e-02
4.119877789328769274e-02
-6.763520611226559245e-03
-3.601602304983907155e-02
-4.172114779045393851e-02
1.007696935472186250e-01
1.063776769336315653e-01
8.362432655630604172e-02
4.659108846640156593e-02
5.414348359672629951e-02
-6.869201810800550090e-03
4.638568878252935512e-02
-4.590546049684292307e-02
7.942698975127615579e-02
-2.752602140707748057e-02
4.840778244269131753e-02
-7.798990389839038917e-02
3.389843529840466663e-02
8.791420645228528730e-02
1.323371186438622171e-01
-1.122474199621130778e-02
2.458602873059517399e-02
8.226395548024603710e-02
-8.064362708447347927e-02
-3.533342587072433455e-02
7.167816111248934141e-04
1.058210923812017423e-01
-3.412648680382290856e-02
-4.996501518167219269e-02
1.343353574351682962e-02
-7.895307752978052152e-02
9.779741500842727142e-02
6.224339408586135325e-02
-2.443281792081576642e-02
1.051240894951421118e-01
7.649737374159297498e-02
-4.187643911598551427e-02
-6.236289156057187033e-02
6.391017189986478164e-02
9.289762634130824259e-02
-1.333896911508126656e-02
1.078085078352018639e-01
2.848696562478627084e-02
1.244617633608242069e-01
-1.084420019013974945e-01
2.418934888608358785e-02
-2.668113140981672252e-04
-7.124635742629077673e-02
-2.057564135771557112e-02
6.610699572972679461e-02
2.098133991925020536e-02
-9.972276986287662015e-02
-9.455001293009659968e-02
-6.933399324755158688e-02
4.620075389626181195e-02
-3.539090588117814462e-02
-5.804730663283158565e-04
6.811202539881339169e-02
7.503268066373136591e-03
-3.724535838369424923e-02
4.238600771568642317e-02
7.192170433591396628e-02
5.965474405411746311e-02
6.604837624272861391e-03
-5.392539378488871160e-02
-7.198192004563469526e-02
-3.345363057657704114e-02
-1.105162229246110517e-01
-9.374406921782899027e-02
-1.290345312744813899e-01
-2.378699480796551274e-02
-4.651527137790609223e-02
-2.491696411456551657e-02
2.767144012449563456e-02
1.570878768078322052e-01
-5.510477525163831602e-02
3.140620292665147195e-02
-7.185871473032445778e-02
-2.314542682294244702e-02
-1.102640382316670727e-02
-9.230703234380115141e-02
-3.985663092145434738e-02
6.598428879483853038e-02
-2.594386484884694810e-02
-6.707351062586429380e-04
6.878437958651441309e-02
2.409024352844932326e-02
-3.162326084906772611e-02
-2.859763705369919307e-02
1.299905100122903945e-01
9.662857948163947053e-02
4.589197842100919966e-02
-8.423270977150598693e-02
-6.722253993054402854e-02
7.915562961232780470e-02
2.565627912368761282e-02
-1.479909808463298476e-02
-1.912727408578951127e-01
-1.875397435441238381e-01
-5.738625377518019599e-02
2.740098671483903736e-02
4.774255665317563013e-03
1.936193270077754547e-02
2.464300185680279309e-02
-9.087368137010845559e-02
4.144987306661365722e-03
3.757233104851059879e-02
-9.384738041384321772e-02
-3.261402641439521688e-02
-1.930159409087947864e-01
8.070118874290011304e-03
-1.045644361177978932e-01
-3.053218762579523737e-02
3.947134380582636298e-02
-2.901578401791579664e-02
1.479628624348027638e-02
6.847463471276019065e-02
1.204482905718709806e-01
-6.827451236060905204e-03
-1.591808856261874572e-01
-8.393794998093878634e-02
-3.814362666842849303e-02
4.204253197129088904e-03
6.172361813408737408e-02
-1.144355335913282007e-01
-8.283011393728184624e-02
-1.194121924370333127e-02
-6.385632285804979102e-03
-1.186138544553506924e-02
4.356123444166103836e-02
-3.565012971141374304e-02
-3.738838908251557874e-02
2.151019179724786290e-02
-2.103931605793116916e-02
1.271260394255839532e-03
-1.647783936807489247e-01
7.866852390586592803e-02
-4.960052917300042385e-02
8.434872360631540111e-02
-5.723579309526566350e-02
-3.787464247419404517e-02
5.687337578748927203e-02
-8.514804187061564278e-02
-2.899630221786122369e-02
-6.317963696970656240e-02
2.173193148266119867e-02
-1.059660598255977720e-01
1.848646857135012242e-02
1.193109857054514000e-01
2.904363755174706185e-02
1.216230674806813156e-01
4.146497894791937450e-03
-9.635602945633811589e-02
2.688504923694211290e-02
7.751711166091662664e-03
5.148713951564676261e-02
2.053567316875442444e-02
-4.030149575633951847e-02
-8.176921137914232307e-02
-7.435459799804350345e-02
-8.841349840861642551e-02
6.889587117218053114e-02
-7.369134142851400948e-02
-2.115455934514308411e-02
3.206134186153453136e-03
-3.835378411577538421e-02
2.707030046982578791e-02
-6.376653691841234484e-02
1.323954335493695567e-01
4.480827801882525385e-03
-9.953145538203568565e-02
-1.124030175685080540e-02
-8.400508870490711044e-02
-6.052116333798941705e-02
-7.031620439390681709e-02
3.971011391026407766e-02
5.852666450883414750e-02
-1.457809125611465306e-01
-9.702999446139623507e-02
7.709477235122449978e-02
6.912797216337129846e-02
-4.164548834051219617e-02
1.522168769626237872e-02
-5.455011759511051161e-02
-1.419202876643853584e-01
4.936482573302214405e-02
-1.253567072243817748e-02
-9.163260068720327500e-02
-9.617647115578405181e-02
-9.996142271042014749e-02
-9.659987600756567150e-02
8.438594945196052632e-02
2.148493674596317626e-03
3.350498572168133377e-02
8.921550151702324627e-03
-6.051251171955887576e-02
-1.284614813720835191e-01
-3.679269260973298122e-02
8.903879438610551311e-02
5.126023398986576107e-02
-6.895714503578273535e-02
6.535521735119306785e-02
-6.075074584347725515e-02
-8.658232710153790368e-02
-4.609267474010131371e-02
-2.085397586787496663e-02
4.229262833668930022e-03
1.365686052543629847e-01
-4.364975983436924362e-02
-1.595909929197255051e-01
-1.024871205625201009e-01
1.191915110812368644e-01
-1.770546310501212861e-03
8.172856785212068154e-02
4.357807290146908930e-02
9.292414629376417878e-03
-4.441179889048896268e-02
5.860965018150444961e-02
8.056786485751378513e-02
-2.541628367366012206e-02
-3.449825242485748955e-02
-3.591699374281558110e-02
5.927321371570590941e-02
1.303773582364493692e-02
9.454545139966093192e-02
7.049211705681124318e-02
-5.457126631031626596e-02
-5.803849520333816125e-02
-4.575497401191874758e-02
6.254627258001195511e-02
-4.759604520854585769e-02
-1.310703427033983459e-01
6.667808141448390569e-02
-2.099138919834116560e-02
8.997551099161817112e-02
1.190067010937402442e-01
-2.639058570223750538e-02
3.206954686808732857e-02
-5.395758550851806334e-02
1.300741786413095458e-03
9.059424347544040024e-02
-3.187912828861076686e-02
-4.168561434935827426e-02
9.584948604989977639e-03
-2.063772348107283383e-01
-7.793739615202240067e-02
-2.473685640167335928e-02
-7.172816827716957389e-02
-2.224867545578786306e-03
-3.435653990028215976e-02
-4.653451865497897771e-02
6.841369025461750686e-02
-4.342529437489705407e-03
-7.752619954378200950e-02
-5.541535620346500768e-02
2.229708773633259228e-02
-5.438334439363316092e-02
-4.914244111329613834e-02
-5.143793711241022304e-02
-5.397100599779408592e-03
-9.942169603086170593e-02
3.311464905911603446e-02
5.867529990559741671e-02
5.567468009968606565e-03
6.674344153130050417e-02
2.609680145924695577e-02
1.596882721974807184e-03
3.442044247472693386e-02
-4.540202536305416869e-02
-8.769975130705801036e-02
5.875796383297490766e-02
-2.623195882999487805e-02
-8.533404026030125614e-03
1.344313808324857501e-02
-2.008335135684655159e-02
-2.517662898301319466e-02
-4.089826240895323012e-02
6.982786345198485622e-03
6.172303003169757329e-02
4.921016069386011799e-02
-4.153078571833786203e-03
-2.379469217186716556e-02
4.053292331762558404e-02
9.985985710906383761e-02
6.584161137427814448e-02
-3.657456489220860946e-02
1.229694586420867763e-01
-3.743426273131370691e-02
-1.588481192805943007e-02
-1.479716625593246460e-01
-5.153986611000878348e-02
4.462759072896732571e-02
2.544786520861844203e-02
9.543034038027528587e-02
5.460788143172906617e-02
-1.491374418227346156e-02
-1.072375842902033166e-01
9.335033233902245708e-02
5.260074529343933963e-02
-2.300006851431408983e-02
4.640744836885391661e-02
3.521637560080331797e-02
-5.301219915744028593e-03
-8.549147514414727478e-02
7.408219205354944770e-02
-1.094151375188225257e-02
2.873948825864204581e-03
4.197463639509417532e-02
1.393498588119596870e-01
-4.918141390359236087e-02
2.492358622583484146e-02
3.594435077733614675e-02
-6.435968739090186519e-02
5.189495463383254209e-02
-6.332731778111307108e-02
-7.067207112427574545e-02
3.626247867440159783e-02
-7.126984164105848452e-02
-6.974596369155544595e-02
-2.266939522977291441e-02
-1.350978862166136163e-01
-9.940135834777666379e-03
5.608726381922944648e-02
1.286557884176107169e-01
-7.977679832201034493e-02
-3.431072580105711672e-02
2.176768338911031983e-02
9.468333569367069769e-02
4.457478810902055361e-02
-6.002883263209467246e-02
-5.976092390531979881e-02
-2.967207634247633757e-02
-4.182759947159865599e-03
4.920440681374942463e-03
5.989486390472503752e-02
-1.736566265000335230e-01
5.474429888989808257e-03
-8.653761603707831387e-03
1.057413336229655609e-01
-8.419077333841784583e-02
-5.348620666101382148e-02
-6.017746886240755988e-02
1.081348131330043816e-01
3.978176654376055013e-03
4.343962358898123544e-02
5.142935299625010781e-02
5.695154507698021312e-02
1.756409436991516332e-02
-1.047891910062482834e-01
6.593026599030174517e-02
-9.503795379038204594e-02
-1.456716105549171747e-01
-4.997378978945396510e-02
-2.128555868151457697e-02
2.224640242747479360e-02
1.679233124222713203e-01
-5.741928076148848648e-02
-2.028058499485661803e-02
8.944557934539000554e-02
-9.779880748319536021e-02
-6.002517231071369253e-03
6.386308398689255483e-02
4.287835268447821868e-02
-1.597396848392662952e-02
-1.051444791690914551e-03
-3.778176967359395122e-03
-1.336429919792428977e-01
2.471312431051170960e-02
4.657488675529376787e-03
-1.702550599578706580e-01
-2.708177758769837393e-02
-4.094593960798588450e-02
9.136734200587913468e-02
-9.466071816080104395e-02
1.119671947934612610e-02
-6.914797175816959386e-03
-5.666951257719393675e-02
6.694319779481440469e-02
-3.529037139956456293e-02
-6.818316891292830473e-02
4.763860437037684137e-02
-1.131024383857996002e-02
8.371615081545838444e-03
6.516361079069951656e-02
5.301103696776027219e-03
-5.133918826477698594e-02
8.540461662547710331e-05
2.639042062143326373e-02
-7.692453593485887309e-02
6.848575356767770683e-02
-6.181221323280988722e-02
1.036998392842271299e-01
2.615673815076442060e-02
-1.090989499937591034e-01
5.952997799912495419e-02
-1.449893244025767525e-01
1.128546395958065218e-01
8.978799033991648887e-03
5.676304160492076645e-02
2.709785650619053396e-02
-3.883122611620055953e-02
5.627470807626462623e-02
-9.084850761330001689e-02
-8.005548257382080757e-02
4.131327048788247663e-02
-1.452791925831935782e-01
2.003674914812105662e-02
-5.009044661167671997e-02
-6.383759086505426394e-02
-8.786658105367040755e-03
-1.069330357888633037e-01
6.522429345845910664e-02
-7.830142893381931979e-02
-5.703834416869234952e-03
5.376220046118101309e-02
-2.611965437117205052e-02
1.292143255275254865e-01
4.843117001193783522e-02
-1.079543984434640919e-01
1.363269232887057147e-03
3.949166725833032354e-02
1.855803914796713694e-02
1.274486842078684234e-01
-3.522243770688101433e-02
3.048593154625209647e-02
-8.232647262176429059e-03
-9.936527422733870685e-02
-1.902878019205531124e-02
-3.309151724621427204e-02
2.235286664146223998e-02
-7.439943023996979654e-02
-5.002116410983606376e-02
-9.376944029028658201e-02
-4.156099322449832711e-02
-1.341955542689371172e-01
-4.159713311095065980e-02
6.624409359566024724e-02
-9.861342349635479620e-02
4.893489206696910454e-03
-9.602539929815967490e-02
-8.018198284569214018e-02
-3.349489933065569885e-02
4.040561832765826589e-03
-3.960035910083592459e-03
-6.112927062540823853e-02
-4.805439169455102272e-02
-3.468897379827797119e-03
9.680768609775682043e-02
7.337347872289352868e-03
2.172374722280542153e-02
2.900615488175324608e-02
1.296994524603825236e-02
3.412890332946477007e-02
2.491719869921894814e-02
-5.528600368751648841e-02
1.157521395300191158e-01
-7.743624938001819613e-04
8.864617162698174013e-02
-1.285293075642154059e-01
-3.700408381582666328e-02
-4.290695294011086236e-02
5.447138301954481537e-02
-1.041766877653794998e-01
-5.784009295937805190e-02
-6.163973824827762016e-02
6.439235190641975914e-02
-6.065302564262756158e-02
6.473577053980175688e-03
5.449316437395608503e-02
-1.130880793701238424e-01
-1.057850224761089919e-01
3.338560168858711701e-03
9.935252580187082724e-03
-1.105044947992976229e-01
9.365772177231166881e-03
-3.654886154131749276e-02
-8.167506057368967287e-02
7.434256082684967404e-02
1.026645177706912368e-02
-3.447537347254132217e-02
9.105357294720298200e-03
-8.503430526748129159e-02
1.940342645465796892e-02
7.326002720393312573e-03
3.221366954037022112e-02
-6.992071986185627308e-02
1.403105767516433892e-02
-6.468400024728693243e-02
4.344231264342413024e-02
-4.498399510037387472e-03
1.715945261392906040e-01
-2.235179115614280634e-02
6.838289632418229763e-03
4.479537635793701816e-02
4.340105373693108060e-02
-9.299413749584223288e-02
-3.778318406627615561e-02
1.168286700349622023e-02
-1.018320293662778458e-02
7.831369367753435173e-02
-2.686850579902411856e-02
-4.892370412318128997e-02
-1.238595169665931695e-01
1.761537766825096302e-02
-1.292524180646779756e-02
-1.225476469406602993e-02
9.057239537323272249e-02
3.720440566299655638e-02
5.939574295212560195e-02
1.488228801206221280e-02
2.649972658954504595e-02
-1.514914042034963375e-02
-1.360479937604785472e-01
4.564403072235585779e-02
4.935757034449061303e-02
2.698000419574913405e-02
1.119637707018002887e-01
-4.500454846889828664e-02
-6.796896392552872340e-03
-1.149079025261261905e-01
-2.416987556817790442e-02
1.334169797940177038e-01
1.053793349146070202e-01
3.543220929613584425e-02
-1.614753313979419569e-02
1.273064193123660606e-02
9.202571508555431809e-03
2.408404673263753182e-02
-8.963966989414890590e-03
2.617766468864039797e-02
-4.708630708112883367e-02
6.068644506862990590e-02
7.068088440835409991e-02
-8.239174110405740603e-02
7.322697366503691518e-02
-5.206849295909641434e-02
1.219247574290780595e-02
3.908865760347830787e-02
-1.095807639469076333e-01
-2.681466372061229453e-03
-8.357722173322026937e-02
5.026232365274441172e-02
5.404751993778435931e-02
-2.071825001842321143e-02
-4.310454602581598876e-02
5.713101411428467280e-02
-8.476410130110119401e-02
-4.469173031078736702e-02
2.054015654201583885e-02
1.300234042202007556e-01
-2.337559963625474024e-02
1.169718840210927091e-01
-1.507709909764965994e-01
-9.097529878016617777e-02
9.695653964163522542e-02
6.058221331263738407e-02
-6.053810382930661926e-02
7.551781321806086411e-02
-9.337125101462395715e-03
-6.697195499772962135e-03
8.664154243590124760e-02
-1.141307998338986773e-01
1.165373618839586900e-01
-7.314776725918882561e-02
9.266870009705503730e-02
-2.235874612234688488e-02
6.482873687062597201e-02
5.079328541884207959e-02
1.231988348402612843e-01
-1.355401015873909099e-01
5.351230487000648017e-02
-7.435878792175200369e-03
-1.034096277245256240e-01
-8.222523916929579124e-02
-3.280997091483701944e-02
1.309783505331618518e-02
7.278471973120928529e-02
-6.439186874965678598e-02
1.406443434978149262e-02
-1.524686431334643100e-02
-2.901523352729608318e-02
5.203320623383036331e-02
-1.315800665947242376e-01
-5.879920989886411320e-02
-9.077326522313966528e-02
-1.438410733798168098e-02
-2.224738318019526748e-02
4.585350550339762493e-02
-1.813767439630771527e-02
5.451499723955880589e-02
9.599210145280726025e-02
6.478804634784653127e-02
-8.585397607879086124e-02
-2.138620441441432124e-02
-7.538746548351824700e-03
-3.451651552968171277e-02
9.249777258475051084e-03
-3.524807584133846095e-02
4.840528309741944091e-03
-9.404489284767514334e-02
8.694781122427971964e-02
3.307296424431486331e-02
-2.341567814217582200e-02
5.794915238220803289e-02
5.586156124293667480e-02
8.993625816024627961e-02
3.694075486540281117e-02
9.041916794593506113e-03
1.103626363573286112e-01
-3.249946594863971361e-02
-2.365639168264769415e-02
-8.132074786402400390e-02
5.191154806636798236e-02
1.124206159586095821e-01
-8.780323310487295196e-03
6.953100869418393781e-02
1.591388914680701427e-01
-3.767709990203814419e-02
-1.821598439911371881e-02
9.042454649905602715e-02
-2.044803699512851708e-02
-8.822313900608277915e-02
7.953622932232223830e-02
-3.806657128964319181e-02
3.992993291275525464e-02
1.096158123019044806e-02
-1.151613468045384059e-01
-4.606427189961484481e-02
7.089095940035197718e-02
7.926544524918213708e-02
1.791829937213750001e-02
3.033413227252472477e-02
-1.402474175983040201e-02
-1.504801656246604891e-01
3.605863178535252678e-02
9.543765866744691184e-02
-5.290553532156932331e-02
-1.212370416505202109e-01
-1.347799998682677747e-01
-3.256119013398442452e-02
3.897452717432151048e-02
3.020939417170146260e-02
-7.487824932626963026e-02
1.598443894545659855e-02
-5.940182391293575420e-02
-6.674445268397070918e-02
4.922465775938703741e-02
1.913832759415670659e-02
8.217149498272603714e-02
-1.223896110119225972e-01
6.105512905877873153e-02
1.796863974016442086e-02
-3.391581754879120780e-02
-1.506399973340366572e-02
9.249356565154008558e-02
1.157419227931927447e-01
8.892096593595098797e-02
-1.545462661665735205e-01
7.525053096218009552e-02
-4.499170763242466009e-03
1.233635351191905011e-01
8.246685836046881157e-02
-3.859769006269062747e-02
-9.262600123395040019e-02
-5.289593247870683079e-02
3.971715511014879685e-02
1.087909942287161452e-01
-1.841132779882492798e-02
-3.053233817671331674e-02
-5.574660032510195262e-02
-7.464462392364971943e-03
-5.320894812741528562e-02
2.490225760675191663e-03
2.379518999535670115e-02
2.445933186298862583e-03
5.500823896523451828e-02
5.851409586021581732e-02
-2.436367965718362616e-02
-3.170271438908735945e-02
-1.699739963846644969e-02
-3.141955850060400290e-02
2.627228379558383536e-03
-5.451023992984385669e-02
3.155528418682634201e-02
-1.413402037612108142e-01
4.499387504586695175e-02
3.628333363407317685e-02
-4.064498741338869181e-02
1.619151149923185318e-01
6.764197509546887588e-02
6.324072081495164810e-04
-4.021983569762885985e-03
-4.431049956280078139e-02
8.734524610109090093e-02
-1.208036823942511273e-02
-8.785899091856884391e-02
-1.016060490439922859e-01
2.852343265615901735e-02
-1.130546386509440893e-01
-1.557129434569722581e-01
-4.703432231753201798e-02
-4.316953107574562909e-02
8.577562025826318548e-02
-4.478882379839574379e-02
-1.338306642463414631e-01
3.851700704495600314e-02
-6.211906336791614414e-02
-6.219529842529962493e-02
-4.890979232755714168e-03
1.639307066530759638e-04
-3.152162880640961562e-02
-4.671917532952131469e-03
4.797876871524393849e-03
1.098688371778429318e-01
-1.094714997366274950e-01
-6.983668600151976547e-02
-8.818049367540792619e-03
-2.161513170626969127e-02
1.528162672116720709e-02
-5.474664703075522026e-02
1.440818130461172242e-01
-8.259520477039250519e-02
-1.356927555977869848e-01
-5.705012782368171220e-02
-3.699462517686928631e-03
1.840593525845125172e-02
3.230131717030658434e-02
4.462029082137629332e-03
-1.764344920195331720e-02
1.941286642952903124e-02
-7.368851833685564207e-03
-3.503872505269562537e-02
7.111131138115744238e-03
-1.798557477803447088e-02
9.035914616404634725e-02
-5.948459195615125178e-02
7.239141769231596801e-02
6.128273378551183509e-02
-5.531820461003852940e-02
-2.563957259975697955e-02
2.335374470121086288e-02
-5.442216405202199986e-02
-1.211227328483986676e-02
-1.389321699798839668e-02
-5.356261113762129933e-02
-3.557379580813119224e-03
9.170573152637916114e-02
1.273449856174312111e-02
-3.604629081002041352e-02
-3.260813612905844039e-02
-1.366758811839603738e-02
-1.226137328694858752e-01
-4.006566203319392172e-03
-1.293281569483410443e-01
-1.027863181474316934e-01
-1.088345360886203844e-01
-1.069489194357062939e-01
-7.066964579592113771e-02
-1.280331783782310412e-02
6.132542006802553514e-02
-1.238914782317552393e-01
-1.357326812821454606e-02
-8.325720022608160131e-03
-1.313051464489371489e-01
-9.249184280187514040e-02
-5.287820197664529209e-02
-9.784535263164241548e-02
-8.242625142279269568e-02
3.013651002398597817e-02
3.194689636768942298e-02
3.540809068531619586e-02
-6.448371279821416002e-02
-2.405524348481878072e-01
1.254103684026006832e-02
-9.983985907560062600e-03
2.427122627698289486e-02
3.416490517369051572e-03
-4.210620525501036077e-02
1.308272959834972521e-02
-5.717391480122743092e-02
-5.156152160908844539e-02
-8.765398170237147929e-03
3.880444738285068751e-02
7.606870218271896689e-02
-5.719646891170750147e-02
1.723858245800343608e-03
3.679106063712268837e-02
-1.637863659341838238e-02
9.580598095973755224e-02
-9.500692304806679367e-02
-1.570847571041491392e-02
4.023650327574616881e-02
-5.050964424271467412e-02
-7.846964341669511456e-02
-2.788864565106238813e-02
-5.749578237300301958e-02
-8.115520347429813763e-02
-2.684298018944404618e-02
-1.743725059715376530e-02
-7.589808758809349354e-02
-1.143718788253976770e-01
-3.278319470033512484e-02
8.171347874567808089e-02
1.411131690621943158e-01
-1.522458344072009050e-02
-1.233522812588092182e-01
-5.777435134799596000e-02
-5.802790114227754370e-03
1.207918348601732944e-01
5.974492954919086163e-02
-7.228859228574682771e-02
-1.120275210253212500e-02
-4.212756833163713854e-02
-1.123014620590055690e-02
-5.270545040144601623e-02
-7.128516082056465808e-02
-3.239141743205609103e-03
7.595197168879448679e-02
5.875368986577925862e-02
-4.656678458553602240e-03
1.075656692845218393e-01
4.510351087832595307e-02
6.742875957837937695e-02
-1.146843217565856471e-01
-2.941900065879209103e-02
-7.086856999618286468e-02
-7.358890418833241576e-02
-5.402877758019575261e-02
-2.037936816164472031e-02
8.211349118724987906e-03
-3.251608283108801609e-03
-1.294576162696877211e-02
3.329340303518055211e-02
-8.482907380581267143e-02
-8.539903693287996533e-02
2.322972728335375228e-02
-9.880877417204206314e-02
-1.411938764238286625e-02
-2.314477075464371758e-02
8.808022546198680802e-02
6.918885101375189806e-02
-3.895948257553259741e-03
-1.018522299595246358e-02
-1.209303397633940680e-01
-6.958571242140297597e-02
-2.798043019306920703e-04
4.737398297680947556e-02
-1.924073962160534057e-01
6.828502375007870773e-02
-6.689810238001461795e-02
-1.468335721200760557e-01
-6.815957520464049901e-02
-3.671391595228172544e-02
9.496606767383114489e-02
-2.690313609723125887e-03
4.445155961172572029e-02
-4.465570026746225329e-02
1.187778883977545219e-01
8.570421327291800895e-02
4.411993070098288450e-02
7.315082388827623405e-02
-6.171272495198529967e-03
1.644754127979354552e-04
2.252954203028229019e-02
1.461815012976455316e-02
-5.878385341412967202e-03
4.928850529265005331e-03
8.106758594707484666e-02
-2.198569078464950727e-02
-1.169095232441955817e-01
-4.415776793351098434e-02
4.549624657731687200e-02
1.339645307192622800e-02
3.769521431261208672e-03
-1.521362644328115021e-01
2.326371032790551172e-02
-6.834127392201545803e-02
-6.476426695436149350e-02
-3.197661951714075856e-02
5.461394694066701305e-03
1.777850955578275799e-02
8.418964037614215523e-02
-5.252588397962984490e-02
-3.367200418164437159e-02
7.006206059970769562e-02
-6.142795619704126409e-02
9.605372774359281773e-02
3.136529676460651783e-02
-7.985223022710617735e-03
6.689090237829317664e-02
1.333342861147404634e-01
-4.804635580170289744e-02
5.457944623572260831e-03
-1.126460731701291011e-02
-1.072629879563398725e-01
9.913938391122507909e-02
1.348067938890116779e-01
-6.182788123002350145e-02
2.447910071114265534e-02
-1.165063491592605201e-02
-1.162758552799692258e-01
-9.921020361344384808e-02
4.079542614088679103e-02
-9.717650342477628100e-02
-1.140841885516410414e-01
3.251438850332453306e-02
-6.359303382511130587e-02
-9.745952683017444773e-02
7.132336755889780167e-02
3.384999585366863656e-02
-1.319407535172663071e-01
-7.232411579146030833e-03
8.588748262605666595e-02
1.041357609378800314e-01
5.311759260491596968e-02
3.310017612132915010e-02
1.339059546124102620e-02
4.565728171029227039e-02
-4.557469694959710715e-02
-1.554698913221172485e-01
-1.326329496349786148e-02
4.896259397476813990e-02
-1.343594520126933367e-01
2.978125153343246304e-02
-5.933670696643636444e-02
6.390489828501652592e-02
4.701636360317075491e-02
-1.088950327138947238e-01
6.808945473493377420e-02
-5.579525817824969314e-02
-9.074448240147986455e-02
-9.840807697142774091e-02
-1.214347232478839300e-01
-7.338694939454228072e-02
-1.006964874215442868e-01
8.544297824568587718e-02
7.216675584062975934e-02
7.294778904681983867e-02
-5.645308212472921472e-02
6.655325785174052988e-02
1.470715318449666020e-01
6.768088368348296191e-02
-1.448288490797683403e-02
-7.078587599891970894e-02
1.144860157691972996e-02
-2.760957261542808586e-02
-3.615650230564994988e-02
-1.061315365762575125e-01
-9.315045220578452301e-02
-9.605592634358665893e-04
3.133604200089096931e-02
-9.173364237343499539e-02
-3.449807016422062195e-02
2.294473143004076982e-02
-5.250318867176670401e-02
-4.305607071399611407e-02
-6.089484690953016199e-02
-8.607227421405780343e-03
1.064971898659542310e-01
5.988189095802146089e-02
-1.177349415581697561e-01
5.813015130464382202e-02
-4.203154712999264409e-02
-6.751751332360550473e-02
-4.258402380662499459e-02
-6.631211571651782211e-02
-1.318861380894184587e-01
-1.272226245975614511e-01
-1.700935168770764672e-02
1.095538530680465611e-02
-9.982391968145293282e-02
2.224488966261456424e-02
-3.467050124197224026e-02
-1.290379290940491669e-02
-1.201810676959250840e-01
-1.737458514885716065e-02
3.518089959101362851e-02
5.093913878481542978e-02
-4.841228008221522272e-02
4.605649621553296533e-03
8.615443457489962986e-03
6.884852659234483307e-02
7.461680400173708455e-03
-1.179674624653451881e-01
4.542452836466855798e-02
8.125458554641293296e-02
1.854700480212847016e-02
-9.748005265058643995e-03
-7.728468538106190999e-02
-3.534971015364193891e-03
5.703895218579058124e-02
2.336885877941425466e-02
5.947740287568589745e-02
4.308401752615245717e-02
1.252216500349432049e-01
1.265751590991510966e-01
7.638616739759521157e-02
5.282004090557192860e-02
-8.090266791420405723e-02
3.697792487621504032e-02
4.429596084363474073e-02
-6.432528940919132743e-02
4.757324286296610999e-02
5.251412785658635812e-02
-9.272594635220877957e-03
2.626390389995761354e-02
-2.118846760482654412e-01
-4.217797817473996347e-02
4.811347657471151673e-02
-5.728841524199907581e-02
6.111039665576410707e-02
-8.524293322740265910e-02
3.283961922335792982e-02
-4.689021291855386547e-02
3.577830509569866757e-02
6.919398354668264417e-02
-7.831552393010611512e-02
1.095185310249247729e-01
1.140516783285720065e-02
5.503218143253147537e-02
2.367468989228265971e-02
6.794978592194805822e-02
-1.406653458339919560e-02
-3.938179499766843172e-02
-8.809843562232810843e-02
-8.845367632807613067e-02
3.938541903985583181e-02
7.730728409441134374e-02
7.333402557262376498e-02
-1.117687035800280226e-01
-1.041700075774183720e-02
-4.611360033240597886e-03
2.372884958293733360e-02
2.947368048597461682e-02
-8.062564255606305408e-02
8.159716970730940266e-02
4.258609689116989172e-02
-8.983598708505999286e-02
-1.079945063498122387e-01
-5.844413426237449888e-02
4.316571919901569104e-02
1.019380587111858444e-01
-3.280114027814186057e-03
-1.346057592092806537e-03
5.467761796567470467e-02
-7.148988252177509994e-02
-9.289659946610644148e-02
-1.060582263490805928e-02
4.427309022713358383e-02
5.692056797136588187e-02
7.361553897760129972e-03
-5.493216563392623597e-02
-8.995278371030940995e-03
-1.263511169363339473e-02
-1.976092746104665676e-02
8.488106051838952004e-03
-2.710571886368613390e-02
6.547193429852714297e-02
-4.965097752050670610e-02
-3.889420497643879260e-02
-1.514218245772416538e-01
-1.773608360134877257e-02
-7.190730961694414419e-03
6.638553775662753287e-02
-5.980717320233081696e-02
3.205687170739963954e-02
2.128742218146902412e-02
-8.126821104388663730e-03
-4.627806952247788541e-02
3.160767354310133753e-02
5.069627971744908312e-02
-8.186209812748523884e-02
1.428011895145340875e-02
-1.203395738648059023e-02
-1.231177547832420088e-01
-7.215615238120826058e-02
-2.671398222562753819e-02
-6.072647233395080113e-02
-3.330035573649832437e-02
5.199735516512827421e-02
2.964047261608891703e-02
1.115587596567877149e-01
-7.506434165399401837e-03
1.462620700736663726e-01
-8.690994864159000410e-02
-6.652371429608358588e-02
6.029583330574019712e-02
4.209499099766908503e-03
-3.921367401548448567e-02
3.016297393260610610e-02
8.867683105861716431e-03
-5.410680266839636154e-02
-1.288316490355400495e-02
-1.123114843505438470e-02
-7.049438220163917190e-02
-2.543675679409600557e-02
8.835880508514647180e-02
-1.991526029979669848e-02
1.151829943924438937e-01
-6.013984227644028624e-02
6.440498012697791833e-03
8.547946530029236489e-02
5.166274698946943245e-02
4.009047183484341914e-02
-5.063237019694093524e-03
-3.822822358779896096e-02
-9.971109887992168908e-02
1.928868872959371705e-03
1.907024427494951324e-01
-1.173498233494671972e-01
-4.202096369379423185e-02
3.174166745353450975e-02
-1.125070408994427451e-03
-1.170761337162066484e-01
-1.862633771843611938e-02
-4.242624346397644297e-02
1.166941999996055218e-01
-1.021528201031809274e-01
-1.248486305089714643e-01
-1.795764286731726944e-02
-5.687040940234509845e-02
-3.410379334914979271e-02
5.536697416991313153e-02
-1.018766165358562376e-02
-2.803836064710380632e-02
9.136709315793764552e-02
1.689255491737299414e-02
5.804558802727948635e-02
-5.092662961358220691e-02
-3.418094766770079368e-02
1.023271855450397921e-02
5.351553729444403357e-02
1.411756695816499541e-01
-4.221396981059911957e-02
9.458573397980601927e-02
-6.760986718150147068e-02
-1.994625494396979823e-02
-3.109356050740527330e-02
-9.710180147949028576e-03
-2.142157247359700520e-02
1.299883792383024414e-02
-1.518779339311649573e-03
4.463243841178003712e-02
-1.068326818671000850e-01
-6.129996809645187061e-02
-1.010114116307899296e-01
-1.440104549227033404e-01
-7.514019755834117076e-02
-1.247657662235452380e-01
-6.763729164673162875e-02
8.238528196292457806e-02
1.164966013975375914e-01
-6.488863868130442802e-02
3.319147815295449971e-02
6.488116598696944126e-02
-9.221723809966897445e-02
6.795451754892836704e-03
8.614116771607324696e-02
3.767283646138554210e-02
-1.345603437272059333e-01
3.620981767807429641e-02
2.497260840632464785e-02
5.345900990858278023e-02
-4.049602098272556128e-03
-8.996643741558611740e-02
3.002042047506196104e-02
-1.090701173307358635e-01
-1.110046868975898410e-01
9.190364758185633198e-02
-4.208632305732824819e-02
-2.454178744608732921e-02
-5.464689412907671601e-02
-2.681553627999802569e-02
-4.012879865578731359e-02
2.211509957523017517e-02
4.850048839106173293e-02
1.198564415023691265e-01
8.127469535838900694e-02
-4.316683744743624040e-02
-5.292114669966610507e-03
9.047878132481790292e-02
9.094108889230734238e-05
1.691813566996320725e-02
2.685752566050449847e-02
2.323237320462270480e-02
1.443081881217361806e-02
1.869337720135527681e-02
-6.817447321944235250e-02
7.031604130809117337e-03
-6.276127945222809146e-02
-1.099980184618029738e-01
-5.029597126910509419e-02
1.167344743472357657e-02
8.013800885527755380e-02
2.764384634789110451e-02
2.240728812459056099e-02
-1.112761205631369044e-01
8.394174324515892016e-02
-3.571742822988822202e-02
-3.090022134357474359e-03
-8.424409164452346943e-02
-2.289455307464825784e-02
5.706382984749144849e-02
-1.890894701213495510e-02
-4.173178651054826327e-02
-2.796153815640601073e-02
-1.125661584738939097e-01
-9.461341933313065222e-02
4.961947665765437110e-02
-2.258103949005364763e-02
-9.799569055899248760e-02
1.420215300306257866e-01
-1.851963922437574461e-02
-1.509086858337217452e-01
-2.614390719418457215e-02
6.210903661809163284e-03
1.896574337128729276e-03
-8.331973996177217956e-02
-1.791248717429831661e-02
-1.891786924587250673e-02
-7.010330583247036118e-03
6.525070259483130297e-03
-1.789869581452666059e-02
-4.784329727256744075e-02
2.243252927797803956e-02
1.407113789332418430e-01
1.679146041761471475e-02
7.141463767192082757e-02
-5.007111271020566606e-02
1.046885540906971473e-01
7.700578103166100252e-05
7.382427489995979641e-02
9.101467388551789939e-03
1.240183047327892418e-01
7.799978004325870684e-02
-9.980938506516554010e-02
-6.499032348690067518e-02
-6.246707443703272689e-02
6.395143128860773796e-02
-6.229566607907294912e-02
1.297197833461548599e-01
-1.219269961220161430e-01
-4.842688444574883011e-02
-4.053202102005191987e-02
6.074113733323090181e-02
-5.491331318039582854e-02
5.654594571789953866e-02
5.933533641448093809e-02
4.794181576070188737e-03
1.573762404821074101e-01
4.209714922498490608e-02
-5.125957768719937441e-02
-1.401793259750339082e-01
3.219640095752034081e-02
-8.709960492521548470e-02
5.344164629549722628e-02
3.497428141189147521e-02
4.209417197553592949e-02
-1.201283566237374145e-01
1.418255784031084016e-02
-3.036302228320053587e-02
-1.381132774234545280e-01
-7.294931470204063517e-02
-8.635487612091279075e-02
1.339729051651102065e-02
-1.237612305224277537e-02
-2.396567564587444299e-02
-3.475413327800634666e-02
1.010586969110625621e-01
3.839190253475546766e-02
5.539478125431637756e-02
-1.101715898907841551e-01
7.346201216312422955e-03
4.407017118602353511e-02
1.013568426495891836e-03
-1.393020968607576980e-02
-3.382046036092089397e-02
9.682585414921147937e-02
4.814119195785362959e-02
-6.412326282487211537e-02
-8.423446674817507140e-02
7.623847385433120405e-02
6.060499689038080506e-02
1.300753494936859045e-01
7.865930416518158996e-02
-1.340955311045945453e-01
5.471172668922982818e-02
9.185106450535338030e-02
5.352733537638535571e-02
6.788217236074652050e-02
5.866576034903689396e-02
4.424758837286855984e-02
2.170472616094683976e-02
-1.887547326602001252e-01
1.673994822846516795e-02
2.297475223636248273e-02
-2.974926355080671075e-02
-1.096146986218488745e-02
6.484412818782900323e-02
-2.363053265669858710e-02
5.745527407373769713e-02
-1.066851177866459527e-01
1.581693786831867010e-02
-4.618627022997010001e-02
4.527204857025426965e-02
-9.178778698340714359e-02
1.327002083094561136e-02
-2.154664980542846664e-01
-1.121442829543550512e-01
-3.790222422360828985e-02
2.657208788664386367e-02
-1.251705786376655638e-01
-1.183316462189764606e-01
-7.655309330962971337e-02
-1.207981580665930949e-02
-1.052981684758479489e-02
-7.401427399751957237e-02
-6.876341519557767346e-02
8.005699492377524318e-02
-6.330630760730776574e-02
6.322625301684163535e-02
-1.617297275217739749e-01
-1.906990376219625249e-01
4.145658847305807443e-02
6.595203988252608396e-02
4.309480653939174594e-02
6.330035920203462563e-02
3.142380057768767027e-02
1.422442820748999748e-01
4.080478769664257904e-02
-1.705685163182652300e-02
2.292904697086629515e-02
-5.476740078742634715e-03
-2.198790840338826075e-02
7.386627388640995551e-02
-1.245408881345216046e-01
-6.147824286447849465e-03
3.585212042223302059e-02
1.014186582269506753e-01
-8.528822739803185171e-02
8.738021215729172009e-02
2.324438844735931750e-02
-7.206892980952306349e-02
-5.803818885756915902e-02
-9.402865068996359155e-02
6.102382652771465299e-05
1.279520910659675548e-01
-3.228368979308356840e-02
-1.657068453648512935e-02
-1.716141181490891954e-02
-1.335929803800979254e-01
2.074158054847960453e-02
2.190567974274181678e-02
-1.293712622579274441e-01
8.945681466057728293e-02
1.421583599349044158e-01
-1.146092409477426216e-02
1.346015199389476169e-02
-2.879787707564573918e-02
5.791716975581510940e-02
-3.289908556203174905e-03
1.222142095152138064e-01
-1.283024535772195052e-01
-4.274894568555454022e-02
-4.646583998577076546e-02
-1.172881246194026061e-01
-1.736328800708182227e-02
-3.384309758606868918e-02
2.091549489207034096e-02
-5.553650027992478033e-02
-8.518769390314018253e-02
1.051160270453246615e-01
1.663090989909943307e-02
1.365967153521785715e-01
2.056077518976272972e-02
3.959603591628355068e-02
-8.445698562603708159e-02
5.438545045968582597e-02
-1.474957157870610686e-02
-4.712144988394351836e-02
-5.477399395345369792e-02
3.860336897559589475e-02
2.045068563993165250e-03
3.573387408468786663e-02
-2.538383537977151327e-02
1.726423737185553420e-03
-1.446979689035691741e-01
5.222408483899946413e-02
2.072464617113760690e-02
6.009533697944882680e-02
-3.408088704744687697e-02
1.937384739338674985e-02
1.044763094320732277e-01
4.555583532388511603e-02
-5.614597481487484248e-02
8.487890613381513655e-03
-3.813621413730552967e-03
-1.443536557123833719e-01
-5.389492466529444137e-02
2.792735877022221869e-02
8.241300863083689254e-02
9.667979875759905722e-03
7.597156749551650656e-02
-7.010388652249356645e-02
-6.705075070751789768e-02
3.878929781100175223e-02
1.340090844359265732e-01
-1.485256518181785057e-02
2.940180040085510482e-02
-9.303478737901971218e-02
-5.908228647197552585e-02
1.129696050432803522e-01
-1.091246754079428297e-02
6.532230071479598610e-02
3.376265260186181449e-02
-9.949977434707042712e-02
-6.265813272840012327e-02
4.920121996895492761e-02
5.886037258692619623e-03
-1.249642177273114635e-01
-3.688814838846440902e-02
-2.894808324328332003e-02
4.427813543357501935e-02
2.716477010541923365e-02
-3.105359826864750178e-02
-8.148936756027669315e-02
-1.273626048706741343e-01
3.187069074132156676e-02
-8.384046093641633890e-02
-3.499848830032985941e-02
-8.905038646685511927e-02
4.815024754789734573e-02
3.896224936156832824e-03
-4.495647181590844976e-03
-4.492431782174348409e-02
-7.544249406795745794e-03
9.615887406404413640e-02
-2.514425858305221334e-02
-1.817560783619037723e-02
-3.823989115772294389e-02
-8.369022826873558085e-02
-2.076043539423237660e-02
3.214001600151045884e-02
-2.098457454240088005e-02
7.772832105183723195e-02
1.030620578639344365e-01
1.903763255926468889e-02
5.526567749674354824e-02
2.462339278653021338e-02
3.879759269244094366e-02
-6.508717740798691809e-02
8.797659364210889954e-02
-1.540898952565786240e-02
2.010868060317509351e-02
1.234564377963610349e-01
-4.750590337761333853e-02
5.565959019067306945e-02
-1.294618619035839413e-02
-1.702332220594149695e-02
-7.426242865846879870e-02
-3.578193611895216092e-02
6.058997213591561792e-02
1.129813339248392223e-02
1.673237438562743262e-01
8.331059842754218181e-02
3.009056856307332911e-02
7.609007623942523613e-03
-7.163202133130994187e-02
-1.135215899012252533e-01
-1.389917029779472735e-01
5.053385815017466531e-02
1.407460258387001895e-01
8.812242241263240627e-02
2.575065051364754456e-02
4.992321452499570017e-02
-2.444227533918902351e-02
5.119240687349986552e-02
7.371506007100497859e-02
-1.240111029083018901e-01
-1.455566167055597493e-01
2.292828054742786226e-02
-4.743648011687783689e-02
-1.512426642452774361e-01
-1.257915267072696741e-01
1.174765338860501301e-01
1.706999823436286534e-02
-8.765869192720891767e-02
3.722947039029066846e-02
-1.071193970513671379e-01
1.923363145360175441e-02
-1.642368418724657331e-03
-9.637462037081617749e-02
-7.105034288871957260e-02
7.692021367908102869e-02
2.463058374691244612e-02
-9.275141258898389474e-02
-1.039251730370306104e-01
-1.017814558925272672e-01
9.489327433933082701e-04
7.908452044152483595e-02
-5.039739668463528305e-02
3.133381340509598656e-02
-8.559020779479772911e-02
6.687756516316506472e-02
-7.206300103441146826e-03
-1.976262809223738870e-02
-2.307351627945485040e-01
2.323615500086865029e-02
-2.555874609355556631e-02
-2.017768786368779460e-02
-6.873614381902740100e-02
-3.623192847052383869e-04
-1.276990863058554970e-01
5.718089975061321772e-02
1.950644238270760750e-02
1.397472046432157444e-01
7.853272252248032909e-03
6.456972790491315173e-02
4.270844158637131238e-02
-6.204608655596643291e-02
-6.775467174319795005e-04
-8.014371340327751392e-02
5.582630383306484700e-02
1.292628202610960134e-02
9.411945512570331351e-03
6.997732248741417305e-02
-1.107398957494679786e-01
4.252332129003066896e-02
-4.194054522842018823e-02
-1.357963672838624625e-02
-7.774826648471122592e-03
-1.514551206004208228e-02
5.120264196193818895e-02
8.639053545025422720e-02
-5.301862982207969366e-02
1.193475330048430205e-01
3.953756460163981162e-02
5.464475398065046785e-02
4.306045415360772871e-02
-1.188036229833968199e-01
8.691993439697408286e-02
-1.195154252244284843e-02
7.547388113534385379e-02
-5.058492027325169060e-02
-2.502994112665153648e-02
-1.653450705533456300e-01
-4.874887970920753488e-02
7.564559241276996859e-03
-9.364498304749192814e-02
-7.241241573838354262e-02
-9.257834128830511045e-02
1.102309429658171885e-01
1.461909275208735925e-01
1.183150328345797947e-02
-1.041148704075020026e-01
2.664269695189537893e-02
-4.009994202723495688e-02
-1.171846981795842402e-01
9.150993399070860013e-02
2.970301959904776690e-02
6.477211463921775381e-02
-1.497234731400053781e-02
1.215948361570774183e-01
7.690361291791245058e-02
1.049708775292484096e-02
4.159514391317639670e-02
7.538011641891557979e-03
-5.326131888394812497e-02
-3.961133027953704644e-02
-7.713039705718090222e-02
4.941040892837929993e-02
1.613737715731755062e-01
-2.611385000783826571e-02
4.263879053652543799e-02
8.873340073847074683e-02
-3.498349491708464820e-02
4.964788984655747056e-02
6.887066425494639543e-02
1.249749649234514065e-01
6.580662329129320642e-02
7.934400221619756707e-04
-1.099963193276582568e-01
2.971378575564984775e-03
6.199926096392818775e-03
-7.175198295142914962e-02
7.619556827114654096e-05
-1.464387306469910888e-02
5.258321585935750442e-02
-1.769183881075825360e-02
8.663754590623117327e-03
-1.271367752814664687e-01
-6.159806569950817406e-02
1.600337665139595633e-01
3.870116073421518699e-03
-2.773302796581513657e-02
-4.345102219573185320e-02
-7.614716036593929815e-02
-3.542339554656617762e-02
4.178045698681012721e-02
-8.821233488365190500e-02
-3.277051487968994647e-03
6.775706058589631153e-02
3.804664175575932228e-02
9.227340242448472951e-02
-1.724471751427356092e-02
4.679598454267736019e-02
-3.247417219809375227e-02
-1.020665788319708722e-01
-1.068081833733338926e-01
-3.514179720516669853e-02
7.335883622803865411e-03
1.840954351086350124e-02
-5.305280449788668529e-02
-5.522019955178376904e-03
2.242926146159734263e-02
4.757428088866012816e-02
9.982978789628740857e-02
-9.397171488686041629e-02
-6.667081504720109852e-02
5.543497154176804664e-03
1.635263350818085826e-01
-1.709134146510313257e-02
-4.352994495532483410e-02
-5.011534859183267715e-02
-6.802514807228630944e-02
-1.040558882134157426e-01
7.586987282269361255e-02
-1.721337331481703065e-02
-1.641548576597809395e-01
-4.561691986481335170e-02
-2.118879393801227640e-02
-5.757682026707420381e-02
-9.655092259343253658e-02
-1.723920337903255551e-01
-1.105939181238413394e-03
5.122046646929771796e-03
3.789169195446038391e-02
-3.295263505117237285e-02
-3.576979290798490418e-03
-6.972462753924338341e-02
-1.141872280783106557e-03
1.890796532408603459e-03
1.079738422329779290e-01
-1.160792302641193707e-01
-1.121910741191396721e-01
-9.984911118583243705e-02
1.303092204813447730e-01
2.647783890230658715e-02
5.586358631848047790e-02
3.855404450145522022e-02
-6.988310179948438450e-02
1.449468472226378424e-03
1.039577583073237610e-01
6.323623204458934943e-02
3.635762049472955615e-02
-8.684355528378129296e-02
-9.193847217058273569e-02
3.019881484644659775e-04
-4.667387696147366760e-02
-5.580852610065135944e-02
2.989169767576962955e-02
-3.968680324182902175e-02
-4.737863202421323250e-02
5.129492803942009571e-02
1.078548536575007627e-01
-5.670757013673033420e-02
-9.899653365292332419e-03
-8.820125292442257403e-02
-3.458524914085264051e-02
-3.438529781086541864e-02
1.176826434260525023e-02
-3.554589151516869550e-02
-3.106966529555255097e-02
3.506283381314646147e-02
-3.106513227579980885e-02
1.084355279318212628e-01
-1.781267019137991459e-02
8.666219031478294976e-02
6.327733148120529005e-02
-2.742467388278256590e-02
1.100901500605782207e-01
-5.709273492781780784e-02
3.931041561390375555e-02
-4.867900006859917500e-02
-1.319133131235684653e-01
8.712473239230550393e-02
-1.128807490734914654e-01
-1.041031489492885431e-01
9.208468862257890297e-02
2.293586430457643377e-02
-1.151323636302843956e-01
1.208255335602812092e-01
4.659920482046344542e-02
2.260427330367238002e-02
1.070099078321255087e-02
-5.131756639907439355e-02
-1.643355967588836300e-02
-1.287046217534803805e-01
-4.562642765471325995e-02
-3.034734655047182858e-02
2.634056994016877734e-02
-6.237145980256739164e-02
8.488607759716970680e-02
6.062532288571712003e-02
7.173556290231491994e-02
1.469967098263396180e-02
-1.987570837394675438e-04
1.251391482276611455e-01
-4.421168439571435821e-02
-1.794171159208180627e-02
-5.780512260376330369e-02
2.180370861229267987e-02
8.515120432407365103e-02
-4.371094624237396170e-02
-6.010803831899352856e-02
-1.986832376646789633e-02
-1.813943924337862654e-02
1.234456363668355594e-01
-9.223452368745085894e-02
-1.318882799659429339e-02
6.332832258225346012e-02
-6.332521806303464951e-02
1.600122684988086186e-01
2.500464355914365500e-02
5.497236865448079657e-02
-6.637334882194048657e-02
-7.239547269268961638e-02
-4.922019393302337620e-02
-1.130437833226889677e-02
-1.876354858239077383e-01
-7.433537888370489455e-02
1.029045862020546986e-01
6.562263787546995797e-02
-4.077377250442126844e-02
-3.748350885167409108e-02
3.419746156962724659e-02
8.833858809150799130e-02
-5.056682498961645456e-02
-4.857391233087361704e-02
4.217620541124086214e-02
-2.532822050143611337e-02
1.267628612978700595e-02
3.033113583541681424e-02
-4.129292106558572067e-02
-3.670398040534443573e-02
1.308055647969124935e-01
-2.692827284071048349e-02
3.657767035195566563e-02
1.818188689285604731e-02
1.026222195293787359e-01
-1.194359956509637860e-02
-3.769699041686959493e-03
-2.336492338343969938e-04
6.663782214167837670e-02
-4.262313913265397547e-02
-2.178457410903410912e-02
-1.622527493154724693e-02
-4.703438695440531614e-02
-9.252870137657112637e-02
-1.162797855162081562e-01
-5.055199710132157048e-02
-4.940988516490895516e-03
-6.925921448888264220e-02
-1.872542555241663020e-02
-5.302784649859142857e-02
1.700123900811335853e-01
-4.948090676400961063e-02
-5.567416483877622724e-02
1.092371749377977208e-01
-9.014571713659622065e-02
4.909170005346151500e-03
3.703079850214237301e-02
9.191578980223860662e-02
-3.935028944284218316e-02
-3.230329876154790225e-02
-4.739947349374412644e-02
2.904484752903755546e-02
-1.093836374446808396e-01
-6.321365886114868604e-02
3.396327684442264350e-03
1.436792952882725571e-01
1.597111104153722816e-02
-3.533127880830344569e-02
-1.254681505512158513e-01
-1.135634989740989947e-01
1.209023643179979596e-01
1.939434718959143211e-02
-3.426281545559638902e-02
1.606855020975653942e-02
2.899081890228397129e-02
1.241679395575579631e-02
-5.214924199039967789e-02
-5.409097055266720577e-02
-2.214886500002941072e-02
-3.038033652738492824e-02
-4.126411358919506930e-03
8.700619672112908098e-02
3.126378110765985763e-03
-2.520275519854080215e-02
-3.435535148781417719e-02
-5.859996463297668934e-02
-3.698639271821591024e-02
3.356803669979127602e-02
-1.044590854714696898e-01
-7.871667139207579045e-02
3.978863221759582763e-02
-6.224213500671370997e-02
-1.809274034141405141e-01
-7.347960565124500576e-02
3.218793137691412787e-02
-2.081829387977183338e-02
-5.128741944451775669e-02
-1.430835722756199635e-01
-7.638953945072264606e-02
-9.756367062538011392e-02
1.459427931459743311e-02
1.734638783453430061e-02
9.412232049543724222e-02
-1.628426300217183931e-01
2.279361687432162470e-02
-1.499978596537779665e-02
-6.224849272586301108e-02
-5.136553281178950214e-03
-9.674955660178176375e-02
1.518009308500388455e-02
-1.068137526703288875e-03
4.947721995866787015e-02
9.682626700187751956e-02
-1.206260244260358439e-01
5.680516419950770030e-02
-5.311963763513406767e-02
1.691719149869295308e-02
-4.765925842314910899e-02
1.890659417522986413e-02
-3.479814367579325135e-02
-3.189054700144494658e-03
5.099369895929502933e-02
4.686345239142283153e-02
7.931401518102204617e-03
-8.362159629028062535e-02
5.726401277686620633e-02
-1.642362014923315350e-02
-7.949365561560430005e-03
-1.144515185642881600e-01
-1.327160674350024439e-01
1.069541751254319412e-02
-6.818922075350414280e-02
-3.831264087339740498e-03
-2.458155714180280602e-02
-1.464568265246075363e-01
-5.236053006557385425e-02
-1.387842880394540152e-02
-6.020811588647755758e-02
-1.790759565425379396e-01
-2.047834960894685807e-02
5.066767127526287939e-03
-5.481177185954069775e-02
1.402018926772847021e-02
1.975392760259646330e-02
2.966398809656692337e-02
-3.453188762248594196e-02
-8.373422829570184578e-02
1.090551763617726572e-01
-6.837548450906034969e-02
1.080820684537469115e-02
2.342988342602173035e-04
-2.160656785628739529e-03
6.551494801306054216e-02
4.609107595549245123e-02
-1.174696551257605054e-01
5.405902312776256213e-02
3.062001116561945818e-02
5.755425260482723709e-02
1.308548433927015087e-01
-1.039731931136655407e-01
-7.869018692244440782e-02
3.307287829989787042e-02
-6.715283521118450838e-02
-2.783082049408572983e-02
3.530717268686668631e-02
-1.077077783950098483e-01
-4.192743259578905757e-03
2.053116393808718590e-02
-3.751713310468790530e-02
1.098921393007818437e-01
4.324384989366976406e-02
-2.878762717698535312e-02
3.026802111354369787e-02
2.555486444436172108e-02
-1.447446166669826284e-01
-2.750022186046328920e-03
4.551050510994585074e-02
-4.670368960219667409e-02
7.750527784013054589e-02
9.171450498436775622e-02
-5.240569444058193471e-02
-3.805496640208066994e-02
-1.831422051214234847e-02
4.370944019902191918e-02
4.364072780316829298e-02
-7.119402314133273235e-02
-1.984850275810381287e-02
-5.671863283039818571e-02
-6.778424076811324916e-02
-5.550751847220800061e-02
-4.775810865791772775e-02
-1.033388999169325070e-03
-2.217076644248292677e-02
-1.090213723691853959e-02
3.986610789040866132e-02
-4.244195182724228022e-02
-2.170625139929778513e-02
-7.967463861205685560e-02
-5.868849329578165741e-02
-1.100219628615182049e-01
-2.115782563853506604e-01
-5.271662760692362448e-02
6.609625343883750170e-02
1.005389709385794972e-01
-6.248191744227476335e-02
-7.613923169489096587e-02
-4.986765542189471045e-02
5.875161473904470799e-02
-1.497348384462147686e-01
6.082946740439990063e-02
2.857867435534381870e-02
3.719123894463390034e-02
-8.970408170996455044e-02
5.196406239625941254e-02
-5.504816905867168653e-02
-1.195344560966267872e-01
1.370193903541863101e-01
2.119596405866862321e-02
-2.724526247425475625e-02
-1.883208406625926090e-02
2.783035584839577831e-02
1.168605025454943352e-02
-9.367195116367126040e-03
-1.295925667985746953e-02
4.850776252055927218e-02
-1.954986532655560438e-01
-3.561669606133662652e-02
1.522344563548387597e-02
1.105892381263101111e-02
7.521259173524355579e-02
-1.929190535596379125e-02
-2.313604323496528531e-02
-3.825373022783046251e-02
-1.784380858254246138e-01
4.034867687041848727e-02
5.806407566125763864e-02
-1.179675265520211541e-02
1.735982299261481371e-02
-6.280292599232441264e-02
3.907016521424454270e-02
4.262132748363182955e-02
1.274161669210905345e-01
5.259173518050219709e-02
-5.049041370899641501e-03
6.478644786417149526e-02
-1.322729079446328948e-01
-5.600375768130470139e-02
6.724085743176037508e-03
-5.095103427225994991e-02
1.739983429910942764e-02
-1.127959258972702217e-01
-1.352777080700227064e-01
-5.031519622731208535e-02
-3.369067516266464890e-02
1.006764388798843946e-01
-2.272253167581791966e-02
-1.613122248317270038e-02
1.646336708674709867e-02
-7.006017316513049598e-02
8.971979801936541543e-02
-3.163355915795261486e-02
-5.614935578805448080e-02
3.626486428164959336e-02
-2.805627458716680386e-02
-1.278444304136497345e-02
3.429041271009891645e-02
3.886128094939433203e-02
1.731468687451105659e-02
-5.121997301004231617e-03
-3.699914214627210429e-03
-2.905042661757500227e-02
2.602415960407092332e-02
4.047637812937559393e-02
6.466244609265332788e-02
-1.605200150817716331e-02
-8.508688259876070678e-03
-7.059097043051118514e-02
-6.935528957181801013e-02
1.286022950947169896e-01
-6.919897374613542818e-03
-4.350919928198216519e-02
2.912467123960486848e-02
2.111955759186372877e-02
8.374810839727153677e-02
6.594353294550656108e-02
-5.277633650738644544e-02
-7.023883893193746952e-02
1.104193425495453469e-02
-4.224245788933739254e-03
-1.615869942413035443e-02
8.623753564047928477e-02
-9.223421740725847723e-03
3.155846169287095104e-03
-5.346089210999541153e-02
-1.263866383729395360e-01
-7.579066203703319071e-02
5.896890864550684980e-02
-1.347787442149320225e-01
5.413065504100229852e-02
1.840227210985822398e-02
-3.048530197444616896e-02
5.342701803637607549e-02
-4.680791654080098535e-02
1.145947409428181851e-01
-9.812312331265579668e-02
-9.145339128964394271e-02
-3.008325289332450247e-02
-1.426959339031938501e-02
3.767210424685352860e-02
-1.043103545099331314e-01
1.817454466065957647e-02
-4.013726705637521430e-02
-2.713391151768936374e-02
1.900739324558406787e-02
4.217755139691572314e-02
4.876401963996356004e-02
7.037478039346447764e-03
-1.077288065606812617e-01
-5.914591632192803955e-02
5.177918269659689127e-02
-2.083452123643969589e-02
9.698798831205532323e-02
3.981528876608218803e-02
3.179939880573537381e-02
-7.808147320006873782e-02
4.227965729613744617e-02
-6.508596398766941515e-02
8.430266922412243957e-02
2.753578759531024461e-02
7.049055533737072499e-02
1.629632196466603358e-02
1.613047076210905734e-02
-9.378488491119589543e-02
4.597077705785379553e-03
5.681258715613340948e-03
2.322051428633502973e-02
-1.816231301038983004e-01
-3.612125622741426539e-02
-2.840414383709548296e-02
2.617569272173005113e-02
-3.158326303748217045e-02
-1.804509982840305990e-02
5.819185513472992233e-02
-9.624368062941802970e-02
-3.051861270050695851e-02
-7.868092496625379850e-02
1.427576986560380110e-02
4.558625730637259899e-02
-1.071053524707692023e-01
-9.484525117686778972e-02
-6.162387414417780374e-02
2.946682095933244802e-02
-7.448300991041123878e-03
1.284200463122506242e-01
-4.240263638209880448e-02
-6.966221675125516821e-02
-1.047293678744311840e-01
5.893996001973771494e-04
3.842309184948013850e-03
1.357999389110095718e-02
8.331426389190672854e-02
8.603181806987517111e-02
3.904156897580170898e-02
1.407882191533133820e-01
7.056606765650533242e-02
-2.828818461058132255e-02
1.459734543634453457e-02
-9.069545690954119999e-02
-2.522410505954997273e-02
-4.172495126463945242e-02
-1.129534902208368108e-01
9.618098982556647081e-02
4.898894346847575132e-02
1.253284940983019347e-01
-2.289922256154722918e-02
1.739660186625232793e-02
-6.028782219175517210e-02
-3.694431164586924055e-02
-1.106681762775574285e-02
-1.142295878711537330e-02
4.199506890959877475e-02
-5.741388543845564463e-02
8.590824574156832871e-02
7.590000351466777428e-02
2.256129913286666899e-02
9.918770534037846254e-02
2.442801850551197182e-02
1.156617327733633349e-02
-1.258574264957056654e-01
6.247225493371963423e-02
-8.451863660533638634e-03
-4.529142491828110073e-02
1.449686415035876530e-02
-8.320898090926887036e-02
-4.389015933710688211e-02
-5.185144742731420675e-02
-5.182904050987621747e-02
3.790687382179009496e-02
7.034477180412671005e-02
4.818557622503980009e-02
-3.584340566639685616e-02
2.136805699481034507e-02
3.507163286253228707e-02
-2.008240772241740718e-03
1.211915471311591219e-01
-1.722243014004937178e-02
2.903671614962083369e-02
1.350394862688561737e-01
6.852171885406441176e-02
4.701102225319177264e-02
-1.013115351143203252e-01
-2.563260603000909119e-02
2.378268288052740737e-02
-3.347838408360805790e-02
-1.862899908823248685e-01
-4.482756940202351631e-02
1.140845450744402828e-01
-3.885243970600738006e-02
3.580685135674769454e-02
-7.457705896937527612e-02
3.930394819899839243e-02
-3.790353488701159873e-02
1.949821380468144683e-02
6.637752326347212684e-02
-6.483081111365122939e-02
-1.307881123345611823e-02
1.105413021169796700e-01
-5.494878125899398807e-02
6.706886674337678156e-02
2.485037266227217018e-02
-5.838579167220306343e-02
-7.560269101729773233e-02
-3.515740067485836201e-02
-9.906927082566267806e-02
5.345019942696845050e-02
7.645964412219817541e-02
-5.188467114144772185e-02
6.255544461590111655e-03
-4.935174755305399286e-02
-1.261995987536462249e-01
4.437396532671284560e-02
-1.940472593850300909e-02
-1.101497282914558062e-01
7.219805730274296562e-02
-2.162452650622693692e-02
5.839697520333871072e-02
-1.682397156379781544e-01
-2.152021332900392117e-02
-9.782403167636152808e-02
2.009315745653592056e-03
4.370874587248014392e-03
-4.506782129009685722e-03
-4.644010357567009140e-02
1.160991765467164760e-02
-1.962469268428888164e-02
-4.961905258768379429e-02
4.480605144724120192e-02
1.294991217866871547e-01
5.328658622221876459e-03
-3.765078244834106636e-02
-4.315278860978025155e-02
3.904767490222885162e-02
-2.032898195041279998e-02
1.458886140632294215e-01
-6.624534583642330277e-03
-9.186445443819295231e-02
-2.320549956199638442e-02
-1.602537388375377403e-02
3.478229890511654043e-02
-7.007991135647644032e-02
1.102461998478591332e-01
-5.993757089457490972e-02
3.402197583276206361e-02
-2.693798423137092751e-02
7.295027142191094771e-02
-3.185738977735325106e-02
-8.777457760281681676e-02
3.679404352457095462e-03
4.023742868581359905e-02
-2.404844215575036026e-02
4.635064404580699349e-02
-3.342541873207928449e-02
5.055015777706376584e-02
1.201587176220942355e-01
-3.755498643099593886e-02
-8.979843227520112325e-02
2.850264540209243927e-02
9.489370012358283590e-02
1.745625446024596378e-02
1.071255909554112012e-01
-1.339418776282245704e-01
2.238631846171539735e-02
5.902221564235286128e-02
-4.531264685502624234e-02
4.178640385312982000e-03
-8.122440239628503367e-02
3.042755400610223926e-02
-8.610462524852026400e-02
-1.953336567241596017e-02
8.373099585832574632e-02
-3.398953448856852078e-02
-1.479141450918690093e-01
-3.100901866331616345e-03
-3.753603778023066606e-02
-6.757244136193064910e-02
7.162355131027012267e-02
1.177630988270789436e-01
-6.425367884966964871e-02
1.229593649165975633e-01
-1.941689426572323213e-02
6.423303531934113075e-03
-1.028160467695057034e-01
-5.691621191807976626e-02
-6.518464326823386612e-02
-7.539700035372844111e-02
-3.160543347819998183e-02
5.004516743660517020e-02
-6.885317135932811361e-02
-7.771014395796504992e-02
-5.067139177217763052e-02
2.366413839182089640e-04
-7.006747250469019805e-02
-1.277325216635705751e-01
1.298092625476611195e-01
-5.295962028696449275e-02
2.456797488454566525e-02
-7.759842256402224581e-02
-6.213880684522313236e-02
1.872542667837244143e-02
-1.152326644569312275e-01
9.054411944601445383e-02
8.666536941047595088e-02
1.019423343573573337e-01
9.388958118083197413e-02
-7.834581730214082440e-02
5.869493117841013269e-02
-7.306177581501536664e-03
-6.151109759508840286e-02
4.859785536030726549e-02
-3.004280830836476152e-02
3.768963020387119250e-02
-3.297903743452531428e-02
-1.971206863367976764e-02
1.631703213263002716e-03
-5.324030883732396024e-02
-1.077654837085719880e-01
-1.176181283604337685e-01
-1.496873435407169300e-02
2.033434528694200161e-03
-1.071058525374196518e-01
1.444568884585006006e-02
-6.996826121572713442e-02
-2.246292178086047031e-02
5.713024035883632751e-02
-1.090521761910904774e-01
2.646797368683565313e-02
9.542400822806795802e-02
1.103203720426112616e-01
-5.702687488202713706e-02
-6.598821740285176762e-02
2.548611826588697074e-02
-4.214226355175744454e-02
-1.085911036201673979e-01
-5.620508149146263843e-02
8.704989347048514015e-02
-1.334620148446430954e-01
-1.533531033417864231e-01
-2.922036730113686948e-02
-4.218043836024380766e-02
9.681861305013153562e-02
4.076025464433556678e-02
9.964436040821020302e-03
2.060981480690354459e-02
1.059192498817676797e-01
-2.269170630769276262e-02
5.559958621771011328e-02
-5.253007918097239715e-02
9.682196828625840024e-02
-1.409917994626253522e-02
-4.819474412395757801e-02
-5.451102067900383263e-02
-1.277584254843942835e-02
-4.931654369300865481e-02
1.048327979399083926e-01
-8.231122054054865189e-03
3.621694352429228117e-03
-3.137256417339703840e-02
-6.995326881437967381e-03
7.433067883613206361e-02
-4.239603496962879997e-02
-7.947186165229420951e-02
9.086870332482915869e-02
6.202187029251821082e-04
-5.758631188788086892e-03
-7.275283209835364806e-03
1.184277726377435530e-02
2.154216395602009254e-02
-9.381662173240691571e-02
-6.741581955546686877e-02
8.459897460287989224e-03
6.699093015871378232e-02
-5.631161239102919214e-02
4.407485064150961501e-03
1.812765311790908926e-02
5.885466838389205591e-02
4.220666708689883861e-02
-2.500040207261484612e-02
8.854460711146534824e-02
-8.831588373660970159e-02
-4.111355598429139446e-02
-2.054425569649214606e-02
2.992611881611380309e-02
-7.363337704736069855e-02
3.795019875731540926e-02
-4.332701588192551523e-02
-1.201315037105915168e-01
-1.012255548831950125e-02
-2.602363288527850815e-02
-1.067661191556004002e-02
-7.969165136229036661e-02
-5.630720120362570080e-02
3.703788108224026487e-03
4.134817877392257118e-02
-1.574309678176728095e-02
3.170234318805723733e-02
-2.554263112783672351e-03
-4.334780544258325791e-02
1.255103420539321196e-02
-1.012221530977349196e-02
-5.477359183526763625e-02
7.241702529806962052e-02
1.167052324448044492e-01
2.909991013203776233e-02
1.212894180984173953e-02
3.728783237879698675e-02
-5.097494253667246566e-02
8.719557569615639381e-02
2.498185380421795790e-02
5.062890957092952560e-02
1.074118291273492287e-01
2.075334747335137210e-03
7.814759350315687858e-02
-2.868183642909745423e-02
1.767322254672706178e-02
8.966521637298152658e-02
9.513955454962686603e-04
-1.515670170493279428e-03
-5.776745834866073293e-02
-1.741632378235259959e-01
3.885418583895218492e-02
-2.621011002783972532e-02
-8.599096309843592967e-02
4.043707625025590169e-02
5.139662373656248007e-02
-1.070674697703485334e-01
-1.065843948518673950e-01
-6.872230678951690708e-02
-8.421270380004917955e-02
7.043574868612714757e-02
-8.214899689865413912e-02
5.914564191788494046e-02
-9.040974473786550503e-02
2.002987238788220548e-01
7.399430471575373092e-02
2.981344371663711273e-02
5.499703054115535200e-02
2.880277171654495316e-02
3.105626950935637745e-02
3.865401041640970092e-02
2.711249159068906261e-02
3.200863813055113138e-02
-6.392601863474582646e-02
6.950345215325995363e-02
3.862143625077245346e-02
8.888561334560296512e-02
9.286412182989926128e-03
-5.562610351215691029e-03
3.311893141312351879e-02
-1.241605728749492835e-02
-1.623325880323359671e-01
-1.987766784828437494e-02
1.254978868934059945e-02
-5.830231917566029015e-02
4.012055376298142434e-02
1.118247755786695580e-01
-7.476661394266302663e-03
-3.188823232242832262e-02
5.437085668963201335e-02
3.754336239296353350e-02
-8.036183253032017082e-02
-2.084998278906618693e-02
-1.647268851124972233e-02
5.774178774263498404e-02
-7.014935424029634242e-03
4.997978562643591582e-03
-9.470773161196120726e-03
-7.542570762117556393e-02
-8.401356258748904349e-02
-8.790681486752598139e-02
-3.608866097018241514e-02
-2.792727515185082499e-02
1.147707799115846444e-01
-4.794679039601523751e-02
-1.088539105710660260e-01
-7.201461671204317794e-02
1.324682163403098981e-03
9.065980292069994451e-02
4.580996099003849242e-02
-3.195808116948910260e-03
2.578350054199850250e-02
6.242219634538477557e-02
3.929422151785976619e-02
3.660713611350383673e-02
9.515863924705469934e-02
6.185300385535927314e-03
-3.840288043598272250e-02
-4.248390366965282272e-02
-5.419109967254656657e-02
2.155340219431769316e-02
-5.431116697645600039e-02
2.771779758417303174e-02
1.590872930394880008e-02
3.222730752048812153e-02
9.920315397176449057e-02
-9.110576430257724678e-02
-1.557475105519496097e-02
-4.240010324959980759e-02
-3.424593478033202687e-02
3.196750428752005713e-02
-1.755797927431661520e-01
-2.443633708277517802e-02
-9.941440468138601494e-02
-4.058365737771878201e-02
-4.169390084470224467e-02
-4.714070355617291236e-02
-7.992925672511827506e-02
9.764782018439187306e-03
9.474322697856052411e-02
7.998465574988518345e-02
5.338011756451286477e-02
3.385461011841860157e-02
-1.432931704002914260e-02
-8.316946925709217675e-02
-3.085705063471415321e-02
4.406630163082312507e-02
-5.231378516279713148e-02
-3.182086836658515328e-02
-8.749110134326530674e-02
8.380997345001646448e-02
-1.021765753753113709e-01
-1.620897914134696721e-02
1.509467195851837973e-01
-8.814415991723065225e-02
-1.334019302773960421e-02
-1.535376697968472703e-03
-4.692274984467426774e-02
6.956034054509473152e-02
-8.318396885646162781e-03
-5.244757222145111225e-02
5.215825938311265120e-02
-6.097140989959186352e-02
-1.276591318895053950e-01
8.467303541324953942e-02
-6.810891077901287671e-02
6.177509373059499043e-02
-4.725876430276673701e-02
2.579458762359764477e-04
-1.666281563816867511e-02
-4.228750850152340757e-03
3.669132951945824200e-02
-2.472633022457911695e-02
-4.657558247925683986e-02
-1.138310796326350571e-01
4.169164671965984448e-02
-1.101369970174535806e-02
-7.519237175498012793e-02
-9.982037937799104199e-02
-7.394196454643234273e-02
7.095836361190165087e-02
-6.967635490061550863e-02
-6.822233339852500078e-02
-4.682390629758545475e-02
3.194470098607306296e-02
3.616087341483795181e-02
-6.995903755669701657e-03
-9.035026211622777803e-02
2.931112113261859914e-02
7.219011593972302770e-03
1.291291090469820491e-01
1.243349982001748510e-03
-2.642769648460845111e-02
3.194036271942348598e-02
-1.002455893944850102e-01
-3.891864226409219585e-03
-7.208917729920318040e-02
6.348289772980184043e-02
-1.767547870355801187e-02
-8.706851218187436348e-02
7.543336460170455005e-02
-1.150127771237796220e-01
3.594088870814526188e-02
-5.610937388868528219e-02
-5.263257272219810240e-02
-6.320563153245416232e-02
-7.216693130060782002e-02
-5.567890392653300491e-02
-1.047710650693332857e-01
-1.104902164087755989e-01
-3.306508626238898602e-02
-2.331917605317665454e-02
-1.323144348015942717e-01
-4.851618323704537383e-02
-5.700305967448143080e-02
3.745000715377568012e-02
-8.273886240130874647e-02
6.573551920434113349e-02
-8.333775080760638665e-02
5.049217805470620352e-02
5.107432737785722043e-02
-6.115628000296340766e-03
-6.102406455985318057e-02
-2.132332411746388004e-02
-3.434155533992469533e-03
-2.867532543927402144e-02
1.735026759882802444e-02
4.160624551751106182e-02
2.167007903001374330e-02
1.931826591561867229e-02
-6.020546402096989269e-05
-5.735388303086404183e-02
5.930482145085661655e-02
5.557255614945494360e-03
-6.763139374635644685e-02
-4.332552152752784658e-02
-5.873507459162458783e-02
-1.286604131581368105e-01
-5.974702011028276694e-02
-3.451026958851783830e-03
7.506863863228739608e-02
-5.822100660949244139e-02
-8.866548767255574837e-02
2.193396605729612536e-03
1.381871328919120900e-03
-3.684284911249907646e-02
-5.716866187360520463e-02
-2.670408774942173435e-02
2.981609744210326346e-02
-3.765358166941831786e-02
3.983639030303876699e-02
4.542745677952016864e-02
-1.968886686693722965e-02
-3.643421137068545562e-02
2.556218030298182398e-02
5.417929521967507211e-02
2.551642409805924411e-02
5.360309067673139916e-02
2.874737037483279106e-02
5.992163421219614400e-02
6.822918559091824264e-02
-6.063372406241002849e-02
-7.753838803779487809e-02
-5.944441164616244555e-02
2.813408996800622480e-02
-1.190626774566660995e-03
1.240496611127173479e-02
8.001993646353425249e-02
7.540763028428251746e-02
-4.565846868665601743e-02
-4.067369699048958842e-02
-1.691952384993179737e-02
-2.503866453545366619e-02
1.125553236661500089e-02
-1.288506456647650067e-01
2.343741479331350186e-02
-4.512172239390564721e-03
5.084455689424124264e-02
-5.904127706570668627e-02
4.638293650506117305e-02
-8.290857775051140022e-02
3.888073451978918404e-02
9.435093920349699181e-02
4.221210988643080836e-02
-1.024203504659126490e-01
3.944228695761527181e-02
1.516524445662326137e-01
4.344252609240231711e-02
-9.034826964595134291e-02
-6.299330152521251391e-02
-7.842392438606216043e-02
-1.839125645476366588e-02
-6.756696795558372881e-02
-1.622517305003964849e-02
-1.140304393455444099e-01
-1.331996405977536324e-01
-5.108818202336197489e-02
-3.014308504440101066e-02
1.853438232342939640e-01
2.080750171128931472e-02
2.020677304287957915e-03
2.118019098127601335e-02
1.142080608186239465e-01
3.720637140317413494e-02
1.590598562604520622e-02
5.735712757389261479e-02
2.517521593066699911e-02
-5.186389622268371830e-02
-8.175554499685552812e-02
-5.976780164054848465e-02
-1.117227890691134887e-02
3.321480451717687826e-02
2.251300670986996350e-02
-5.721562030511016805e-02
-2.950429918004149332e-02
-1.400593979085096308e-04
9.871519553727614582e-02
2.382111692116033880e-02
3.419594208298375182e-02
-1.641454615126319849e-02
1.861673507558623819e-01
9.596380097854993046e-03
-1.391029498197265957e-02
-1.079037750414195002e-01
4.864250460990990343e-02
1.084997413073924416e-02
1.323198005620927417e-02
1.431987066438487333e-01
1.471079159888633303e-01
-3.408845392112216932e-02
1.015605119806642920e-01
3.079715204259728459e-02
1.766714719838782723e-03
-3.119175992317084478e-03
8.056086194323471006e-03
-2.874363005536326870e-02
-1.012670927391785547e-01
-4.716553313900449795e-02
-2.099828192213549355e-02
5.167614865868638135e-03
-6.617508146946540770e-02
-9.481418172308131442e-02
1.885409708828583719e-02
5.068263959525666495e-02
2.234253051000916618e-02
-9.491103535417655390e-02
7.454025219600948771e-02
-1.661193667704554539e-02
8.907804669361811534e-02
-8.463599152923463598e-02
9.289100841897118821e-02
-7.461108829839517564e-03
8.646448875027629155e-02
-2.885205523562433400e-02
6.813636769195233200e-02
-8.624654869731812612e-02
-6.367470434093727705e-02
3.472897897599251660e-02
-1.107160049686378017e-02
-9.255338215410577329e-02
6.176718581874698043e-03
-1.584362798655646401e-02
1.020308701134639007e-01
7.655720218992773107e-02
6.870038847492340728e-02
-1.128005034382874999e-01
-4.602147692358171671e-03
-3.262695869243679297e-02
-5.009584278082182540e-02
-1.685797508434867531e-01
-5.187175860775893044e-02
-1.426498438750421413e-03
7.550919565922001309e-02
6.094637553231278121e-02
-6.992131196117837288e-02
-1.880415259648707260e-02
8.739736910237630441e-02
3.469992257222390825e-02
-8.704321099437195564e-03
-1.314340914288551418e-02
-7.638615138292380313e-02
-1.620317613246572558e-02
-4.050533863954697972e-02
3.823021011807636871e-02
7.314772825693102720e-02
6.534900625316400480e-02
-1.063590117443930227e-01
-1.112400381032811053e-02
-4.647351541250931833e-02
1.569825415310196343e-02
-1.521721497174899351e-02
9.049936517372611511e-04
-2.384968356877762916e-02
-8.223444713778149673e-02
7.663386421936005388e-02
-2.935683350302127625e-02
-1.141326634890478392e-01
3.227754507790843441e-02
-1.238065216472223617e-01
-9.995530713711082982e-02
3.198902994209244788e-02
-4.260081982792794826e-03
4.241677728380494061e-03
-2.045836563095178307e-02
1.061723507142491724e-04
-1.753340562636689776e-02
4.651113074821494608e-02
4.528575785494316774e-02
-8.848290410111502025e-03
-9.815885636697796457e-02
-9.105835798235301093e-02
-8.198098982575369176e-03
1.050992904530152761e-02
-5.689133612533935069e-02
6.123764933240447711e-02
-5.530893114177869857e-02
7.619145430859004808e-02
2.501046364600571434e-02
4.871829429488346713e-02
9.707491338069726416e-02
-1.170093276142408351e-01
-1.656872201073399942e-01
1.715736558834442538e-01
3.360384717296721613e-02
-1.410391039842661953e-01
-8.979826736657106623e-02
-2.864375736492980051e-03
4.201634137878332287e-02
1.359900225247607369e-02
3.524710326248373798e-02
9.741879974316559887e-02
-7.631171420912680192e-02
-8.927844406855803272e-02
8.326812750749454373e-02
-6.893675010494235145e-02
-8.808066960380735166e-02
1.019067968057808110e-01
-1.188922375277418758e-02
9.402403163091960225e-02
-9.382181690448769540e-02
6.251069716566098888e-02
-9.659441385234127098e-03
-1.567976584301128962e-01
-1.033273811472307513e-01
6.525382431983939302e-02
5.026902734137759371e-02
-2.303159702548597532e-02
5.121965721527581283e-02
-6.169034958369694344e-02
1.344595375187951358e-01
-1.442449284688396283e-02
1.240779512931688561e-01
-1.891604263727147267e-02
-1.174958073884827675e-02
8.652431429351202519e-02
-1.276369220673082006e-01
5.946023954227824815e-02
-7.393420776869713551e-02
1.056330460720766029e-01
-3.913637336315179543e-02
6.437822009006020918e-02
1.022474553817951520e-02
-3.343752068998857852e-02
3.825468663691501681e-02
-1.129214999794619229e-01
-1.294097230325103598e-01
8.059722097209166131e-03
-8.626418223901566318e-02
3.007164094091972079e-02
-8.255880653130973079e-03
5.089531478698708367e-02
-4.161410165782384457e-02
3.909675547201016399e-02
-7.031211272373330545e-02
7.150053705133851967e-02
1.435460698050745609e-01
-3.124445020396389439e-02
-1.297699905211060004e-02
2.083258698756348254e-02
8.003743165440523055e-02
1.170477947457779777e-01
2.699238323814671589e-02
8.801638010267343049e-02
2.930375829391292097e-02
1.744446930696044035e-02
-2.260192942800493682e-02
-1.372679956048654913e-02
-1.681994402751754714e-03
-1.773084971754768091e-02
-7.782859381216514216e-02
-1.066965929410461228e-01
-4.411897930111483707e-02
1.097344696500519856e-01
-3.471130883993214788e-02
-1.231241325834687844e-01
-2.308792915220163333e-02
-1.259435595515862316e-01
-2.865985128167867005e-02
-1.305490354755819982e-02
-6.756545565283963994e-02
-1.115847580159189251e-01
-5.924479451066059360e-02
3.691945671024965056e-03
-8.431152967997210257e-02
1.103901160234622147e-01
1.424788225449208183e-02
1.079666952963581339e-01
-3.141262062014544415e-02
-1.126790600210633361e-02
-5.846179340327058160e-02
-8.511559130811696683e-02
-5.242425649867263338e-02
4.077523628924829141e-02
1.123600997226642251e-01
-5.907289881481130045e-02
8.983254260675144209e-03
6.008426034085586481e-02
-2.437476186368434800e-02
-2.922893282040217242e-02
1.403938052569786987e-01
-2.326487169727697521e-02
4.997019374686549609e-02
1.738707282129033777e-02
-4.232486798629831598e-02
-2.342551399617381208e-02
3.933294035442353592e-02
-1.985893569276743834e-02
4.078461456337374030e-02
7.235360223039072336e-02
-3.642760072479017674e-02
-2.292787090523981663e-02
-8.936184094380082710e-02
3.379541877563491115e-02
-3.634407174460720091e-02
6.331058566839234403e-02
-3.410327387966306800e-02
-7.831904822944028843e-02
-3.450767748110405292e-02
4.012683229957059172e-02
2.455663969347489373e-02
8.710453088663946963e-02
-3.677291345066506512e-02
-8.587402349786749101e-03
-1.179391691228139916e-01
-1.408080186284053556e-02
5.250354734272151547e-02
3.254728717727133069e-03
-3.640533154672381116e-02
-1.383581757976556914e-01
7.440445743351516150e-04
-1.328143165410883564e-01
-3.100997433631048905e-03
-6.806512632215347414e-02
-1.944523274349812536e-01
3.244984983220701447e-02
8.013670771806064019e-02
-2.528437955525139613e-02
-8.162846429049594454e-02
-4.984127148647895383e-02
5.236355029925232607e-02
1.294864312936359202e-02
-1.047953690335113458e-01
-1.908938964616629236e-02
-1.190776677189098326e-01
-3.688044407356677601e-03
1.004851483892610087e-01
2.146998898813773371e-02
-2.298506181493199102e-02
2.487097539074980407e-02
1.003503045357781731e-01
6.870588339504962727e-02
-7.814159559717287484e-02
5.166782500642186360e-02
-1.687113837477616923e-02
-1.024323039469428875e-01
-1.030669339409097107e-01
-7.046025776594487533e-02
-3.610482529091343928e-02
-9.510230414263267512e-03
1.995729162160768053e-02
4.582265541803505482e-02
-3.435847542417955203e-02
-2.488053331964829029e-02
-1.098437406804385064e-01
4.663146725399432840e-02
1.812976499560314120e-03
1.044807425798223166e-01
-1.062167682834303239e-01
-4.717302297860911237e-02
1.004552159091759433e-01
-6.889010516995927591e-02
-7.336212137498948627e-02
-5.243316180728295473e-02
1.791524324256985046e-02
1.423612662374476416e-02
4.735409398116258162e-02
5.495733116743974772e-02
2.685022873495612403e-02
9.226030988674828459e-02
1.451531590099003344e-02
9.900770616734015650e-02
3.452811214287401266e-03
1.933610940849645604e-02
-7.996660365841619378e-02
-4.494748040980041381e-02
-6.847524880373496992e-02
1.371781283934771778e-01
3.739862097595978568e-02
-6.557184317641490123e-02
-2.690373839784660631e-02
4.491496280363242027e-02
5.688632283631351455e-02
-5.172158928930042920e-02
-6.436094771401480730e-02
1.750070570713879725e-02
-7.945402139387727769e-02
-2.354530547496235318e-02
3.229497685425867376e-02
5.297475193560864659e-02
-1.698020204002022998e-02
-2.002580096166899082e-02
1.552019847462602353e-01
-9.348474007290499821e-02
-1.487225316063474634e-01
1.228639823502090077e-02
5.189605547276078534e-03
3.542201195150469772e-02
-3.058878737636627765e-02
-1.009924786833465149e-01
-3.697650441561057405e-02
-1.142740248473715914e-01
-6.965059651936338081e-02
2.223450167009796696e-03
4.867003228195679321e-02
1.328126624484388119e-01
-7.504917051287893215e-02
7.779300245779743883e-02
-6.940345240492988566e-02
-7.606739396950980281e-03
-4.835716409751314449e-02
-3.536090048857362667e-02
-3.773399726483685906e-02
6.190202462026976604e-02
4.844055431017596502e-03
-8.078541208172026339e-03
2.931819237509674519e-02
-1.026633394590100584e-02
-2.113462301915939451e-02
6.050023976954110178e-02
5.523964763680490331e-02
-5.193371403243747866e-03
1.390692284247586896e-02
1.092512253117232032e-02
1.091788264995272040e-03
6.432343395746795145e-02
-5.774246233435965936e-02
-1.344962904213514721e-01
-7.365375452926033184e-02
4.113234213112820781e-02
1.079843040704140181e-02
7.683787466870575789e-02
-3.845209024631122269e-02
1.193242006440905362e-01
7.774112834741388547e-03
-1.726150328393257632e-02
5.723942026233952429e-02
-1.918745308796511798e-02
2.094349389524228708e-02
5.857609410101984049e-02
1.099518750867409245e-01
6.108237147200303030e-03
7.171970415939143972e-03
-8.560118724938710344e-02
-1.823747023871629541e-02
1.532241490601812112e-02
2.687044196246953648e-02
-8.522381294783655525e-02
-1.020488890368058121e-01
-2.976126266678246271e-02
-1.062581795314178068e-01
2.026052570565866490e-02
1.063561197069791062e-02
9.598315119651570915e-02
-2.529737481203397226e-02
-9.034590515641496844e-02
-5.626560812938139616e-02
-2.176064779026667256e-02
5.106663599519446761e-02
6.372235916329078119e-03
2.879441077779469962e-02
3.497302997016477066e-02
2.128731604042526093e-03
-1.031591997516257408e-01
-3.325950841601094804e-02
-8.385938385518904026e-03
4.424164524593399150e-02
-1.334109450036674582e-01
-6.458980592437887913e-02
4.326438616765043710e-02
-9.139902245802514202e-02
-2.819130048377444658e-02
7.516341909618515227e-04
-1.401357312750659001e-02
-1.777720911259481062e-02
-1.573003448663417569e-01
7.337345915646467653e-02
3.045598187233873946e-02
5.954614985918348265e-03
6.214134598651590430e-02
-1.861204487805442898e-01
4.413220515487560613e-02
-1.113805105976195531e-01
3.057280990341342680e-02
-7.075388911056956776e-02
-1.957033578020026671e-02
-6.084558403400559812e-03
2.379277280320034327e-02
6.522385004735410663e-02
-6.886572546440283826e-02
9.057898988466230733e-03
6.268213779718995182e-02
-2.207321749772524211e-02
-1.010339539862360574e-02
1.333423782429465736e-02
-1.041271692449404762e-01
-3.764343541024305073e-02
-9.784458835448064939e-02
3.075790328363676995e-02
-1.620122290659741227e-01
5.978158868820226957e-02
3.828664941040163527e-02
2.925937416048530332e-02
7.388878316382666012e-02
1.265502127188490311e-01
-4.682450766571667755e-02
5.237425111647046883e-02
1.590795482144734263e-02
1.066556559491292633e-01
1.387106053094377955e-01
-3.693577133771450832e-02
-8.329263422742505529e-02
-1.036486418571757207e-03
-3.945841442360873558e-02
3.901551865556143750e-03
1.072112592204760156e-01
-4.200351839489688266e-02
5.485127896359216770e-02
-9.381103315988265079e-03
5.101188903231011068e-02
4.014812310739854229e-02
5.085847913073714144e-02
4.580332878611678704e-02
-7.811422824144675925e-02
3.152883071510605151e-03
-2.009420288133334509e-02
3.961012995073122378e-02
6.980128306495171631e-02
-3.193429363698790935e-02
-7.504556171561448108e-02
7.278405952265094847e-03
-1.217464804599453776e-01
-1.464848046330314568e-01
-5.412058466569510257e-02
-2.148367080127389431e-02
-5.847903139057836208e-03
-5.700271273020177804e-02
-9.664175834060724501e-02
-7.915036670899983084e-02
-1.570649937501958360e-03
7.063467507593804151e-02
-3.780011121134291274e-02
-8.257442783301546796e-02
-2.782994528521171712e-02
6.514927965784635122e-02
-1.971412218543333594e-02
-6.911838962555434673e-02
4.272978294096927560e-03
-1.767073853688977403e-02
1.253640339052786434e-01
-1.341670150611633250e-01
2.369706172576077630e-02
-6.112410805692529425e-02
3.519067896130598921e-02
-3.339262522770836128e-02
-1.219924230101499252e-01
-1.031859947658441690e-01
-6.148589275445835722e-02
-4.634531940983471071e-02
-1.409596554727535894e-02
-1.201789485976063609e-01
4.867537506046805407e-02
-2.050943730083555627e-03
-8.333771745459614411e-02
-9.511607117697001845e-02
-9.553027476150115216e-02
-1.140215208634747929e-01
-3.520037606340860326e-02
-3.010500816259422882e-02
-7.736274164938286568e-03
2.275378980765389580e-01
-6.878010291006389498e-02
5.386750715463779760e-02
3.933020433844131025e-02
4.386471317094602085e-02
-5.594227319235030305e-02
7.949936226659125305e-02
9.852957134452716703e-02
-6.002054170543096034e-02
-7.869888020475722390e-02
-4.091018426884228398e-02
2.049578429910755423e-02
-6.717830046941576649e-03
-1.046942487928482872e-02
8.594110540122829045e-02
1.736980279867566743e-02
8.972375516557815067e-02
-8.030690725619257786e-02
4.842646030492250842e-02
4.353322135381208075e-02
-1.490020832513578794e-03
-1.254600853748001899e-01
-3.847380463094571268e-02
6.588113718988479472e-02
-2.156230589884815252e-02
-1.127499581433309417e-01
9.080008815297140046e-02
-4.301901817906945980e-02
-6.648149830213877232e-02
-4.625087176291649976e-02
-7.723505403409755554e-02
-8.653127227637266716e-03
2.615162674128289344e-02
-3.369686973632000926e-02
-2.323548706419012108e-02
-5.938924728174663215e-02
4.946993888853726956e-02
4.790613758759956764e-03
1.157628756602536169e-01
1.545555994450872536e-02
-9.098459245683877816e-02
-1.018042424781236271e-01
2.999064859629064356e-02
1.151495007321327313e-01
6.145669248140420843e-02
3.198611904537881911e-02
-1.175203686715606405e-01
-4.738049541888550431e-02
1.001869249293925457e-01
6.704300728308369706e-02
1.034993351558609331e-02
4.999444960158989926e-02
3.896071938094269882e-02
-3.459565711382263375e-03
7.694657561595738549e-02
-6.275822527838360865e-02
1.545640701146918858e-02
-1.243924937402220501e-02
7.532969038456797939e-02
-7.636744468791355211e-02
-1.121552894996278443e-01
2.204766206183093880e-02
8.826230988944093470e-02
6.039248986622919313e-02
-5.909602561010431077e-02
1.584908706078865318e-02
-3.921414395488202753e-02
8.661102583544369460e-02
-6.093476107096328087e-02
-3.676051938546510967e-02
1.111726386524410082e-01
-5.811961633442234987e-02
-4.578957563634351163e-02
-5.254325743081489364e-06
3.343388151974460015e-03
4.168284839360498345e-02
-1.756379146465978508e-02
8.414034493064960485e-02
4.909812927989037207e-02
2.523333958534963034e-02
-3.442748028286555378e-02
-4.783235977223830593e-02
-1.747681576986436502e-01
1.076536069052625305e-01
6.826932552935499610e-02
1.416080968027218917e-02
3.902534592316223017e-02
7.209456558431603934e-02
-3.876886587234169845e-02
-5.993248394397343581e-02
-6.604892294373564121e-02
5.255524474816967995e-03
1.482411015294931023e-01
8.977413642632450785e-04
-1.163151580790424550e-01
7.527856208746136479e-02
2.327049704305439448e-02
-1.615336566813888042e-02
6.527296670724318239e-02
5.221056294849438228e-03
1.018150282351316244e-02
1.854088183563515346e-03
-1.182906135094546202e-02
8.849691846839867482e-02
-4.277893438214334931e-02
-1.409401287142723891e-03
-4.262863044290406828e-02
7.842740236199721715e-02
-1.405668597512144125e-02
1.052275265499196533e-01
-9.476788147565043396e-03
-1.954835510507439006e-02
-4.131721472130139156e-02
-4.260397002375657799e-03
8.363033850730647312e-02
-1.131396013839385539e-01
1.699789557034787207e-02
-6.405053249523594283e-02
8.714783100250042547e-02
-4.698785145815750908e-02
6.018724558740342484e-02
8.650160091686386055e-02
-1.546160876663258549e-02
-7.991536638790666669e-02
1.767350664940798427e-02
-6.195382004765984107e-02
7.263966096842178199e-02
-1.181458747320848351e-01
-3.672969599025607129e-02
6.884245581796503977e-03
-5.463704875534360073e-02
-1.745488919422964053e-02
6.360441781889872304e-02
1.815404129133594280e-01
1.150594154355352033e-01
1.347048226892975931e-02
-1.870298122456538759e-02
1.961395070462132462e-02
7.062827014326287373e-03
2.025311190997747812e-01
2.911044780136759491e-02
-3.199354958218418588e-02
-7.928253698240433911e-04
4.525661982072686634e-02
3.591472896157060085e-02
7.200187081571038372e-03
-2.810089970124747538e-02
7.870054906314527532e-02
6.338959655191174491e-02
-2.796969201525740384e-02
-5.711213768042390504e-02
-1.293259377469410665e-01
-2.858623236225198427e-01
-3.657435013492546516e-02
-5.923022224369568073e-02
1.403500149383531126e-01
-1.078838449766166691e-01
-1.260488770986117890e-02
3.990048965287772836e-02
-3.151870336096030539e-02
-4.251487293742768625e-02
4.691112855627430772e-02
5.596196258960099701e-02
-1.468106105777941262e-01
-3.492590218036537020e-04
9.319909231835490915e-02
1.198232770952768929e-02
-5.585980396352198396e-03
1.093971346676305550e-01
5.329171382182794695e-03
-3.206333900968339617e-02
8.113697553342250068e-04
-6.892734499590172370e-02
-5.377405136354500292e-02
4.974979996428473272e-02
3.652983603331349388e-02
6.522105636868454070e-02
-1.108715148908703263e-01
-1.074593037088779762e-01
1.587843062042488748e-02
2.115576435339557720e-02
-2.908551189450250818e-02
5.985207690959331445e-02
-1.925663183087769625e-02
6.434244738741207170e-02
-4.155775816754386787e-03
2.668111226145351844e-02
-3.551220981290611339e-02
-6.074813104027108890e-02
-5.217369192197608696e-02
6.696447792271220667e-02
7.184276035815485850e-02
-1.415874884829591007e-01
-7.748995623937686428e-02
1.118274612148772995e-02
-7.628962738755903916e-02
1.991166877140496116e-02
7.273499958071881488e-03
-2.517924465365530690e-02
-8.462785652942510228e-02
-2.047591832646334167e-02
4.687889922373132678e-02
-1.523530135526448767e-02
-8.355180475369164417e-03
6.370804233953238083e-02
-4.978223432263700204e-02
-3.187290844700416126e-02
-6.276748485872805927e-02
-3.876493545680566311e-02
-2.303194502346874763e-03
8.323091831762319953e-03
-1.956998509715125734e-02
-7.294114014516629718e-02
5.863155680075572349e-04
-7.834488524549543254e-02
-4.161836339529384476e-02
-2.422811792376938778e-03
3.738599843192448591e-04
-4.403642383565581353e-03
-1.355648307929194774e-01
-5.599993408903024272e-02
-3.476752454793898689e-02
5.117126048828683771e-02
-1.022663203802101975e-02
5.547767921133259228e-02
-1.132152628494884350e-01
9.542692736950664223e-02
-1.095717690046111165e-01
-5.941373652002562844e-02
-1.122254479246162784e-01
-6.974116960190575309e-02
5.923881554914461195e-02
3.202877729485339997e-02
2.242936404088192309e-02
2.359564609958111903e-02
-6.124327628572484583e-02
3.971273663728291936e-03
3.177271099476047800e-02
6.480839194377718826e-02
-1.433709022602362368e-02
-1.304639414463643066e-01
6.798975920864644418e-02
1.962265316235924095e-02
1.078153194307996665e-01
-2.079080416593423464e-02
-4.047146082249470506e-02
-4.131072197166179433e-02
-3.460046393432613526e-02
8.324861057335886105e-02
-1.146345831252049974e-01
-8.532240033559929104e-03
7.030422846153958072e-02
-2.624138275315691937e-02
8.563290704452788948e-03
8.333338583765097229e-02
-1.321433341670424921e-02
6.032026991565007240e-02
-4.460141795268378340e-02
-6.111266952224057858e-02
4.278197553690826771e-04
-6.548251683865172201e-02
1.140313473389442528e-01
-1.135779397667344703e-01
4.500453498075301928e-02
1.348636936897314453e-01
9.626387041158444846e-03
-8.660065802578209571e-02
1.038410835819450623e-01
-6.738144951310422182e-02
-1.255864107225661552e-01
-1.620330167139115707e-01
-1.158809111036050166e-01
7.747786854308652549e-02
-1.246310971130783485e-01
-9.132338305263756895e-02
-3.787905975584629492e-02
-1.556610824314037453e-02
5.280322222398169812e-02
-9.216322685773600809e-02
5.989722432270577768e-02
-3.446881295510810517e-02
-7.271484236042091709e-02
-4.672116274175619477e-02
1.458675434005622662e-02
-3.632003323234109932e-02
-9.610543610011898497e-02
3.043890260203210851e-02
8.579665889956591962e-02
-6.615973721686535525e-02
-1.802900248962190782e-02
1.063613776427518864e-02
4.443403477189157569e-02
4.619519111462078165e-02
8.242615039602389782e-02
-2.759878515168299323e-02
-7.053395511163268461e-03
-7.902277856410117041e-02
-1.000194537011332707e-01
6.035741574133794002e-02
4.394235279887626772e-02
1.215021142030772994e-01
-2.765436854056946281e-03
1.270423231736670655e-01
-5.961662278084063626e-02
4.908927383626497665e-02
2.826812375041914266e-02
3.782909337010148532e-02
1.190326696805025786e-01
-5.848443435408262614e-02
-6.089007001453053403e-02
-1.255706167964399100e-01
-5.231765908961988343e-03
-2.567332271752289369e-02
-1.086133135016135731e-01
-2.090898618818452792e-02
-1.387221857917644297e-01
2.759815242951204478e-02
-1.365491338247738946e-02
4.964297776027949693e-02
3.990082992034012233e-02
-7.382357706498091088e-02
-3.680268947702258764e-02
-8.751371148429007429e-02
8.295887638232590788e-02
9.608659044073841748e-02
-5.902630661660198536e-02
-7.005370297938642854e-02
6.335003809258954455e-02
-6.707463629109086667e-02
-1.026717054341673777e-02
-9.273923546694971820e-02
-1.284229545443549281e-01
3.175982962704228252e-02
9.747286885437703163e-03
-1.009795280407960738e-01
-4.975296157826798737e-02
-5.885570667053073579e-02
6.110444500329610673e-02
9.907659045015626553e-02
-1.032226527031360613e-01
-3.488780122824976238e-02
-6.024735720529647565e-02
-8.759402583318391666e-02
-1.018119794123970023e-01
-2.498867792322722117e-02
-2.890482518266730694e-02
1.588782355303620664e-01
-3.527510761667477374e-02
-1.837819305733463804e-02
1.010949933138327039e-01
1.678935348852159809e-02
5.012109507295232219e-02
-4.997914724729905778e-02
2.542914285460768850e-02
-4.910632273306576173e-02
-1.654828434047498839e-02
3.391005715694730971e-02
-1.068355569252470161e-01
-5.031740907258375195e-02
3.459806809233079150e-02
-9.794829440333006898e-02
-2.951561954487137707e-02
8.580662121074833504e-03
-6.396458270323646111e-03
-8.868247022412258096e-02
-5.233128888289238778e-02
-6.183899384207849209e-03
-7.913451224377709980e-02
-9.424099248711795274e-02
-6.330637703877878275e-02
1.244823835751846797e-01
6.770687266134528537e-04
-3.364571279323694264e-02
9.467742615045646182e-02
-1.581229370689093972e-02
-4.790171233272998152e-02
-4.903211886853507673e-02
2.548655762372151884e-02
-7.868894950627150497e-02
-8.957259666449489399e-02
-5.565542887433878871e-02
-8.905398417580689951e-02
-1.379463532000684833e-01
-1.172386878756599554e-01
-4.037096083714387940e-02
1.014866176621051219e-01
1.147131884675725022e-01
8.230129734287827681e-02
2.222699551033117601e-02
-4.311127467470754482e-02
1.782075284432037277e-02
-5.738551431824812782e-02
-6.313206280469906007e-02
3.194714827838637111e-02
7.615519044022814321e-04
-4.725680071366361590e-02
-4.272612010335823107e-02
-1.726172301409972104e-02
3.628567524736468763e-03
-2.347145894085713586e-02
7.891295777414344959e-02
-9.607245371117356658e-02
-6.437048706023391909e-02
-8.425565906615384293e-02
-9.382866136708864491e-02
2.641110314259254022e-02
9.276004945068908047e-02
-7.019970235434114247e-02
2.055961621530920380e-02
-8.600203060235309116e-02
1.779500046059920987e-02
-9.169498371535277081e-02
3.729150208470998623e-02
-8.787422267133861153e-02
4.675157554313927322e-02
-5.535141738620787816e-02
-8.975381983813340847e-03
-6.409273844149658561e-02
3.024366591309766289e-02
-8.630995356689132036e-02
-4.228873665963388262e-02
5.450116918909814201e-03
-2.511648493483699049e-02
-8.122878748056591713e-02
2.991046199800868194e-02
1.227477041644924743e-01
-6.468672340751573102e-02
1.374870961836031080e-01
-1.388899245844072983e-01
9.628156785596989065e-03
6.238172780757086228e-02
-5.213169926406164417e-02
-1.824160249577795878e-01
1.258343342479479876e-01
-5.592479398060142687e-02
1.352441274775307012e-01
-8.117312336057669331e-02
-3.712800255470985467e-02
-9.160937219713798096e-02
3.442331294640189887e-02
2.546684240454264239e-02
-7.646708036619877247e-02
-9.182152320666270295e-02
-2.712352570597979101e-02
-7.780199969177233055e-02
-1.035747903803767439e-01
8.003384799478771572e-02
4.691998630183762120e-02
-8.333868322586832078e-02
-1.354059548614189867e-01
-8.834718573536290420e-02
3.884531150826456974e-02
1.916270764897169687e-02
5.380698107018244691e-03
-9.430428834325263465e-02
-3.761022065621434651e-02
-1.723331876163595316e-02
-1.869600990810437180e-01
3.529519768456543249e-02
-5.655731868252766859e-02
-5.068733794296509387e-02
6.972040328427490941e-02
2.825999432320154547e-02
3.619621188590871341e-02
-2.769760986335528113e-02
7.621988479554497875e-02
-3.416405176645119501e-02
8.579148877983857474e-03
1.287691600786324275e-01
1.429310157362709832e-01
-7.663893937430769909e-02
8.275415763600917074e-02
-7.535562209231161379e-02
-2.256161439876739477e-02
1.154681481774558205e-01
4.826926795906984202e-02
-1.158920438185578744e-01
-6.312748280835515924e-02
7.771325438325800417e-02
1.413796444818334053e-02
1.721408086206191457e-02
-1.065747891305529049e-01
-6.546767632349785593e-02
-1.828449413265932633e-02
5.772920366189691205e-02
-4.305122524592024102e-02
8.238788608544383996e-02
2.892046169501097386e-02
2.353304126870516683e-02
-5.409702624298858009e-03
-5.575622069168424677e-02
4.609278178460508163e-02
-5.508336349679393562e-02
8.380407260451894214e-02
9.899383506342085762e-03
-1.359903186476796311e-01
-8.293468726669139812e-03
3.155593786844249071e-02
-6.303776780576356153e-02
1.063685524544502325e-01
-7.435095538100716661e-02
-2.514317109349740315e-02
-2.863664689613903969e-02
-2.814103319556347793e-02
-6.324467594173549534e-02
-6.630715798301928254e-02
2.478957342093761340e-02
8.334906692402205275e-02
7.152589288031098447e-02
5.380112968711883714e-02
-2.655276043422019616e-02
7.236394621641752123e-02
-2.980703752439399501e-02
-4.701174787241083064e-02
5.223057419424508019e-02
-1.040430608419621733e-01
-9.438960859984016349e-02
-2.249936292670727186e-02
8.847259961279325957e-02
7.423026009842428885e-02
-1.063640640320419328e-01
3.181815364899794052e-02
-4.457790273851817281e-02
-7.140990519225461075e-03
3.001071685570164474e-02
-3.703160328838153714e-02
-1.051712798159084306e-01
-3.628537081376274898e-02
3.151356242589060941e-02
-1.539548590452075039e-01
1.393670840365185959e-01
9.363099165981907113e-02
-4.232476726665867356e-02
1.854864679911535918e-02
-2.632176170707808960e-02
-3.572333507502624406e-02
4.429915002234842414e-02
6.164156584801881722e-02
2.873040927008478629e-02
-1.018592886639730771e-01
9.353836984502357510e-02
-8.493953838861299788e-02
-4.464627894583705903e-02
-9.927088098236197533e-05
7.805521796355809061e-02
-8.702153753825089821e-03
6.618227174286546097e-03
1.157038070172418387e-01
1.348849134866755839e-03
5.079300818363083336e-02
-2.792775202117003114e-02
2.150712432906824040e-02
-1.670281761640657336e-02
-8.709511985575818516e-02
-3.671631241431386194e-02
-8.373468979410031432e-02
-4.353808616076702831e-02
-5.761920797503360808e-02
-7.345615138752395468e-02
-9.585532381243745681e-02
-1.293141554807114568e-01
3.150149014765118993e-02
-5.808050226967705065e-02
-8.271275476810720229e-02
9.321324669193550849e-02
1.397210526793397217e-02
-5.612038938274672983e-02
4.701580374356176262e-02
6.670984085437521582e-02
-8.040280667532169467e-02
-4.043920421223978767e-03
6.360177790727095104e-02
3.898844736719635218e-02
4.907903153092259274e-02
2.938570410432223695e-02
-2.793630986675624955e-02
4.272942962959137836e-02
-1.018458364538448735e-01
3.746348869367611967e-02
3.803430388008720298e-02
5.706114607805225225e-02
1.641350146975221330e-02
1.544564220377636111e-02
-5.109830692088458692e-02
-7.189191692254977284e-02
-7.020595170414145603e-02
7.796167354068367361e-02
-1.279136931454435966e-02
-1.855903398385976844e-01
6.152567013885180958e-02
-3.520331685116236120e-02
2.453861776457101629e-03
1.913619113411079570e-02
2.736981676765579130e-02
-1.103883893244995834e-01
-8.584714951164482133e-02
-1.347746926532207568e-02
1.099090657384227954e-01
-6.729167016557355274e-02
-6.303902048059384366e-02
4.019645911665251092e-02
-4.505702069395336323e-02
4.058853916443690840e-02
-1.047212094529349630e-01
-7.231247399988378899e-02
1.085583266008240122e-02
3.995355475704254894e-02
-4.337806782596846655e-02
-1.734299883766183062e-02
-1.022324659946055314e-01
6.241028589914139613e-02
-8.426563996722333250e-02
-1.067404728426515209e-02
2.651965784734054005e-02
-2.362314638078784335e-02
-6.688140969731146135e-02
-1.517508738259804313e-01
9.067701722647177054e-02
3.218378132621993459e-02
-1.261405877403212195e-01
2.925529969332343189e-03
-9.521637921799458448e-02
-4.972412809040829829e-03
-8.296676883802059366e-02
-1.073203980126337387e-01
-5.976516562878082806e-02
-1.427571105709650734e-01
1.121400776047791481e-01
-4.182919796104112714e-02
1.012816960007660583e-01
3.778585461122531408e-02
7.192749162747695546e-02
-1.149838252726406440e-01
-4.492971773775915334e-02
-1.014992431878771195e-01
1.218566002733071363e-01
-4.587076255076349973e-02
4.280185466087494534e-02
3.798565086137653535e-02
-3.065125078368774458e-02
-1.169424962849334726e-01
-1.506070078769145004e-02
-6.745250833014915237e-02
4.363465408516805852e-03
-3.881773093197945362e-02
-3.446762995763903020e-02
-2.310679029829148037e-02
-4.241132411126787016e-02
1.507869923094369569e-02
-1.136766586536468171e-01
-7.977596323882003848e-02
-1.384843082167956374e-01
-6.440031452689540248e-02
-4.376652859259372308e-02
-1.223677494360998763e-01
7.780595243221380408e-02
-1.255001576904795357e-01
-6.092107517705114272e-03
1.667443958085658776e-02
1.335719323073112849e-02
-1.899027022590008551e-01
-1.232873185983447972e-01
-7.763877884194199386e-02
3.587239645538586180e-02
2.113827338032324768e-02
-8.603200251786842501e-02
8.987020126882747095e-02
-7.850496987953928252e-02
6.363280570023280291e-02
-4.765818464300528023e-02
3.675754466739439286e-02
3.556819215319111105e-02
6.847190935799071787e-02
1.057964315145760309e-01
-6.315577262205968045e-02
9.835158248497961886e-02
8.142126770311321204e-02
-1.288738207416845194e-03
2.601886730447847476e-02
5.390857517107119912e-02
1.013419798315547127e-01
1.123521727826831962e-01
-3.483734358694455524e-02
5.584953694898567300e-02
-8.265991322984442280e-02
-1.395573111926943222e-01
-2.462106713763666938e-02
-7.004702306616324148e-02
4.501819376596521982e-04
-2.131410165920161540e-02
4.802788673600416613e-02
5.290275835149157307e-02
-3.193751923270048837e-02
-7.595525751472413656e-02
-2.793002951978483528e-02
-1.252279753377364899e-02
1.032477104946942087e-01
-1.179526593024031456e-02
-1.216833181987913431e-01
3.134727772513425104e-02
-2.220006382603994383e-02
-8.961901830554352966e-02
6.970939625589997468e-02
1.329893342474549878e-01
7.151510814871643584e-02
-4.207639540904414832e-02
-1.545442404524561830e-01
-7.542985540613847406e-02
-2.061965117372061007e-02
7.774253026000789435e-02
-5.119984549807315988e-02
-4.803908164411217763e-02
1.082916204656008130e-01
-7.098837863184362384e-02
8.959280965455854173e-02
1.442331808847878150e-01
3.215071330728117016e-02
6.588273800822652682e-02
4.661464400839900740e-02
-3.044768251541244905e-02
3.265992872215701948e-02
-5.061054384779293397e-02
-9.894046337106331135e-02
-5.474708755740571170e-02
-2.921137993597872767e-02
-1.870258372597691232e-01
-9.538242426387483208e-02
1.993928354630127020e-02
-9.508722520769724920e-03
1.227461666190161893e-01
-4.302696305474646571e-02
1.468533368726606114e-01
-9.303514818906666317e-02
-3.186498976124980259e-02
-1.257066754090608862e-01
-2.767606999749831764e-02
7.239617830938008258e-02
-1.615053539785911152e-01
-2.848487388048597663e-02
-3.005117141749953646e-03
-7.667238366362565116e-02
-7.118861294606354528e-02
-3.677768880869596718e-02
5.157303506325814496e-02
-2.916437396927390110e-02
1.339195816639706868e-03
-9.250818855294072607e-02
6.143194029331745104e-02
5.044374791888944776e-02
-1.044067932458774689e-01
2.381934551487940865e-02
-1.220000270492349326e-01
-1.198036972490084534e-02
4.416884883454680333e-02
1.560227858265808565e-02
7.897409483838285782e-02
-2.015691562163457462e-01
-2.358456124187983949e-02
-1.260004571050160616e-01
-4.039140112454144005e-02
3.241067723798948808e-02
-5.104943267573391896e-02
-5.990276364628298322e-02
5.273934774534241865e-02
-1.153249132211474903e-01
-2.465174655193409781e-02
4.183151949562681493e-02
-1.537182184717935871e-02
-2.296641674886846368e-02
-1.580837532980324811e-01
-9.156810760647407510e-02
-6.004982175634324126e-02
-1.767183811266369309e-02
-6.527808756327917183e-02
2.538715856300467755e-02
-6.166325686851469208e-03
5.483900088259469063e-03
-5.934706068415677993e-02
2.405942033329079924e-02
2.290093238291312366e-02
-3.381800694909480737e-02
2.130446943058596221e-02
-8.036097445049284610e-03
-1.056029260525881142e-01
-2.440942028353782628e-02
-1.062746867847754739e-01
1.303771945944332683e-02
1.406306510573423693e-02
-7.636630392028470604e-04
-1.867831547804784526e-02
-2.783302445495443311e-02
3.278859289804562233e-02
2.875879912390293114e-03
-5.952380181176472607e-02
-7.346278498370562016e-02
5.335683418062498601e-02
-8.050813485013883636e-03
-6.249556321571674011e-02
8.733529147791770086e-02
1.946884180739721915e-02
-2.268829730371718922e-01
-1.301351797861785564e-02
-3.122191602070534255e-02
3.094236432995821351e-02
7.487595886416509305e-03
-2.494463337187712015e-02
1.719171604452741225e-02
-1.448845039442765714e-01
3.809594011216881071e-02
3.750450981150484087e-02
-3.404868818715752615e-02
4.392027604715138811e-02
7.885607006680198094e-02
-2.320263801997399927e-02
-6.877170963188334804e-03
-3.446132713484195698e-02
8.882865690734768199e-03
1.147045043523527152e-02
-1.195351136568314210e-01
1.713306381951381838e-02
3.705236290821423140e-03
-7.441238369463397395e-02
-6.668803259458244703e-02
-4.878103201689975438e-03
1.394670956561934808e-02
6.086323962579014146e-02
-7.779626188693312960e-02
-7.516180145695304515e-02
-4.398426315681083082e-02
1.593283754672825125e-04
7.629442745714788698e-03
6.519372125461811440e-02
6.585461056726826801e-02
-5.651436715671555311e-02
-5.923291432349440250e-02
1.790136000232126628e-02
-2.082048250638306869e-02
-9.771859587057671326e-02
-1.184594557842810758e-01
-1.495586726314358100e-02
-1.074670957516440234e-01
7.524125869933885602e-02
-3.296962462524657966e-02
1.930303834396070173e-02
1.255050131810532890e-02
6.131180125646853996e-03
-6.241359520920770898e-02
2.495068911179276067e-02
-1.237965985252553053e-02
-3.054277479370720583e-02
-1.630217119418971572e-01
-1.713131646467299513e-02
4.224499453641528124e-02
3.230430850390646202e-02
9.924377841841736797e-03
-6.793463383465853100e-02
2.752235840121673716e-02
9.290214555358081161e-02
1.034008128108473284e-01
-3.653808974385992780e-02
5.496641021212558820e-02
6.352178795521881693e-02
5.326367926183697699e-02
6.278696637167607841e-02
-2.243852378122733818e-02
4.652198204366389533e-02
-1.654611012379962609e-02
-1.323683972143109913e-03
-5.430269069735788046e-02
-6.683045005012883122e-02
3.767399987517038029e-04
1.215808349487055434e-02
7.430928107478892986e-02
2.230988981258076598e-02
2.277170194070855108e-03
5.385960198172057289e-02
1.261507236451428135e-02
1.788081084512706254e-03
8.060030841868014162e-02
-8.000001380092179593e-02
8.557164502291181307e-02
-1.840421674484171155e-01
1.203940105527926269e-01
-3.957856441600559466e-02
3.628339114884850287e-03
-5.438108655069575498e-02
-2.976230105600817522e-02
-1.149922738527016375e-01
1.301698754064004593e-01
-5.360966401899772138e-04
-1.151224723257271709e-01
-6.573412285055602045e-02
-8.724169308104379184e-02
6.136244222655684588e-03
8.028579054507078983e-02
1.198162692200966800e-01
3.443141837997283627e-02
3.605981776439232123e-02
7.056292271398145743e-03
-1.102087800647056220e-01
3.553482201568577276e-02
8.258684665708941608e-02
-2.931513651831951783e-02
-2.455756399561328032e-02
-2.106073044239965830e-03
5.157339448326689335e-02
4.864985185561082615e-02
5.544338829947540598e-02
-2.782054788899325157e-02
6.016758063495832032e-02
-5.814155890831661233e-02
1.890074870387822847e-02
6.525453388045508729e-02
6.611707476984715615e-02
-4.198489222282429656e-02
2.060708574505305118e-02
7.784507931377714074e-02
-4.081753953500759369e-02
2.690107762782271636e-02
-3.923985015051128372e-02
5.451140108725956168e-02
-6.467157226262454373e-02
-1.606965707071912261e-02
-4.554570791466340529e-02
4.594124978009132138e-02
-4.133207686440171225e-02
4.729534507823991707e-02
2.639328504889141419e-02
-1.049669792883091771e-02
8.668681531052854772e-02
-1.956137489037676480e-02
-6.422389123161044433e-02
2.575272467220680872e-02
1.064135404666461532e-02
-3.084678286098679889e-02
7.055162211900693758e-02
6.139847167814457829e-02
8.919836862375594977e-02
-9.395216196971997724e-02
-2.291985351690065814e-02
-4.365108744437256466e-02
9.413306080493974437e-02
1.405414746576127416e-01
-1.310327304983024965e-03
-1.803072192277608773e-02
-4.446678525926153758e-02
3.742877306663887349e-02
-5.586947662718614455e-02
2.752182647477043054e-02
8.749932250121432442e-02
6.635208342414850025e-02
-7.919272054940763861e-02
-7.957673443260132595e-02
2.867585736175287670e-02
-1.228084409683064329e-02
-2.355210198316651238e-03
-5.415784191970633016e-02
-5.909593784629856017e-02
5.888120599387917931e-03
5.546375544725082318e-02
-1.187634984896678014e-01
-8.013755376430953259e-02
-2.663377794490475597e-02
7.240487266464526450e-02
2.415928361400115215e-02
-1.019874384967035252e-01
-5.484898865887014724e-02
-4.994138487611247956e-02
-8.663283127945159423e-02
3.103889386336087033e-02
2.518850158104120329e-02
-1.984083038495823570e-02
-5.093333954637307287e-02
-7.426316652131825791e-02
-1.484503711192344810e-01
6.265082429438273079e-03
1.349438213533948709e-02
-7.841993399517382946e-02
-1.179254556215648675e-01
-9.126488986656184146e-03
-1.684467253629379213e-01
-9.269231955586851313e-02
-2.018178868924273839e-02
-3.043304516179660274e-02
-6.434024941198293601e-02
2.978345831789963594e-03
5.225738450249026168e-04
-1.646246761328268304e-02
-6.343363326339892042e-03
3.649268375607297998e-02
4.264846795663920082e-02
-3.822264044370899880e-03
1.689888703847365337e-01
-7.299296115422775066e-02
-4.622384709021820637e-02
-1.054695251884494589e-01
1.991013163948953182e-03
-6.688355997142418630e-02
-1.726056536213609396e-02
-4.088259447422379345e-02
6.338114714402050265e-02
-2.166068786410398073e-02
4.103341267808989501e-02
-3.548715561064218205e-02
9.390122950791479628e-02
-9.057467196150853841e-03
-1.767879358842180948e-01
-6.519796819818980682e-02
1.622882523235315289e-02
-6.769924155726908532e-02
-3.055804410155404244e-02
6.297491087761192263e-02
-2.970031367077786977e-02
-7.129872211408522231e-02
-6.460692641985613105e-02
-9.399011774547849640e-02
-1.005061255709038259e-01
8.034502064152487799e-03
-5.171126828147229459e-02
-9.335948407901994983e-02
-9.845972914262271503e-02
-5.321360026058486598e-02
9.054003256653980758e-02
-4.499045480246288697e-02
-5.141249140959345404e-02
-5.986487246725597650e-02
-4.701800764245132880e-02
5.723573730155959854e-02
6.680131862536853316e-03
2.635547040271902369e-02
3.380751321932169706e-02
2.681271950289871447e-02
-3.040920398978008699e-02
1.925535187380483446e-02
-1.106452347411608639e-02
9.665234499086770847e-02
-3.451546559847643025e-02
-1.335672245297386818e-01
-3.563208634960518539e-02
-7.398221561273534558e-03
3.010394593454370632e-02
1.535735730639802843e-01
7.645424705129108545e-02
3.998905055700538447e-02
-1.001611501083033706e-01
-1.079905675281250116e-01
-1.191159143807843934e-01
-2.298343766991955625e-02
-3.588944449759194633e-02
5.267122027196261685e-03
7.497565153106976188e-02
-6.608750664156795573e-02
-1.714554966284783516e-02
-3.122731532913982505e-02
1.578616093902701079e-01
3.484728840046850268e-02
4.366348240168256567e-02
3.634208173371154815e-02
3.739894650316238911e-03
-6.173435010936912520e-03
3.834401289478944763e-02
-5.451931537044066300e-02
-4.169375621825650163e-02
-1.113041947334206111e-01
5.399242383889477775e-02
-1.193738549327896109e-02
1.424583672596037645e-02
-7.773404921479551422e-02
2.282022616980795837e-02
8.256952619770308033e-02
2.514737796631506817e-03
-7.223531960104677407e-02
-1.039445937019800592e-01
-2.077081243602747762e-02
-3.233094681475730953e-02
-7.134362283283079975e-02
-6.349281164924247545e-02
-7.336462681626619575e-02
8.616536553446157987e-03
-8.867805942757656101e-03
8.315387921443841146e-02
3.117582772663806540e-02
3.387213935115190866e-02
-2.505546751005423983e-02
-1.143751661816621440e-02
-6.580360405849509930e-02
3.797477451579121810e-02
-4.210359120031680752e-02
2.177783128805785284e-02
-5.133290034944269775e-02
-1.026260924887324455e-01
-1.327493807620969413e-01
2.116592812006144741e-02
-6.305143614752735381e-02
2.589721445747458599e-03
8.538989130331524346e-02
2.971663307986904812e-02
1.190992426486299910e-01
-1.566284223062230918e-02
-2.278715056192432212e-02
7.675377383608017468e-02
-3.198169678665935961e-02
-2.052124369445490482e-03
-2.378085433510745625e-02
-5.453577574514384407e-02
-8.453825094666632400e-02
3.266363298256198811e-02
-9.753083738694882932e-02
4.508080647931863444e-02
5.961654421833048612e-02
-3.688444944385561863e-02
-1.301119671124427724e-01
-8.505791175809998550e-02
-5.364670733480950138e-02
1.300344672091649501e-02
-1.479074051482429653e-01
7.737465923142428613e-04
-1.313019049003541772e-01
7.142424383444594127e-02
-6.376721815198740928e-02
-1.083451106450744605e-01
-2.731156931253576198e-02
-9.522064203173870311e-02
-1.565528302185458798e-01
-4.341493110428097657e-02
-4.655175408237609280e-02
-9.795181309785164214e-02
-1.249388439770271995e-02
3.506758790345962384e-02
-5.494901283297868450e-02
-9.208496558078410610e-02
7.601632843095365577e-02
-1.797070948981127278e-02
-2.838383954763587513e-02
-1.904020651751744606e-02
3.342070776370970053e-03
7.851695179153066195e-03
-2.152873452509680707e-01
-6.087813761890614045e-02
-1.087031422364721223e-01
1.679872916136020480e-02
7.226970596659663959e-02
-1.180128424331545883e-01
8.402490483068547622e-02
-1.505499778018660334e-02
1.661907457874468863e-01
-1.063573069231010942e-01
7.107022148911039394e-02
-7.408915362411974681e-02
-6.935129238490644887e-02
-1.531355044676985938e-02
6.514705800679314318e-02
-2.782135075293856730e-02
-7.526895277170450593e-02
-9.038865388387151700e-02
-9.640920923745585625e-02
3.957568697691397908e-02
2.923166746790239329e-02
-6.534581108278980643e-02
-5.120051793256759354e-03
-4.927273694238903240e-02
-1.663356396651919505e-02
-1.040557933545948124e-02
5.060770180264789753e-02
-2.469126434914657026e-02
4.987074675631333193e-02
-1.772018093034864045e-02
-3.006714275516922386e-02
5.860980144045574436e-02
3.752506602791210594e-02
9.250617132508247298e-02
-9.361820878135096446e-02
9.625794151668079501e-02
-9.032505846081741174e-02
7.722453192658081111e-03
-1.067017785496744975e-01
6.321792487093227941e-02
-6.884755672296188900e-02
1.058630258399987853e-02
8.953964180104935500e-02
-8.226276417986001788e-02
6.139813082773362685e-02
4.665894245787829270e-02
2.991210915120835236e-03
3.332110915429675746e-02
-1.018306552252327968e-01
-2.981089293781296473e-02
-5.615289429589828685e-02
-3.563030179357033062e-02
7.449001536437588333e-02
4.636690090221392592e-03
-2.221163873920372483e-02
-7.537383390303664665e-02
1.615496803860930197e-03
-8.734740304898673535e-03
3.528320471111228568e-02
1.083877185995386350e-01
2.832865351343288179e-02
-1.846855062233104111e-02
-7.293902026520135418e-02
-3.486659639418510093e-02
7.700036405651700111e-02
-4.335042672801006636e-02
1.171558008701730491e-01
-5.711492368938240333e-02
7.453086248831208849e-02
-1.534806476632927241e-01
4.162715767280639190e-04
-4.556066879386908020e-02
7.567519583769906355e-02
1.103410150840332532e-01
1.547086691675081394e-02
-3.207537639491786496e-02
5.076955080665983278e-02
-5.452956849150912555e-02
3.345799501656617631e-02
1.256486065084090609e-02
9.503216534107961078e-02
-1.016901022839461488e-01
1.433953982834471896e-01
2.898141182149195638e-02
-3.096974077092196770e-02
5.984563009599168371e-02
7.500934556798866115e-02
-1.525167705732459467e-02
4.908821656525807348e-02
9.848091591275675780e-03
-8.251413449893194030e-02
-3.521743504983376738e-02
-1.108380952435399913e-01
-1.520862513013918060e-01
1.183044438257187109e-01
4.059635250652634392e-02
5.147563926047094701e-02
-5.277291093501732672e-02
-7.220284589348828844e-03
3.460594344161240649e-02
-4.236254448869294920e-02
1.485122247753293823e-01
-8.183351232478568160e-02
2.003684262891913814e-02
6.263963685582621399e-02
7.411503131424662660e-02
-3.096882194399379340e-02
8.417358008882867837e-02
6.085053837303261437e-02
-8.874655199540600059e-02
-4.819295735540641418e-02
-4.927216424702772490e-02
-2.147859611556153514e-02
2.488752031470239934e-02
7.754548691885861100e-02
-1.865525720766008505e-02
-4.773923777283711756e-02
9.718180181588448319e-02
9.536042877223099498e-03
-3.538341596302067849e-02
-2.730979946858096141e-02
-8.883638027951776261e-02
-3.659411694718040647e-02
-2.032415683910542871e-03
-2.337145775828959604e-02
3.130067671869962709e-03
-9.418148229673267702e-02
1.502571898898340530e-01
-3.683189867881512397e-02
-6.936388647658456308e-04
1.523213407349109372e-01
1.021311184177100956e-01
-4.314850677428595793e-02
-1.142039558211088539e-02
-4.492567799882609542e-02
-1.104685637109515950e-01
-9.337069025544325607e-02
-9.151902558486263439e-02
1.608809485026863051e-01
-1.211934999307973798e-02
1.998800028728552058e-02
-3.028985001533190946e-02
-6.075927421258033728e-03
-9.393076741866542359e-03
7.529213835045137082e-03
3.657805866901972514e-02
1.017231652919926566e-01
-1.280120521543693934e-01
-9.728126576439333206e-02
-3.138803117312116697e-02
-4.863762193603003714e-02
1.951379772231871812e-02
2.968128214027981535e-02
7.614211646488569518e-02
6.702113990208774519e-02
7.657936706975147778e-02
-4.315321381825540370e-04
-5.503565800797184659e-02
-4.928430585158889710e-02
1.665389820493511780e-02
9.847631925163136124e-02
-4.088889690274792599e-02
1.432156428582985752e-01
-3.709131043833858998e-02
6.676535939315386692e-02
-1.727263157418736789e-02
-1.149489025085285998e-01
2.223813083859381423e-02
6.697932715010347648e-02
9.189271238741709980e-02
-1.030261473810493988e-01
6.288077978602918394e-02
7.247159145306690531e-02
5.404437110087137452e-02
2.948246220291446396e-02
-1.101457813564681587e-01
9.896429481426310959e-02
-4.384842446092668961e-02
5.665846928729659226e-02
-4.158906149901005211e-02
-9.553583139263838175e-02
-5.124411387069600921e-02
-5.962820117128836417e-02
4.966361600412858013e-02
9.950110994465871661e-02
6.135195816591396817e-02
-7.364408191461313535e-02
1.211239348430934032e-01
-2.844030617097782418e-02
-4.368298041986057312e-02
-9.929294031355073713e-02
2.736026749877751296e-02
-6.354868150972529939e-02
6.375291873662555786e-02
-1.128304765801100770e-02
1.837436688775243854e-01
2.076385906060195657e-03
-1.610454082203990889e-01
3.733519931874795111e-02
7.098396912175841678e-03
-4.169910683345662977e-02
-1.096278104886852511e-01
8.636386271200871545e-02
1.588005524063863805e-02
4.994000992680255185e-02
-4.881323216675514942e-02
-7.129502716510620342e-02
1.486262324147049133e-02
2.808308934857158684e-02
5.910193777358904721e-02
-8.074633917331125454e-04
-1.189741256771850997e-01
-1.029467657990090768e-01
-9.040889347780162177e-02
-2.812528449189705126e-02
-5.518105931418359339e-02
1.372306505651493813e-02
-1.046212590186271219e-01
4.507187803404686527e-02
-4.272103051099436499e-02
7.372607867295838391e-02
-1.505276811480892041e-02
-6.855301447238566770e-02
-5.239085209789616504e-02
-1.772152874364311959e-02
3.641041787203613822e-02
-6.083653481168125460e-02
-9.257845071752307531e-02
3.971809329882532158e-02
-4.706145385480462601e-02
-3.711990968156015508e-02
-4.181347534015593392e-02
-2.039653554762514420e-01
-5.844162309581324433e-02
-1.059384706388635522e-01
-2.515400897162532734e-04
-1.160417542020317355e-01
8.858191801293677226e-02
-5.013735883538731480e-02
-3.917095143800314316e-02
-4.267896188286157688e-02
4.358778573117807337e-02
-6.129582700123895750e-02
-1.025833764919894392e-01
9.971833478196075878e-03
5.050363297316093347e-02
-4.525430397498095975e-02
-7.334228328569464272e-02
3.783771081741741510e-02
-1.050201751030594155e-01
2.652085612678535889e-02
-4.937929135067924830e-02
-2.503065300806212382e-02
-3.190378725811383182e-02
-1.070843332549119287e-01
5.606227377207867457e-02
-6.631388406692509396e-02
-5.511068372707889074e-02
-4.940277354585632420e-03
-1.341284539918847357e-02
5.313814954719754680e-02
8.372484374709725230e-02
2.965273877574387679e-02
-1.703122169915506634e-03
-7.701058483920615594e-04
3.572704883998985281e-02
-8.940067680601564148e-04
-6.871622140233005216e-02
6.617413738745668572e-02
-6.098889274905199692e-02
9.703046520181224377e-02
-4.186254439213517309e-02
1.991367759052233705e-02
2.357469300945399041e-02
6.349719745421913975e-02
5.416849091599416216e-02
4.625823246885647777e-02
-9.598841489115497727e-02
-1.385852986331828629e-02
1.039531451974555348e-01
2.265183671213205630e-02
-1.550219072067911541e-01
2.599488098995217378e-02
-4.066320467841988417e-02
-1.150859925585423077e-01
4.045924285203748166e-02
8.049599347363885216e-03
-3.707016142811035697e-02
-3.962183239032578824e-02
-1.158288774422420314e-01
-1.070387735802880713e-01
1.661726448662673855e-02
4.741777062812177479e-02
9.612563154238010221e-02
-5.761100619693111657e-02
5.426458550081748877e-02
-2.839724633613879834e-02
-5.790735868323648727e-02
1.161518404124467323e-02
3.204649032810466536e-03
3.906199654612764471e-02
-1.251323473352172200e-01
-5.618462170538552486e-02
-9.423257796386751151e-02
4.477528159654860229e-02
1.896508789465195244e-01
-1.013025628585499660e-01
1.686320646470836765e-02
-5.943537866886850624e-02
7.717245328450532404e-02
-7.479301378125528810e-02
-2.006604008423196750e-01
1.920596106230748612e-02
5.463131152659835010e-02
5.826605160842824455e-02
-7.438006528226795422e-02
-4.846843591716496619e-02
-4.121263166124839589e-02
-8.829303299921090198e-02
3.668079497682316670e-03
-1.074289320956883786e-01
-6.004392454100448973e-03
-6.525609738051657907e-03
-1.285686119027658614e-01
-9.169238125237631765e-02
-5.013263010994854080e-02
-3.964811098933619660e-02
1.847719072957289960e-02
-8.450989760932239858e-02
1.925965995387923096e-02
5.435738366411466127e-02
-1.200678154880789467e-01
4.188533727390013339e-02
4.010213320336676601e-02
8.889038515846257871e-02
-8.249475516084153748e-03
-2.438616326951337319e-03
-1.830080673219081078e-02
8.536053033702964421e-02
2.286297811505125926e-02
2.187689565080107312e-03
-1.877872660297034979e-03
1.365336948752814139e-02
-7.263380084035978013e-02
-6.354059053666817614e-02
-9.223520844224641912e-02
2.416951189225451102e-02
1.320296703712263986e-01
1.132050248594251851e-02
-1.435726996087209884e-01
-9.876460470248163426e-02
-5.806177656333165460e-02
-2.076487431275497730e-02
-1.614223134262177117e-02
1.372149181041110166e-01
-9.115520413715408332e-02
-5.269610765155606502e-02
5.608364011313482500e-03
5.935602593210188849e-02
-2.968854037086095243e-02
4.564553036089730870e-02
-9.282972357600108304e-02
1.393376798583708664e-01
-8.349084276541164640e-02
2.433973225033834314e-03
-1.019749723363914118e-01
3.724438915980246567e-02
6.812535796509430752e-02
6.409431386517674967e-02
-3.808079251308472968e-04
-2.521506726252977643e-02
-4.340094287023808090e-02
-1.373632277915054489e-01
4.883332498678549100e-02
1.537569872775879087e-02
7.540317801628268479e-02
-6.654309601303863564e-02
1.064125016690693412e-02
8.498080212624972707e-02
-3.285468355876841606e-03
6.192039958542286393e-02
-3.416045154738153039e-02
-3.486731293060060799e-02
4.524569216321418924e-02
4.885013276555461026e-02
5.877356770099233241e-02
-8.964532333431496358e-02
-7.442403102819170058e-03
-8.147762675117936615e-02
-9.478096645651117036e-02
-9.778833414289236914e-02
-1.458032399253780809e-03
-1.079197100566369888e-01
-3.483611101005693045e-02
1.001117648810994354e-01
-7.094729563271506834e-02
-2.015929884317966408e-02
-7.426177835541736272e-02
8.973739593607406306e-02
-9.802011820336947734e-02
-1.044316104908553644e-01
1.545597417108331151e-02
5.441384993959919036e-02
2.351687241756533070e-02
6.944131572546492770e-02
1.325056675435744291e-02
2.785363422702102215e-02
4.563982821133322904e-02
-8.689228180068864216e-02
-8.385125566843656952e-02
1.265893416168111518e-01
-1.824068875328313521e-02
-1.710955043761983735e-03
4.027747758189093030e-02
-1.399904652971773467e-01
-2.955006528321776557e-02
-9.634888946616487759e-04
-4.718288919574938067e-02
4.148267864707940594e-02
-1.183202055007902681e-01
8.104654773750236824e-03
1.493257631627003534e-01
6.359633412572172906e-02
-4.147620254785459870e-02
-6.301271886907598707e-02
-4.807353110646945399e-02
-1.156978096292804042e-01
-1.867178160516147489e-02
9.024078221455919535e-02
-7.473006183870224695e-02
1.285894135069419117e-02
1.122946345543845842e-01
2.557966060960407961e-02
-8.180818329103521636e-02
1.965351450402202590e-02
-2.784245916153625308e-02
-4.949046440243663053e-03
-1.458020201876254751e-02
-6.282612579337197925e-03
1.036787198778514052e-01
1.583658824446391444e-01
1.391248055907940220e-02
-2.414268421429678624e-02
-3.185044626519538402e-02
-2.194285864986111195e-03
-6.962165308148564324e-02
5.708319936888035795e-02
-4.224597365751913552e-02
1.038027581241832142e-02
7.504462106617298262e-03
3.289476751032176065e-03
-5.440425098325150921e-02
5.961276761303011679e-02
1.531055194853321866e-01
8.866043035076744128e-03
-7.523684740082595135e-02
-1.022166084808924236e-01
-4.633596041406627675e-02
4.186335437407476268e-02
-1.687968319459918209e-01
1.241246623635785112e-01
2.806279500859285014e-02
8.112034786074151516e-02
6.231799067546690135e-03
-5.534826459397789583e-02
5.324375345515755531e-02
1.779107015286137405e-01
-1.248733309729255503e-01
6.972901655381773256e-03
8.732271571077007688e-02
-2.451282580150884391e-02
4.728728452727538889e-02
-8.382872296988662375e-03
-4.014139291788505065e-02
-4.317739935122880818e-02
-7.299292993749451064e-02
-6.084970569409694358e-02
6.351142513158279657e-02
-6.312773307932520450e-02
8.709834743251827771e-03
-1.773021946420751394e-01
-1.001722617553249539e-01
2.860386139938385364e-02
-3.534814104196443152e-02
3.495067608047566776e-02
2.743763004097957495e-02
7.145371607101044797e-02
7.046660404401858258e-02
-4.467002643131864903e-02
5.998025005856483932e-02
-2.459227396274021524e-02
-2.653499069153939655e-03
1.645488616463641751e-01
3.927925381899717572e-02
1.523480862977190098e-01
-3.730703512135324224e-02
-9.476639661464596187e-02
-6.444275591371854961e-02
-4.281866494782583799e-02
-7.748564376736499781e-02
1.355330623520025202e-01
-1.289607431732464060e-01
-5.754293022100917532e-02
-2.503195133414166246e-02
-1.307878471627397787e-01
1.034131538133045980e-01
-4.872328460054228816e-02
8.795513452013950170e-03
-7.216231030384301359e-02
-6.413008434308085925e-02
5.174168122768856015e-02
7.352259688355927691e-02
1.695877932897675855e-01
6.632928821316727563e-02
5.931447136901074613e-02
1.048548167183759039e-02
-4.432391584627048964e-02
4.353866015532772971e-02
-2.828147895681950436e-02
-1.202918421298974569e-02
1.260345742756872056e-01
-9.355804077892668560e-03
5.637059953826298320e-02
1.124616763317546758e-01
-4.786538926680832667e-02
-2.521603023228485146e-02
1.517418725691188283e-02
-3.907295291948378879e-02
3.315875951844075159e-02
-2.900316483567559611e-02
-1.637370930250020840e-01
-6.032123925236263645e-02
3.452379189415266669e-02
6.870297155227145236e-02
-1.484666129992202876e-01
4.379183330314685707e-02
-5.719534362259554028e-03
-1.177375829379413569e-01
-1.034284354774273607e-01
-3.964664964441665801e-02
3.774363523830039091e-02
-1.036525238875307398e-01
2.191332566165640067e-02
-7.261740667923373763e-03
1.253422073760815381e-01
-8.965821616335649391e-02
-5.270774830308656150e-02
5.071047467469121800e-02
9.272372864514237534e-02
-1.485863144891020338e-01
9.389189010021653514e-02
-7.426160733944597858e-02
-8.804530466257454169e-02
-1.616058661751983982e-01
-9.530350916018479057e-02
1.282013572430231452e-01
-4.110323239364112313e-02
4.945042489125242233e-03
-7.656606809585818352e-02
-1.879630150542686839e-02
1.117892481418708006e-01
-8.854313092516193431e-03
-3.855461325042554982e-02
5.054669031909377053e-02
-2.158897770230830404e-02
-3.390552778458648386e-02
-1.295668084458248270e-01
-8.174394186255802552e-02
-1.080903583678509416e-03
6.760169014167045909e-02
8.172023516062580650e-02
3.711622543380579259e-02
-1.693027096249402272e-02
-8.103397610513861371e-02
-5.288155708816535960e-02
1.142703724122666464e-02
-1.067845623489847573e-01
-1.231015115574089352e-01
-7.847384258623996134e-03
1.199476459498730885e-01
-9.964602331151826975e-02
-6.624378631585391142e-02
-8.900781908607019455e-03
-3.386509346275352883e-02
-4.016795407267369222e-02
1.535139027049810256e-02
1.151673055961463521e-02
-1.268836768122463821e-02
-4.466018745559249131e-02
-7.694808985791433756e-03
6.528460750853043448e-02
-5.136328612512013059e-02
-9.840617002696297466e-02
-8.725635019118650748e-02
1.346809021009194411e-02
-5.519257059709498092e-02
-7.202113765612422336e-02
-5.595280885052944519e-02
1.218966223436588822e-02
9.915193327767016229e-02
-4.726007666408712365e-02
3.060464685365530194e-02
5.064627609971811967e-02
6.514888240688687659e-02
-1.984598896722510747e-02
3.563952824845282447e-02
-3.940913560545987460e-02
-8.802537235479170052e-04
7.450758405244334304e-02
1.136735022653636434e-01
-3.648012422928832710e-02
6.974809506150073113e-02
1.016767751132546804e-03
6.514785011980053775e-02
4.401324439392811927e-03
-8.416109524069560754e-02
1.856045499269644294e-02
-1.650392066415912878e-02
-1.903131095274089579e-04
-8.629602568067269719e-02
-1.048487796920659076e-01
-3.603081748632289139e-03
9.900988812686817298e-02
3.289559096711376640e-02
9.508566400038795385e-02
-5.939097814504026851e-02
1.514549319068225069e-02
-3.160625700131136639e-02
-1.072450315420672706e-01
-2.767822738469424837e-02
-2.952616474547208048e-02
7.625637060647626891e-03
-3.564190049468772548e-02
-4.436740422175240034e-02
1.346055619820426402e-02
-5.051144084894472475e-02
-1.106636388880160443e-01
-1.435580473274819524e-01
-1.844246199156867466e-02
4.556397878410730490e-02
-1.951745685236610031e-03
-6.462633008385482158e-02
1.047420799739993413e-01
-2.876934819536563440e-03
-7.786120068066910982e-02
1.535347499107232033e-02
5.697479436424405380e-02
-1.348782614538313607e-01
-1.297766480416889801e-01
-9.202228447789874421e-03
2.223327867804829328e-02
-1.198118331818199545e-01
-2.897103660770724079e-02
5.874879988934933461e-02
-1.648989397986377545e-02
3.928330501293063326e-02
-1.332264738041551710e-01
-1.152893438134811044e-01
2.333587741538750357e-03
-1.387877500684712995e-02
5.810524819726264889e-02
-9.806146702249267377e-03
6.349330769814065523e-02
-6.434164293903392451e-02
-2.309872229332839144e-02
-1.064529279336393908e-01
1.711497060159242745e-01
1.716173972253873525e-01
-9.614029221694768423e-02
-1.574787086157460048e-02
9.991843983718805278e-02
-7.843146966841049728e-02
-9.416837956717390157e-02
-4.271439442442331175e-03
8.826727433745160112e-02
5.764220975295274163e-02
-8.717800027775296501e-02
-2.645406022676678390e-02
-8.228824230803902240e-02
1.860446184972287115e-02
1.796357363226760984e-02
6.777798030198668028e-03
4.266068266838556750e-02
8.532588833753718127e-02
-2.116752074989632082e-03
-4.559593320729667110e-02
3.047383791437792422e-02
-2.130046516604997345e-02
1.037397820579979285e-02
-2.773027427403390588e-02
-1.865728671093147203e-02
1.101324441767538159e-01
-3.815365161095267410e-02
4.561642792123722819e-03
4.040938819779600621e-02
2.616910925161713974e-02
6.104707692402953217e-02
1.210002297292425005e-02
-8.167656174158058335e-02
1.606690363320143963e-02
7.671468417393742523e-02
1.259351897907199369e-01
-1.573161663846381064e-01
-1.014339134291104144e-01
-1.173526847789477245e-01
8.052713529149491123e-02
-1.042230446224298029e-01
-8.068677364609623537e-03
-2.928059337076898902e-02
-9.313702528256341540e-03
9.551617158722928991e-02
6.685592200517845307e-02
-3.893978120674740362e-02
-1.587017587744818381e-02
-4.393301653462988732e-02
4.497414598221576021e-02
7.253228826313491695e-02
-9.039948538120820554e-02
6.038307390080237258e-02
-6.324035356448007295e-02
1.806382421855281389e-02
-5.729387509015321928e-03
-6.579788524221068247e-02
8.366297188314612832e-02
4.181382824112112734e-02
-2.707539268588363482e-02
2.822857465079690181e-02
1.390147758927832988e-02
-9.153488256575088855e-03
4.264990175213728696e-03
-1.237007878082233281e-01
2.353398169848835986e-04
-6.517666138952216137e-03
-3.759745674327028692e-02
-2.123985676095218808e-02
3.236624299354719236e-02
-1.479123486746304617e-02
8.214015738789506860e-03
-6.259922867345790731e-02
-1.159021533535405796e-02
8.915725863461648748e-02
-6.802138699306037317e-02
-4.519044949129335381e-02
5.947798849609724214e-02
-8.687901482960366795e-02
7.950760930697658990e-03
-3.547740126575282815e-02
7.749258895496963229e-03
-3.451817326885175952e-02
4.745652071875602895e-02
-2.456936268119621486e-02
1.301789091140707899e-01
5.257924123116979043e-02
-7.611345716694041530e-02
1.323089910284031001e-01
5.321063300004062746e-02
4.208973505384822067e-03
-1.265528088887273028e-02
-9.193077331919988215e-02
-6.204800991325307158e-02
-1.003231078207630217e-01
-1.162068124262983018e-02
2.150487867724721475e-02
-1.162299999789144500e-01
6.110709796837927865e-02
-1.268073978506195632e-02
-1.243156882859867973e-01
8.249440063801291578e-02
1.352578173809082518e-01
4.210285369163684066e-02
-8.061957896221497166e-02
8.093540957502182165e-02
-7.297766434724614615e-02
6.082161435034826730e-03
1.199851698273255579e-02
9.018352790194987534e-02
3.002896010794603443e-02
-4.202833300982625198e-02
2.696267208174571439e-02
2.985119135404683266e-02
5.455381542928230965e-02
-8.753104935807222431e-02
-1.254053051511783146e-02
-1.539300314092607036e-01
-1.569179190915049316e-01
1.147976817939543731e-02
-7.566475757934718049e-02
1.516759270963650118e-02
-7.225452726066509956e-02
-5.202063044658881280e-02
7.288898146976079129e-04
-7.323693432211410281e-02
-1.154728459730407913e-02
-4.585418290179327228e-02
-1.239554115739637807e-01
-7.444561991408699120e-02
1.268894802568851787e-01
-8.294324946643571311e-03
-7.126242468091982529e-02
-1.484285376558540093e-01
-3.816138320152866192e-02
-7.612996465198156038e-02
-1.251787724575981198e-01
-5.882730744244599186e-02
9.580305795996846285e-02
4.746738306078761294e-02
-1.448559339383780342e-01
-3.115227603020159775e-03
-6.355816654675155997e-02
1.684736351791207148e-02
5.511543216370204390e-02
-6.325471642253202575e-02
-2.236263057024986955e-02
-5.752418662229363822e-03
5.849179104806669083e-02
-8.834334430073472605e-03
-2.849395481506854580e-02
-5.417950939635685081e-02
-1.333977877058637740e-01
-1.244520499372568645e-02
-5.221418186634400188e-02
9.044910865648439491e-02
-1.221361997478816047e-01
8.599761282786014260e-04
6.208863896959029849e-02
-6.360853895101434285e-02
-3.340789149511882994e-02
-1.808910600395023660e-02
6.421090268834113435e-02
-1.063244116959407570e-01
-1.369229363260559829e-01
-5.304488661844429520e-02
-1.001318668882156676e-01
-5.628499451409095522e-02
8.994621228389576562e-02
9.750323267507091107e-03
-7.561486266476277751e-02
-6.091510805295338726e-02
1.141821772457529138e-01
-3.333665113202911173e-02
-2.817811898876974169e-02
6.046377925526996711e-02
-2.861145986478271994e-02
-9.243395928482638080e-02
-3.682203690994793194e-02
-1.436184078374747562e-02
-5.157002619116390907e-04
5.680622475919318293e-02
-2.287523601835390885e-02
-1.440301394387067391e-01
-1.252098915578540306e-01
5.261435196527057545e-02
-2.470185216557236815e-02
-1.044847454528584074e-01
-1.334228399314825800e-02
1.176766705960143738e-02
-6.419845139567433023e-02
-9.980261230015695373e-02
-4.757356808673335324e-02
8.215250788497438506e-02
5.053034669100640863e-02
3.249788353386050266e-02
5.075440554545403160e-02
-4.200578332991988795e-02
3.494647084684876504e-02
-1.023139626431712051e-01
-1.601709306604608835e-02
-4.082891247845363281e-02
1.098079870479280740e-02
-1.349111868908414724e-02
2.155402714028736844e-02
9.958093188279786012e-02
-6.556646281082899319e-03
6.548830572637676095e-02
-8.201960365864868763e-02
1.461386462465401603e-01
-9.787299571410744414e-03
2.568217053246579784e-02
2.286332053139342180e-03
7.797862838824673459e-02
-6.621712498726455010e-02
2.492665386157433965e-02
-4.362250415331939135e-02
2.588792561948493123e-02
5.747155836302966780e-02
1.080177714955744828e-01
-8.193852623514248645e-03
-4.958712648079824370e-02
3.515869927748949825e-02
1.324486005816064571e-01
2.381228660660107688e-02
-1.667360410628708663e-03
-1.374160596865289796e-01
9.859004671805304820e-02
2.236009737609608722e-02
1.847488428417416728e-02
-7.297098705908354466e-02
1.245757326390268399e-02
7.890785361893123961e-02
9.495643861782869510e-02
-5.970857270734388628e-02
7.338321854233550989e-02
-9.752331613353386330e-02
5.989779501027268221e-02
8.072739141460305579e-02
1.564699438774853901e-02
5.768213022597829670e-02
1.190694428838178463e-03
-4.092796070846280859e-02
3.432129907738634689e-02
-7.742890829543774833e-02
3.845415983439245261e-02
-4.168776574184000772e-02
-3.899103760605782121e-02
1.901164154208144497e-02
4.689691612782002222e-02
2.908020299129952801e-02
-3.620663739645422347e-02
3.197771591341248831e-03
-1.322383492926776372e-01
-5.898186028189746077e-02
2.985523675570903035e-02
-2.848504593153255299e-02
-1.127300966012636241e-01
1.009421235361274150e-01
-1.146259039014182329e-01
-7.871728966562357988e-02
5.954180920767652985e-03
2.201778944569338092e-02
1.718550258095192379e-02
1.117594718360520600e-02
-5.530586430492041849e-02
-5.336461975543430047e-02
-6.957210545936901719e-03
2.314191491225421615e-03
-2.662294528156887788e-02
6.408955263609961150e-02
6.536292449355349254e-02
2.936505320288725768e-02
-5.531825444268205494e-02
-1.849976005774540133e-01
-9.964444968305834205e-03
1.498239243855681649e-02
1.493340664304498855e-01
2.267254513895035004e-02
-4.718366104729079108e-02
-4.335910617964316288e-02
-6.184504755662517672e-02
-2.949711701653082684e-03
-2.354523878852414140e-02
7.714296734205738915e-02
-5.859584228364345115e-02
8.555292223354904468e-02
5.820317097535013251e-02
6.747213090420094150e-02
3.727093937446448318e-02
5.610564530685627216e-02
6.571465162389145132e-02
1.228796627917453921e-01
-9.885293342585424470e-02
-7.238458789749582789e-02
-1.108127905730918461e-02
2.451948444418558526e-02
4.343284485739557291e-03
5.454257625378938767e-02
-2.438280886740258613e-02
1.084168298113133144e-01
-7.862982153051994993e-02
9.150970648959548537e-02
-9.482243543552514031e-02
-1.757532669484629384e-02
3.899718502268806342e-03
-4.546404205041167101e-02
8.166688971710141243e-03
-8.553747905475637958e-02
-4.983791038320077582e-02
-1.036065119894259978e-01
-1.752773100431068154e-01
-6.068914064685959620e-03
3.513170373362767274e-03
1.062090168632891379e-01
-5.380437397652759746e-02
1.801392636844911244e-01
-1.781019785386833351e-02
-7.152466098349849477e-02
1.452164472631539138e-01
4.309976197568669148e-02
-4.698041697194962896e-02
2.371542135487335334e-02
-6.691297506368656944e-02
5.077706342463510214e-02
-5.255401732165994322e-02
-3.918992338377017687e-02
4.958354980627623088e-02
1.268374850091995992e-03
-4.081778616813885874e-02
4.632678166403204206e-02
-1.384462164154459662e-02
-5.074479566972908695e-02
5.135967875062744797e-02
-6.069426161059973679e-03
-3.521244154346431232e-02
-2.359939495488350830e-02
8.861343870178145510e-02
1.023599674950299854e-02
-5.703916473154117817e-02
-5.464921469408905164e-03
-8.477659877758947360e-03
-5.698077832023536182e-03
2.935502401024770933e-02
8.233500766402387927e-02
1.828738883420789191e-02
-9.197238836842112908e-03
-4.426883673362156518e-02
-1.851024162470356338e-02
1.198649366023962215e-01
-3.045370604818514737e-02
1.698182265847398772e-02
-1.172886537226223158e-01
-5.617650031003203204e-02
-6.397525378851226519e-02
-4.483728621369498235e-02
5.848569963552080475e-02
1.598509881812775271e-02
9.216647537107984511e-02
2.833601989883446567e-02
-2.317281765223508719e-02
1.094415150820556709e-01
2.309165908193994837e-02
-4.073516213380710266e-02
-2.999188023871151437e-02
-1.137193366539097916e-02
-4.584033803084694436e-02
-3.443788248461480267e-02
-5.230520635711866095e-02
8.888211831478573521e-02
-1.128429436461534340e-02
-1.315999810866727016e-01
5.700830812880291337e-02
1.492867575497226484e-01
-1.023778731601178299e-01
-8.543039909519201114e-02
5.669018127827477049e-02
-1.905073630623771441e-02
-8.629138474060471520e-02
-3.854440125585499588e-02
-2.327782355105198486e-02
9.409570371344060102e-02
-4.179371612071523107e-02
-2.421519968598339484e-02
5.809656594975252941e-03
7.007385100015298129e-02
-9.774156874965171660e-02
4.476130534847791442e-02
-4.980131762207858082e-03
-1.184508787755930992e-01
9.369342613069940595e-02
6.840811504176844138e-02
4.060653325934004965e-02
-4.228491774001723325e-02
6.451583755054932090e-02
-1.030770578152296058e-01
-1.516686892129462394e-01
1.396999310965443553e-01
-1.235079435849299329e-01
-3.697635311953539894e-02
-4.314127855036108128e-02
1.679667383811803485e-02
2.179419536533266921e-02
-3.517647930356330305e-02
6.036983700592891966e-03
5.232821553785874102e-02
-2.183799639691452743e-04
-1.081470075019036643e-02
-1.035260511814223156e-01
-6.902039206142231154e-02
8.055554103637500851e-03
-1.342713683920016693e-02
1.406119314991221420e-03
-1.175678430211653663e-01
-3.533519498238098244e-02
2.599032281693957822e-02
-5.930652394770738467e-02
1.096052443935448817e-01
-4.042730133380278285e-02
9.648810450073766476e-02
-1.140571565436129982e-02
1.206730474882000831e-01
3.998736930431937703e-02
-4.898529322707645406e-02
-2.259071149400042680e-02
-9.619608033116379409e-03
-5.216027111977808439e-02
-1.477285417480703744e-01
-1.171473992209175197e-03
4.979379356356514186e-02
5.411403858194831912e-02
-7.921647166487215397e-02
9.307254143591028872e-04
3.522339230147918110e-02
-3.746746747217429008e-02
8.292652114255810725e-04
-2.085349718000898897e-02
1.304706256766469813e-02
1.951994733443785518e-02
-5.244231661495566549e-02
5.269909429189923583e-02
4.230491079728676551e-02
-8.538330729317103462e-02
1.075691095491599636e-01
-1.280483809541382578e-01
-9.807035661523952341e-03
-1.453375652866510659e-02
-2.098657409333331003e-01
-1.115373865614165821e-02
3.459427486872483637e-02
4.414628078355489066e-02
-3.056131910753201453e-02
1.060187636489437202e-01
1.548200758051845871e-01
3.079577670147306406e-02
4.741828957900054431e-02
3.243271196242194371e-02
-2.223788966983367490e-02
8.542348104824445953e-03
-5.246791820344526985e-02
9.804171076025809672e-02
1.259577260004215438e-01
-7.488514360398114411e-02
3.861624748202501650e-02
5.309915293908323841e-02
-3.421830659367507826e-02
1.259339434782350275e-01
8.728495008990319604e-02
-9.632039076036150171e-02
-9.214423046726688549e-02
-9.549230407581242586e-02
1.184032522611801336e-01
5.535486179762047487e-02
1.640720097924752707e-02
-2.872016939649797013e-02
3.343219105705002442e-02
-7.687930876557741433e-02
3.894189200482080226e-02
5.870466598500471284e-02
-2.073598938477677275e-02
-1.582250319119744841e-02
-1.727176817850300389e-02
-2.243574074867263346e-02
-7.992045697376957969e-02
5.106562949516616629e-02
-3.482695645567873699e-02
-1.046063554417021035e-01
7.362006678201328536e-02
-3.856886484434438739e-02
3.659849413677805641e-02
-2.234055796658821619e-02
-7.860939102311065296e-02
1.634293960045788419e-01
-9.850069548334361436e-02
-1.468247062477404108e-01
-1.070661511592544968e-01
2.960767652622635360e-02
-5.181499332261911561e-02
-8.557835368937985465e-02
2.649616093275871005e-03
-3.108970840431485305e-02
7.931447504273497762e-02
2.968978356455768963e-02
5.301128739397854145e-02
1.234945872152713453e-01
-6.423753487993247302e-03
1.196763387825671432e-01
-5.935741796015665123e-02
-3.826288944649196277e-03
1.007099459993317236e-02
-7.055551420878880542e-03
7.781478995947269106e-02
1.160314383100849861e-01
-1.011741771001439527e-01
7.944254530072292209e-02
3.160910158461704977e-02
1.637625110465656952e-02
-3.831698812572821577e-02
1.068193120973559285e-01
7.410488202884041309e-02
-7.522127093944666609e-02
8.382043042103465291e-03
-1.045240856131811752e-01
-2.139159856276875299e-02
-2.898468569934285061e-02
5.060072862189932824e-03
-7.254977731971677668e-02
-5.423699182349481229e-02
5.295306457750206114e-02
-4.974362831982157007e-02
3.023733426028095417e-02
3.886257255063840094e-02
1.303561011371585920e-03
-9.627473977153071238e-03
1.096646158657864634e-01
-1.605284054077765754e-02
-7.786978821412812724e-02
-1.195646640348892176e-02
-2.988523669334879063e-02
-1.540552288696222516e-01
1.020934740303512528e-01
1.842207059043002651e-02
-4.805353192865596812e-03
-6.846986334449416123e-02
4.563121642998430039e-02
1.775353769051488118e-02
6.505670060976610769e-02
2.896461025230303438e-02
-8.674110543514995664e-02
-4.662746111607646293e-02
1.486222041412049721e-04
-9.023471089111376187e-02
-1.752872826554095764e-02
1.770417841721230734e-03
1.217200085861293024e-01
1.367097488630191204e-01
7.392833267797152205e-03
5.995990148293564581e-03
5.451346503777113051e-03
4.086989578641018334e-02
-8.653743855536036311e-03
4.700764276607657249e-02
-7.208993224306188552e-02
-3.900848390896277662e-02
6.999818143862990283e-02
-4.018015888918649581e-02
-3.923130144730457847e-02
-5.702667460979367331e-02
-2.093851469466204845e-02
6.050236489645029886e-02
-2.285982339647807046e-03
-1.963557663748061177e-02
-1.210576194930883948e-01
-9.607025616742725926e-02
-4.955659931755646702e-02
-1.509531050181437406e-01
-6.049179279687672689e-02
2.222430098009017807e-02
-8.585252417669355512e-03
3.646019997957472558e-02
-7.588329888624258113e-02
1.474829229487486550e-02
7.732854967133026558e-02
3.363230351706628096e-02
-1.312143753386046663e-01
1.031599896723855297e-02
-3.542948681816114609e-04
3.744389513006846082e-02
1.356614444281700402e-02
1.149400957852651922e-01
3.225125863108705554e-02
3.765859866506778703e-02
-1.725798245747667270e-01
-5.843821696064724347e-02
-1.531454397037266268e-01
-1.036795277884312999e-01
-6.460749164194320993e-02
-7.348295251944808593e-02
-3.622992043660816508e-02
-1.123748776979755226e-01
4.585583169665332498e-02
-4.045791473860919918e-02
4.611930097560822811e-02
4.646023910706285898e-02
-3.591609805932440003e-02
-1.332655054159481156e-01
-4.389289768651052914e-02
-2.471591761212923316e-02
-1.480662026884672355e-01
-9.098220715634071365e-02
7.888184018165801670e-02
3.277463926471142763e-02
3.141739966175288029e-02
-8.744119777123700310e-02
5.993325664849470658e-02
1.291341978191385131e-01
2.545378592219381397e-02
3.556076141503536348e-02
2.503666413297490553e-02
-1.067793715777466332e-02
-4.478296290466505375e-02
-2.228483118657761386e-01
8.357787166577178295e-02
-1.230478837988526336e-01
5.049906126124006911e-02
5.165003202160742962e-02
2.857266449071396708e-02
9.560127973773244192e-02
-1.004208673057427337e-01
-1.139776732980844615e-01
-2.268801253754800309e-02
1.102459308759170531e-01
-1.213030697978059042e-02
-3.691783463814186927e-02
5.226495968661416802e-02
2.493846387274502308e-02
1.117377386655333399e-02
-5.999554790100516261e-02
-1.751373011078052183e-02
-2.684608527488445417e-02
-9.088183982284003815e-04
-1.165850465010651454e-01
2.697142009053041939e-02
6.098354206100242703e-02
7.915853159239057135e-02
9.988119939344068665e-02
-3.031630099041723175e-02
6.668606895654796696e-02
-1.138017521169290974e-01
5.769921910014155081e-03
-5.558295685846149914e-02
-2.755074163781949526e-02
-2.164119089195538914e-02
-2.641423032993338998e-02
-1.677840519961499438e-02
-6.119841118679408137e-02
7.122980625072339311e-02
-8.690787798434453093e-02
2.221905024000846163e-03
-2.121062148043097867e-02
-4.742189834125928871e-02
-1.562731320039155991e-01
-2.344845181589609931e-02
-8.461868087858667731e-02
-6.389127581463355243e-02
1.161889505035744452e-02
5.581405131720562629e-02
-7.654160630172983371e-02
-1.632367633356788528e-01
5.379718011439738046e-02
-5.175281465486876453e-02
-7.618958567187572584e-02
2.913461288962425344e-02
9.557101333194123471e-02
-2.321366951030173070e-03
-1.111171815029874527e-03
-9.245584977254146797e-02
-8.309908831050144551e-02
-7.718828918221993726e-03
-5.961091191646952780e-02
6.998688336443770197e-02
-4.111049396514068754e-02
-4.448937650655346299e-02
-8.011352605634441265e-03
-6.509234739332361852e-02
1.058691015499288318e-01
6.121368018936603622e-02
-1.492485563298037166e-01
-8.633603631929435973e-03
1.095501092334155713e-02
-1.342993164892653524e-01
-3.267563669211087651e-02
-1.079378231879943029e-01
6.476658558373493690e-02
-8.535108254404812078e-02
-6.979588863653445052e-02
6.751303534641478477e-02
7.673286771466131251e-02
5.042681688627726616e-02
2.825555715595368111e-03
-1.052263306021418432e-02
8.543881183071908025e-02
-8.836670936132720588e-02
-5.735039479276384661e-02
-1.859231718557569080e-02
-2.410395671890580571e-03
-6.334213833563681617e-02
8.309853071092992982e-02
-1.657807615897910480e-02
-7.537879784145455619e-02
6.342671389995042930e-02
3.770019209052102860e-02
-4.079588063912363560e-02
-1.270936407269243340e-01
2.903482265961435452e-02
1.398473601334605104e-02
1.715145273836159168e-02
4.692401702400900848e-02
3.652555458288075929e-03
7.313783273099780380e-02
5.831794609154591913e-02
4.092630765985174474e-04
4.679163637469896386e-04
1.151996510854521732e-01
-2.361168526015392996e-03
-6.138830245875902952e-02
-5.265360174401858412e-02
6.215184534367031166e-02
-1.104855552885240927e-01
5.618236272530524600e-02
-1.967162179993123261e-02
4.076136320955083686e-02
3.887412539364848603e-03
-3.737827733798098663e-03
-7.170006243292152692e-02
-1.276883102307575096e-03
1.818549699849866114e-02
1.033480636289005328e-01
-1.027440565612457168e-01
-3.345800846556791497e-02
-4.585114118308987463e-02
-4.834868977379949695e-02
7.161357105316286387e-02
8.438307973249247612e-03
-2.845797129990026986e-02
-6.306691214204715457e-02
1.539808371823838534e-02
1.422960011716930401e-02
2.360568844474382130e-02
-5.612636131574548493e-02
5.015877363567110281e-02
-5.517627827089437859e-02
5.792220610155159044e-02
-2.786282831540039945e-02
1.080777126879771954e-01
6.056702268641785819e-02
-7.316169838161480643e-02
4.305092350484765462e-02
-6.866585064827986085e-02
4.582511074226187919e-02
-7.265485977638284909e-03
-1.869274573947854456e-01
-9.116102925829015075e-03
2.596582847098199281e-02
-1.103237814101699910e-02
-6.509821551164057807e-03
-1.221679351788640400e-02
2.302774537475713035e-02
4.579103709053104071e-02
-3.398547030081971315e-02
4.405738367003710770e-02
-1.094266784856153252e-01
1.195434178958615229e-01
2.324844925157606990e-02
-5.438590131553759296e-03
4.656829799894819655e-02
1.041586104540327129e-01
-1.058976116374829302e-01
-4.152858176997313577e-02
-9.581451863322608398e-02
5.507104535060022843e-02
1.382979249936610866e-01
2.474113513418296079e-02
1.884728859699350001e-02
-1.328165075594191918e-02
3.637353462896705109e-02
4.031226130943147551e-03
-3.211818877974211006e-02
-8.097680480246088885e-03
-1.505695667917429301e-02
6.843610960824089706e-02
1.985115549288948844e-02
-6.593062014869571774e-02
-8.199264771484481018e-02
-2.648100932795739715e-02
-9.432623253324516621e-02
1.166501243953058792e-02
6.224162121822171545e-02
1.909427876732699286e-02
5.087211875242021730e-02
8.957102681131448585e-02
-6.175424845556164166e-02
7.051335468839618759e-03
-2.239756080252309350e-02
1.285667473138657479e-03
2.712137026105698734e-02
6.185111586686675017e-02
4.633096360590215068e-02
-8.167749532886195429e-02
2.918712297165387132e-02
-7.973181339378596078e-02
5.672036361103609259e-02
-5.625453902520627381e-02
5.200075108249128941e-02
-2.360753381174791193e-02
1.924432219336046773e-02
-1.170182907000649059e-02
-8.188871370430225727e-02
-7.074323974231358503e-02
1.772985192480340186e-02
-8.685476535674346854e-02
-4.388632479827916932e-04
-6.707892636087400828e-02
-7.469901606586196174e-02
-1.601337728854402426e-02
2.494170864879699523e-03
6.678391335538771956e-02
4.510721599228190853e-02
2.861345749641165670e-02
-6.239705192723309091e-02
-4.101701024528925377e-02
3.672569138922866794e-02
5.158875714917726674e-02
-1.020984576567645769e-01
1.569798840148409202e-02
1.041118288074807385e-01
-9.697782227675352806e-03
-1.657256763371617037e-01
-1.371694439471055071e-01
-6.405411825587109531e-02
9.460253504445645389e-02
6.282550801346611924e-03
-6.546378481519188330e-02
-7.325055960041508551e-02
6.168034806090531841e-02
1.992445324417452257e-02
-8.455561198021169234e-02
-5.089349673713206013e-02
6.784255573514808013e-04
1.849534859961480399e-03
-1.745032952211651722e-02
1.200714220145867317e-01
-8.535844176491694246e-02
1.081133485420817525e-02
1.113123946782781093e-01
-1.995508525040842057e-02
3.998669395227741341e-02
-5.408559144586409795e-02
-1.303230300998227675e-01
-3.558859569983334470e-02
-5.590470766725053053e-02
-6.192206645858073372e-02
1.781364268308860688e-01
-1.395349542285449218e-01
-5.376772201700345810e-02
-6.191490698567948120e-02
-9.021894682858197512e-02
-4.716363099976240980e-02
9.136971636698906774e-02
-4.842421867423016280e-02
2.089878397174863012e-02
6.497377338031397331e-02
5.214493665032243416e-03
6.530591975740744626e-02
1.163991028772971975e-01
8.502608750479689892e-02
-1.447077628645201397e-01
-6.720168881984020515e-02
1.248665215963932346e-01
1.267062792999631982e-01
1.617180765511109369e-02
3.708392219523999611e-02
-6.669503354913369764e-03
-1.635795220053865365e-02
-4.206202710009449702e-02
-4.053932215113158904e-02
-5.610656220169936426e-02
9.422516268405768669e-03
-3.133437719598765325e-02
-7.898594111510262930e-03
1.078886976544080334e-01
-3.575600580566576370e-02
-1.881788261493380632e-02
6.796134646775203389e-03
-2.265170165803528229e-02
1.406220021505200091e-02
2.444255581522105508e-02
-5.256804534185081229e-02
-2.365752748100919539e-02
1.625759669623366016e-02
4.511486597053082637e-03
5.541374967091979020e-02
-1.215729877994929792e-01
7.031241724462455878e-02
-1.160129349170096330e-01
-5.751461205451713354e-02
-1.122116528540093028e-02
-7.097280549459476784e-02
1.835822667033669420e-01
1.854476648340011857e-01
-7.890679813340209514e-02
-1.143856311272164750e-01
-1.329010677874611634e-01
-2.986345945828434295e-03
1.167630690278515931e-01
3.879638828231511682e-02
-1.816471139814248015e-01
-2.017781818033951013e-01
1.169187654417959410e-01
2.731624284683010009e-02
-2.888215569308352423e-02
7.356673822816683916e-02
5.949460595613634273e-02
-6.422873167534773331e-02
-1.469963981193236902e-02
-4.972825456407892197e-02
-2.453545549371496243e-02
-4.422388031430762173e-02
-1.657272801966274689e-01
4.860744774745733021e-02
-1.024845710242155428e-01
-1.047769908139915135e-02
-1.126739262292381361e-01
7.346603215346475535e-02
5.498589015049753365e-02
1.092275982272923884e-01
-2.839470301234798405e-02
-5.817184300565805821e-02
2.078749278755702076e-02
1.229158468967015971e-01
4.097304012021674158e-02
1.361096162929467668e-02
-2.151347687481560134e-01
2.807196214445506488e-02
-1.482337941579408569e-01
2.105704554688039853e-02
9.246214387119630618e-02
4.770922795916759940e-02
-1.577877549928133338e-02
-5.358399447559800827e-02
-1.817459733760312321e-02
-5.457641902694564118e-03
7.354016746018993134e-02
-2.159154922037880009e-03
-2.834370273384543421e-02
4.652694343308272362e-02
-2.276845676317942185e-02
-4.843954434892723537e-02
-1.437477688689711153e-01
-5.234001901906511212e-02
-4.754323316568006413e-02
-8.925546482273233329e-02
-1.108539063276034464e-01
4.564876236355470268e-02
4.710502584426290440e-04
2.537804913301491827e-02
4.460479569837978719e-02
-2.351828590983373601e-02
8.865232553948973471e-02
-7.243407656055877997e-02
-4.037462067224326795e-02
-4.276207612002113495e-02
2.938965970997405724e-02
-7.731875088821024700e-02
3.855541532083089917e-02
-2.781035957575732007e-02
-1.618152353354465611e-01
-3.521730678078844462e-02
1.101868572538152041e-01
-4.773622374721296635e-02
-1.805095782184099606e-01
7.840433855195511059e-02
-2.322155008252483124e-02
-3.536808867602511675e-02
7.859958276882231254e-02
9.522543344167100354e-02
5.261914145890028704e-02
9.164225716826412960e-02
8.850561536633685944e-02
-1.048326100972683805e-02
8.557303536219536266e-03
9.373486917208399827e-03
-5.396302376315759847e-02
-1.019837969862927712e-01
-9.181332373999469276e-02
-2.968806043138468714e-02
1.769677000284600524e-02
1.196778516333868725e-01
4.148673753978082690e-02
-3.244349399879060958e-02
9.530839468405259696e-02
3.193199187191768373e-02
8.222542228501439343e-02
-7.028157452243721792e-03
1.053020440832217464e-01
5.257271777471868301e-02
6.564454388817313191e-02
-7.392756249110493671e-02
1.293396812948647417e-02
7.539916560527817890e-02
8.406771432148268941e-02
-1.013177878797252573e-01
1.442500345865112277e-01
1.098087044172060302e-03
-8.593010420337145183e-02
4.423885207587847229e-02
-1.145969857892111532e-01
-1.012852053972581323e-01
2.782944918566825424e-02
-1.303292393414370309e-01
-8.219309302679732310e-02
-2.063454727006050482e-02
-8.486845763962100331e-02
-6.903667394981494176e-02
2.162990046605806418e-02
-7.330192944033434022e-02
-9.876580885849638169e-02
-6.114814444647367897e-02
-6.469194772760233914e-02
-1.193433447178410267e-02
-4.228128456520770934e-02
1.399887638781618232e-02
-4.308911705872828929e-02
6.169256940237932696e-02
5.405874527309691147e-02
-2.143418072542508518e-02
8.539044797497288841e-02
7.953283121572513048e-02
-3.636700581265879528e-02
5.677061514750662841e-03
-6.734805237954691326e-02
-9.965722845122744478e-02
-5.771146576479176116e-02
-3.269947186020994573e-02
5.921136085265661653e-02
1.102880744913750377e-01
4.078676683668280845e-02
7.296802333259272411e-03
-3.022851082584518748e-02
3.661384719919707348e-02
-9.173241777070474667e-02
-9.770222952570191410e-03
-1.686503588700488110e-01
-2.760887180299385901e-02
-3.916829196638270394e-02
-3.639002571416236065e-03
2.326695841309608243e-02
1.326152637452540986e-02
-7.561271767825100687e-02
-1.189957428960768671e-01
-2.451379373478752843e-02
-6.887191563506393777e-02
1.306213771823867137e-02
-8.164183697756693947e-02
-1.209981202206379669e-02
4.946314634285751966e-02
-2.337792552585255673e-02
-9.450621764899587440e-02
-1.797507629068931939e-02
-7.266381251954430465e-02
-4.817333917664389648e-02
4.486279386976567418e-02
-2.254406022492181152e-02
-1.065703694254675066e-02
2.369494382655868564e-02
-4.099823847375952401e-02
-6.658839817079034717e-02
-1.178457065249628871e-01
4.042865882914185860e-02
-1.789462275619613935e-02
5.257166572276293637e-02
-1.381784044535881995e-01
1.203914068413658861e-01
-3.845820990466350398e-02
5.605855278133048403e-02
-7.065333556253225455e-02
2.364726984224757578e-02
-7.172876535359924699e-02
-1.585169992378253345e-01
-3.169806003553004431e-02
-3.077882383851804696e-02
5.508911405042304227e-02
-1.057880496075085108e-01
-3.974099547067024008e-02
-8.042215573937250284e-02
8.377445410711584217e-02
-3.669005538922916199e-02
6.076674538121654146e-02
-8.962099286806844700e-02
7.168448381596689845e-02
6.756609969301405338e-02
1.811580617519555070e-02
1.352741073266730890e-02
-4.968362360035677439e-02
1.136628570894435419e-01
1.413122053504863723e-02
-5.536504621814251903e-02
-5.074865848730113899e-02
2.682088144623297893e-02
-1.527559328983931278e-02
-1.093028268522680951e-01
-9.545629194759011615e-02
2.160363016996695237e-02
-9.309192952461656234e-02
-8.836158846812391943e-02
-2.433453610697143554e-02
-5.792507737593172862e-03
1.092063316328195643e-01
2.711633788892523628e-02
6.127472455548600705e-02
8.894930061735706328e-02
-1.627841294211629930e-01
4.017948666851497985e-02
4.821684265000811265e-02
-4.889368150970856836e-02
9.167803823741596525e-02
2.592827106033425422e-02
4.420719707508262430e-02
5.936500162988504747e-02
5.081227370644035568e-02
3.391630491455175506e-02
-7.108281349591404064e-02
-2.300584291199392686e-02
4.870999503084046806e-02
3.831816980381585330e-02
1.647833428703882747e-02
-1.480516616803449759e-02
-5.667412158775488040e-02
-3.861597252692962334e-02
-3.493597042627762106e-02
-1.952818019561014806e-01
-1.581472323540129288e-01
-3.011755217130362983e-02
4.235543761322105305e-02
-3.683375091285853026e-03
-6.441751631813825985e-02
2.554627180232016057e-02
-1.598795404743384024e-02
3.921464913764148921e-03
-6.353460082607573223e-02
7.714697563907135791e-02
7.021003855163658602e-02
1.128455309725275579e-01
6.673742971292340176e-02
-9.834992298952069389e-02
7.117715746627628626e-02
-3.234909799973509359e-02
-1.744097277519427586e-02
2.312858509583185646e-02
-2.583947993841780033e-02
-8.075166965807614727e-02
-5.455731851477859523e-02
-4.480083587887551122e-02
5.863620351848468359e-02
-6.052490569521534747e-04
8.781486400059684838e-02
-2.096411562364173045e-02
4.205477873670371292e-02
8.291857910111977148e-02
-6.199722929939596033e-02
1.339962093898212636e-01
-1.090576728346217272e-01
-8.075387384971224880e-03
-3.130063204429774787e-02
8.284724115156677504e-02
1.207191265070954450e-01
1.687609404949846903e-01
2.452880905047321800e-02
-8.370191457363855558e-02
1.416420785814129224e-02
4.801337066699894879e-02
1.078440702981021682e-01
2.775740785633785609e-02
-3.112509066729270829e-02
-1.450122158553032725e-02
2.034463814244005797e-03
-9.193554457530091206e-02
1.318223074608509127e-01
-7.220096229833013191e-02
5.469326065000446047e-03
3.336270325104175039e-02
-3.202186814580870039e-02
1.166727430042494018e-02
8.131349595760947735e-02
3.248836655325944289e-03
-9.392601677711505392e-02
6.818213757633820316e-02
-1.257437742689318239e-01
-1.344291042530688096e-01
-6.479339105169037299e-03
7.515304568987116185e-02
3.722779945658115375e-02
8.779440772261767889e-02
-1.935159876626099673e-02
7.984715682025754491e-02
2.044029867635667463e-03
-8.210646896427713573e-03
-4.087975559484324783e-02
4.757068704549971550e-02
1.013231389416396344e-01
1.524647760839258244e-02
1.632412840462706127e-03
2.406130360494299070e-02
7.553760780930780794e-02
8.990828418137152694e-03
-7.032579617376882863e-05
7.307169242932741449e-02
-3.528361167355957562e-02
1.719715316217836076e-02
3.314918832322311798e-02
-6.157681345278929325e-02
-5.525336529962787679e-02
-4.803740127577588170e-02
6.566199295098115729e-02
-8.710539002421943677e-02
7.026338634102807790e-02
8.479214519143393747e-02
1.605308900286775420e-03
6.785141231098773540e-02
-6.219023046445985858e-02
4.783043082340515673e-02
-1.197154295038941330e-01
-4.916843999077670502e-02
1.400470194616402209e-01
-3.459524060855604516e-02
9.843750159731062821e-02
-5.038799181475107219e-02
7.087597937420730965e-02
9.329917434322951286e-02
-1.249838474705027014e-02
-8.408138990448096872e-02
9.946809234879153139e-02
9.527644034332191647e-03
1.225211582181894021e-01
8.963115829956139202e-02
-8.867236329802902217e-02
2.754818321139410747e-02
6.728373529196776670e-02
1.071321758790551582e-01
-2.781900530432678681e-02
-5.401560661644605119e-03
1.876186244806618900e-02
8.493741718948590036e-02
1.313646225934360090e-01
5.400984810429793753e-02
9.101726919902862478e-02
-3.278785320892631250e-03
1.080405474784766617e-02
5.018269838214934470e-02
-1.194457415709655745e-01
2.733627938817223546e-02
6.384525563739333609e-02
-1.708276531650420108e-02
5.952537553058744740e-02
1.328102464728095344e-02
-9.345513559827488270e-02
-8.162091849000019383e-02
1.196895248964758157e-01
-1.040779859531031429e-02
-1.229017295799465365e-01
9.369736646746122666e-02
-1.201229843633857819e-01
4.746533815662094813e-02
-4.981898098812848757e-04
-6.225883600020258590e-02
-4.279900635862400604e-03
-1.175865897878765054e-01
8.108945440678791416e-02
-9.196361291842404528e-03
-1.461972449770824189e-01
1.184732713231600870e-01
7.634472220963225975e-02
-6.287167028101754707e-02
-3.755923165411395592e-02
-1.185769162876336713e-01
-8.106930023413985720e-02
5.376834483403411524e-02
-1.280786013039256765e-01
-5.437666528017787854e-02
-3.969679853152314336e-02
5.107729999840929236e-02
-2.066710761001964297e-02
-4.465631844970452402e-03
1.772554679567425184e-01
-5.076833519065561406e-02
-3.271937940087571439e-02
6.843878825490843504e-03
-6.842813260354471683e-02
-1.061068995879989839e-02
4.170214645673443743e-02
-1.539680162505497815e-02
-6.646466590199701097e-02
1.424976737773638868e-01
-6.098103973487753460e-02
-9.569771085167277924e-02
-7.030319497437421961e-02
-1.275157360327073275e-01
-7.584022835356549197e-02
-4.879564194120016712e-02
-1.123952478634517860e-01
8.692958672411799093e-02
-5.799061974016640753e-02
2.882029804608809975e-02
-9.878093913497497380e-02
-6.828870117460983380e-02
-7.177103328635203727e-02
-6.550728865944152601e-02
7.949454875164047030e-03
1.595490486174687694e-01
-6.506072612570989490e-03
5.500290567998736280e-02
-4.111002851916092937e-02
5.896071205763780965e-02
4.725603500928193812e-02
2.355907700981258249e-02
-1.620988169349725852e-02
-5.955070307432425158e-02
-5.806261775925526669e-02
7.376020916625633528e-02
4.341150903905759140e-02
1.078424191420580130e-02
-6.333714653956207252e-02
-1.290009358291786812e-02
-7.927805853683422832e-02
-8.157820375944277447e-02
-1.543290716229096110e-02
-5.177899966082816219e-02
-1.374674080382141672e-01
1.432644733904613055e-02
-1.270691271758016272e-02
7.953902306901342034e-02
5.892755442165031193e-02
2.422134884223960810e-04
-2.810657115939081685e-02
-6.108298716381886651e-02
-1.903893437209484840e-02
-7.956890285745513158e-02
-8.765888894486104088e-02
1.138765047765370464e-01
5.739453110741475628e-02
-2.623087887150916953e-02
1.026914334895459857e-01
-1.278773594889674736e-01
-6.113365786640801575e-02
-1.764623859632656958e-02
-6.852034162756881486e-02
-4.855947764492596352e-02
-5.018535919563185677e-02
-9.133258007867568751e-02
-5.490503302700282251e-03
-1.036516910895563248e-01
2.692334312393927787e-03
2.574111291948147015e-02
8.435503678245299952e-02
6.778889883679851958e-02
-1.258812630621409245e-01
-1.083645405008538676e-01
3.771590839286492053e-02
1.751401172061652772e-02
-4.015286124995093298e-02
3.592195179811593503e-02
-9.866652502756326215e-03
1.186522746381794280e-01
-7.039107538583104506e-02
-1.284320440565643873e-01
1.765101995983689442e-03
7.175186373867682710e-02
-2.048917954171737207e-02
-2.370484405704281067e-02
-9.998985118013448137e-03
1.898862287598199888e-02
9.566465364474452393e-02
-8.493549066177942530e-02
-4.342908743375102631e-02
1.095129772426603754e-01
-7.682456294309872313e-02
-2.492044187842192005e-03
2.286272597991658578e-02
1.005092633575880960e-02
1.623508025543787814e-02
4.835012201352967276e-02
7.286824923041071433e-03
-5.804378196425346442e-02
-1.705148209506411258e-02
1.246879304002233568e-01
-1.013800419747807741e-01
-5.401977417088619365e-02
-8.942235164940107173e-02
2.938324709518138483e-02
-1.120509770742029731e-01
-6.753994566150149648e-02
-6.057971639116156715e-02
-9.796545157043166918e-03
8.649367209158434489e-02
1.147511439937644595e-01
3.352723551243384087e-02
-8.966042879371990959e-02
3.060191305985546575e-02
-5.284174773777197687e-02
-1.499346265406593659e-01
4.773121715861359388e-02
-5.916354834837716375e-02
8.678478462844932406e-02
4.673503976001613935e-02
-8.736719716957806747e-02
-7.156044256295709949e-02
-3.769494141991129588e-02
-2.815702629974423110e-03
-6.924573475497911024e-02
-1.241458933963644901e-01
6.646548708635204722e-03
7.845299952607354133e-03
-3.556128246172036295e-02
-5.172340136266216637e-02
-3.761762548062968364e-02
-2.865511128129583779e-02
-3.708012398906491980e-02
6.610732898048705952e-02
-6.401143129706554635e-02
-8.546965684883384151e-02
1.133857229660877458e-01
-1.812541309996425765e-01
-8.144159314512575132e-02
-6.659487648179501784e-02
1.892967295858193066e-02
5.479036484672632906e-02
1.094860400063471864e-02
-9.806775074783627422e-02
3.216330893700390658e-02
5.411926927931969000e-02
3.228029506491840450e-02
-2.371751555729009753e-02
4.915507125531023286e-02
-5.779786218525428954e-03
3.773190475983101422e-02
-3.122363532089068860e-02
-6.134042068218553689e-02
-4.615438768868664055e-02
-1.394848748959617683e-02
7.834130296324409715e-02
-2.718364974487694902e-02
6.902039668454269805e-03
-1.528598846647027110e-01
-8.945957700532475299e-02
-5.443808703594479881e-02
5.938102294936099812e-02
6.298354555431262547e-04
-1.580293052733576509e-02
4.151198362015618565e-02
-1.101650791909427329e-01
-2.756555872719280292e-02
-1.290516356687619430e-02
-1.380338373130359231e-01
-6.234482343755548550e-02
-1.132684162395222183e-01
-6.200534772013542584e-02
2.928743054612971061e-02
4.175105410926870791e-03
1.897641014720348462e-02
-5.631197552556672925e-02
1.193978909936616387e-02
-3.452495599389510117e-03
-8.674541550553430125e-02
-5.157296283884765797e-02
-4.424325975258856791e-02
-2.932964622127473206e-02
-2.538622189216426656e-02
-8.356197678867652301e-02
2.443119188122899743e-03
1.110934624290449424e-02
2.387569755202947896e-02
7.856866569477345685e-02
1.034657605252157012e-02
8.187142503416533490e-02
1.472184997403670238e-02
-7.957737290607416053e-03
-1.193609156232076363e-01
4.058331028968697324e-02
1.063650225735632282e-02
1.931025430684508298e-03
-4.371445338768822908e-02
-1.035554572171371868e-01
1.413704151437881334e-02
5.838168309056700200e-02
3.616512010977843139e-02
-1.403837016178667574e-03
-4.438235683588482444e-02
1.147758316624165192e-02
-1.176049182367432805e-01
4.253012194486603670e-02
1.189693788625466042e-01
2.098574376916632206e-03
-1.696333924871914339e-02
2.738900112384624885e-02
6.260102426682537247e-02
-1.919537310197644286e-02
-3.387189223672455035e-02
7.908796824367160527e-02
-5.787997740210649306e-02
-1.110459505470421659e-01
1.296264488054209643e-02
1.730620184859411881e-02
6.616300408127098742e-02
-3.001061557633110874e-02
7.008813737102534414e-02
-7.421140429769219893e-02
4.867332617835140596e-02
5.400678207223143928e-03
-5.685860053929536057e-02
7.922721840156843331e-02
1.812805338205139005e-01
-1.629100725452843901e-01
-6.507043782241181407e-02
-6.040624685813812678e-02
-8.865749389217005005e-02
-1.263016542376861895e-01
-1.154048009597220814e-01
1.048180792029262259e-02
7.099402000447661842e-02
-7.930473807859968194e-02
-2.668050846063155929e-02
-1.398765862003568117e-01
2.345949067226508339e-02
2.346334730897883802e-02
-5.017606944474662517e-03
-9.305696996991555392e-02
6.212661066324469405e-02
-2.145933009232505601e-02
-1.377616699270312606e-01
-8.064885468852181494e-02
1.037380495910613654e-01
-1.176227507925327875e-01
-6.786960423404186926e-02
1.169312477791742133e-01
-1.185903044094764880e-01
1.063721560263234667e-01
-1.000563534632523816e-02
5.483756462278242816e-03
1.255060623694053898e-02
-1.264606721982198256e-01
5.585776471470303706e-02
-5.428204742857332954e-02
-1.702629291505913800e-03
1.048623871243583999e-01
6.406252732261528970e-02
-6.884321982398282358e-02
1.996940466266084596e-02
-7.495214509925764157e-02
4.898880765109745600e-02
1.296025924213651537e-01
-6.654684740687129285e-02
4.118045712047747886e-02
5.171581779767539522e-02
-1.073013038739387484e-02
2.542360627325051733e-03
2.779073247190566587e-02
7.809489363956091668e-02
4.284932719947719126e-02
7.216726089462929816e-02
2.533365314436739069e-02
1.016430537888852875e-01
1.732067999824575544e-01
9.579944841076357132e-02
8.488963679387116767e-02
1.403100007947519212e-02
2.073238941253771617e-02
3.446419618631849091e-02
6.440004749696948139e-02
2.645941382063609487e-02
-7.622581214294647800e-03
2.135607677894625633e-02
5.153966202926035800e-02
-1.051105053304050019e-01
-9.194092793220726145e-02
9.444858661285354673e-02
-1.334993755481989064e-04
4.818078528521643061e-02
-8.382536857602829183e-02
-7.215313973422084193e-02
1.413966927580344313e-02
4.992918889448617892e-02
4.187084405328310444e-02
1.065741461509523346e-03
-4.864010750527769655e-02
-3.686235320895608902e-02
1.970286506387931291e-01
1.970487609841606313e-02
1.520626819063229315e-02
-2.704571228288596071e-02
4.502700252874779208e-02
4.023761032555943362e-02
-4.869625043651455015e-02
1.009849153267418365e-01
1.544417835656127225e-01
3.032365171739208332e-03
1.861520139557242687e-02
8.139011699576710612e-03
7.541432732795119720e-02
-4.673327147456143166e-02
6.244563137266800207e-02
-9.198959866442313338e-03
1.190693291927192449e-02
3.296192342075693338e-02
2.615894784854561061e-02
-8.291378968693624563e-02
-6.369275283044373293e-03
4.891259611741641949e-03
-5.466048776498046852e-02
-6.355064015028874524e-03
-5.741088019912026635e-02
-5.798445368864454941e-02
9.217539026139254243e-02
-1.165859773218137774e-01
-3.717305383542864050e-02
-1.478515140788699833e-02
-1.044638988267457547e-01
4.464988963532624811e-02
-4.694086131350075353e-02
-1.518906286183888121e-01
-6.467652784330593652e-02
5.561580884455614299e-02
-6.399410764341278979e-04
-5.332009102985318938e-02
8.732520448408762070e-02
-4.541308858823293187e-02
1.282363345856846748e-01
-3.033647136735575719e-02
3.590072228335745852e-03
-7.584195526309241153e-02
9.528339313412811928e-02
3.458397579280422796e-02
1.323040320382770640e-02
3.342985443777864163e-02
-2.879071257002263629e-02
-8.481768082032492551e-02
-2.804499905438313095e-03
-5.336951068695912348e-02
6.980769993401977902e-02
-3.136581362732734218e-02
9.594410884322208954e-02
-4.365357658351549930e-02
-4.605007247728643005e-02
-9.068369689146701246e-03
-2.340491135892008683e-03
-7.100727218696092913e-02
-1.457100907835812698e-01
1.306482741072954590e-01
-2.432210243705063002e-02
-9.016409568095743593e-03
-2.692953218726041459e-02
7.910962505145636980e-02
-7.195402609977921693e-02
-5.833232856599428889e-02
-6.868712552365412172e-02
-1.321194348511845612e-02
-1.066374824976434460e-01
4.016480665599866245e-02
4.117306118707851625e-02
5.958221571095050073e-02
1.166931196371816248e-01
-3.293565977388872301e-02
-5.523573778218210384e-02
1.625831212748015536e-02
-1.024018646625411283e-01
-4.533171316196209916e-02
-7.579203544246862490e-03
6.791210291465224480e-02
1.088033930480234932e-03
1.667893926662337295e-02
1.376385153180348549e-03
4.071767333170387554e-02
-1.650484290642745266e-02
-9.368871468393202839e-02
-8.037175762473509899e-02
1.223144145879049988e-01
1.847255286824655771e-02
8.923729971248774151e-02
4.335327456718524042e-02
-1.624244468065496050e-01
2.858021284468430234e-02
-4.441018772670501935e-02
1.061164664831844989e-02
-1.558354009474363644e-02
1.009277190705620553e-01
-6.982964212573986029e-02
-9.523509337678698339e-02
9.203724324190998285e-02
2.005093995313579278e-02
4.986973908141077716e-02
1.150423733144237404e-03
1.925243468742797448e-02
-9.766393190787192591e-02
-3.437008362694607411e-02
3.472065559288133735e-02
-7.307185654386549878e-02
1.297348788773263761e-01
-4.103836517472323614e-02
-1.527550269204273198e-02
-7.039742537525538191e-02
-7.893555759503013969e-02
2.239829387431684082e-02
-9.698562267620292054e-02
5.838320605029839738e-03
-3.668443744304029919e-02
2.179146385896573584e-02
-4.506691030823183064e-02
5.449995468514841346e-02
-3.967334963869112441e-02
-9.227977427527650489e-02
-1.240075396866426316e-01
3.455008539828813285e-02
-1.310237202297755421e-01
-1.083875824156630696e-01
4.207381642170879288e-02
2.107146874660240782e-02
-2.161050376314012367e-02
-1.616182782646319316e-01
9.248717867367860224e-02
-6.788657612710113920e-02
2.105720767664674004e-02
2.425502469032038769e-02
1.265094650089573780e-02
-1.756104738187340419e-02
9.353197583370854995e-02
1.326289840623169902e-01
-8.063920089719125994e-02
1.558327360476252643e-02
2.436912701662148281e-02
-4.561721671426022945e-02
4.867774434376274245e-02
7.010345535847797849e-02
5.059450265041634531e-02
-1.787539016414164961e-02
3.917363642731839374e-02
-1.328141844515657588e-01
-5.026232252526137423e-02
-7.967779490315182733e-02
7.160685490082635551e-02
4.572556245766409844e-02
-1.681372122424076854e-02
1.509037408727314511e-01
-2.560940962253475950e-03
-1.773189837088285509e-02
9.685004122206697375e-02
9.806539889977010371e-02
-6.120362233049050915e-02
-4.117345178262394462e-02
-1.452853845324793280e-02
1.233623298489654324e-01
-3.175377757851642613e-02
9.532957203645109345e-03
-8.125945467506714981e-02
-5.050355397213558695e-02
5.456628350202569894e-03
-9.569914526660272536e-02
8.659078858697116798e-02
-1.068471739378133722e-02
5.014886831841516845e-02
5.525299517667301569e-02
1.552137070271196739e-01
2.654188627571787279e-02
1.559051582918941636e-01
-7.438719577190320165e-04
-2.947782954507063152e-02
7.241722980911510787e-04
-1.070229845070964567e-02
1.150731983514982487e-01
-1.895588089772947682e-01
-7.382045074947368724e-02
-2.914093064135750422e-02
1.640369423787602920e-01
3.846638089518893827e-02
-4.005005201928425046e-02
6.267211962442993667e-02
1.617413848173515079e-01
1.929296824021171225e-02
-2.467350799760259505e-02
-9.435650371471492048e-02
-1.050309252585930608e-03
2.847790185056769952e-02
5.876175430202072031e-02
-1.640653296338553599e-02
2.356102366322753577e-02
1.340880713912839250e-01
-7.776195713471500959e-02
1.001588470902896599e-01
4.406322324693977971e-02
5.935164699189658666e-02
6.020189816026852436e-02
1.199814621687860655e-01
-1.819710537673193129e-01
4.981531091447069515e-02
8.304834618558548653e-03
-1.310442188541341701e-01
7.864663777361975694e-02
-5.261713566419627675e-03
-7.153026302449647100e-02
-6.181996728711403738e-02
-1.609065714629791255e-02
2.717657354218677365e-02
-7.175125028858342358e-02
1.181003302603581689e-02
1.842443039190032328e-03
6.265331323981737643e-02
-3.582683762988193160e-03
9.170699298198645502e-03
1.196110852388442281e-01
-4.572805536273446408e-02
-1.132147949855105001e-02
5.275805531152463757e-03
1.171475930178561831e-01
3.154070807532367848e-02
6.430644046476793885e-02
-7.805440848767100648e-02
-1.194369688136865393e-01
-1.516004859595188048e-03
-6.557469223001299863e-02
-4.313342037444539701e-02
1.226615556114649466e-02
-1.070198851234268611e-01
-3.707243307825634077e-02
-4.541400712439682547e-02
-7.416657804499453277e-03
4.081846080621935602e-02
1.187235824984414628e-01
-8.164024279707783605e-02
1.891713573409567473e-02
8.153227090863372772e-02
2.538824621932547765e-02
7.336194475413335137e-02
4.974317608554358616e-02
1.295377041993767131e-02
-1.647948445816997329e-02
-1.446759335725417150e-01
-1.099737538820074259e-02
2.151309202625711209e-02
4.341060392039002708e-02
4.930358969882670667e-02
1.243323997611670700e-02
5.605267536299789188e-02
2.614466647298426677e-02
-1.350572449134150588e-02
5.331579531726892557e-02
-7.036357385729474778e-02
2.502518178210542260e-02
5.590016149032200898e-02
-7.004806631118924709e-02
-3.110870930599502621e-02
-5.503146794872085246e-02
-2.537240525995537385e-02
5.035914162700500657e-02
4.870108080565319075e-02
4.264968519985205125e-02
4.045600026249707160e-03
4.879871585013822316e-02
-6.439093141748085392e-02
7.591655421242851642e-02
-2.797837438521809383e-02
7.952481231801379613e-02
-3.588738045654149555e-02
1.872983009738440341e-01
-7.055106037677739972e-02
2.657498313487647798e-02
3.381115065426848476e-02
3.811333714790070271e-02
3.441761906588665376e-02
1.553582474794742638e-02
1.361666048158572673e-01
-1.718963627523121263e-01
-6.945496344910354058e-02
-1.130856422447103563e-02
7.318240869399181281e-03
4.882848358692788715e-02
-5.782641693740511041e-02
1.300279920591349697e-02
-7.465180183328493091e-02
7.271613622013194111e-02
-1.108032128739067229e-01
-1.138527691701674976e-01
4.649516116505660740e-02
8.795877691556655553e-02
-1.443082477201978187e-01
-1.259916188838909323e-01
-3.771090299947084390e-02
-2.286442914331064669e-02
-1.278190401101179097e-01
1.121931735600609631e-01
-1.904325529076096243e-02
-3.510000948143855021e-02
4.552835349135866266e-02
-1.061610071997907412e-01
-4.237367076843161912e-02
3.865496505778703157e-02
5.954245128309925555e-02
-1.688449612542015088e-01
-1.407633070744446768e-01
-5.152990637584625722e-02
9.097698306011434144e-02
-2.510546806812107012e-02
4.729646446304187901e-02
-5.456283557432393960e-02
5.106096909846956355e-02
-1.202983451792190642e-02
7.038976179252399989e-02
7.843890663990495116e-02
5.129568110415456961e-02
-7.040059095134248990e-02
1.173030306504895121e-01
3.263437760819956623e-02
-3.729110341211791524e-02
-3.959108418832463228e-02
-8.866070606759413747e-03
-9.374119827898451385e-03
-5.634054483301569050e-02
-1.790366072186591606e-02
-1.528840008569953834e-01
-3.094025521622076336e-02
5.105283319678530218e-02
-8.265341630633271652e-02
-8.658515353455106811e-02
-4.970164514526991678e-02
-1.484165160262864575e-02
-1.427819186027375897e-01
3.229888703904335023e-02
8.356872738335884010e-02
3.667920039307601132e-02
-1.077337723095789235e-03
1.603647422572944403e-02
-7.623177625362000109e-02
2.016957633996913427e-02
2.115584620361378454e-02
-2.993647099410102694e-02
9.592631865300506322e-02
-5.065174261873125333e-02
-2.639946741206841349e-02
2.189211810335658752e-03
2.348934101810766159e-02
4.155071875059788283e-02
-1.766401631523545693e-02
-8.493964347314965357e-02
6.104512664905277497e-02
-2.819414176677385864e-02
-2.306484540255323776e-02
9.109717427890418051e-02
-5.657304615730213843e-02
5.935328515169556451e-02
1.367047775984896185e-02
1.467257392081048883e-01
-6.617772032727126108e-02
3.561810945099410514e-03
1.201609205414788384e-01
4.732754291225349519e-02
-8.226762745851902425e-02
1.509156072611426286e-02
1.614009783890772709e-02
4.836732843119899428e-02
1.233527597925174885e-02
-3.007243022516262881e-02
-2.808769414465434044e-02
-8.634450830896932272e-02
-6.677476182366755275e-03
-7.037241544328401432e-02
1.588151348484996561e-02
-3.355844110085760834e-02
-9.573137525719768726e-03
6.566799803895223553e-02
-2.225758909211821707e-02
-7.288430773064737134e-02
7.617153694115216811e-02
-1.357386142071129731e-01
-6.099481831972310142e-02
6.245462199088771399e-02
-1.696366496941590363e-01
3.745755303673428682e-02
-4.974150107290466194e-02
-5.125604907319020881e-02
5.357437866275223393e-02
-8.006998123307847159e-02
-7.688111231380923005e-02
2.975384242950823016e-02
5.613969876351378174e-02
-1.079607760017192997e-01
-4.979078274225992584e-02
8.826759540889279887e-02
6.893325795063600520e-03
4.644691644137649567e-02
-6.912098054536475189e-02
-6.515894637814638457e-02
-1.047062048277681151e-02
-3.938900064475297363e-02
-3.068267533814739503e-02
3.058941646943335452e-02
-3.059053617461009178e-02
-8.582953045764354916e-02
-6.347081159298771647e-02
-8.886051339110419278e-02
8.425575627737968976e-02
1.005458524929417341e-01
3.554560269700617059e-02
9.352641594530783364e-02
-5.599226183639827853e-02
4.796788455469139234e-02
1.123123012429516447e-02
-1.111050875347015937e-02
-1.237690809055672359e-01
-1.795922164385113998e-02
-2.493602569396321730e-02
-9.914862461986437281e-02
4.147819430480421260e-02
-4.001322082679562020e-02
-6.637958445244496880e-03
-2.514532514000800828e-02
4.631650877347992523e-02
-1.044067628894092270e-04
1.720137359630048712e-02
3.835257856934713716e-02
5.326419473575511043e-02
-4.488557787894496137e-02
6.383912185785885207e-03
6.179922305767369950e-02
1.237622766794456430e-02
-2.210518927667774400e-02
6.510641321087864974e-02
5.862627048046403777e-02
1.040411742857032668e-01
-3.901565554391367430e-02
-5.507941851230783309e-02
8.744435973772465842e-02
-8.325985105700878242e-02
1.205019884832821964e-01
-9.400514411703675410e-02
-8.390183128783355870e-02
-3.074164611023141869e-02
1.050627877100282354e-01
-9.329242458359908452e-02
-1.054659501315990816e-01
2.616928430099627056e-02
-3.956377623886331990e-02
1.917871359115327912e-02
5.218334266189863374e-03
-6.216415846875478213e-02
-1.289868896386195396e-01
-9.002104316404521689e-02
9.871261512277469674e-03
3.200492048655373400e-02
2.615567843984055452e-02
1.641915328419109310e-02
-1.335244445323146012e-01
-8.458433338692314396e-02
-1.354274886736195338e-01
-6.571045441160025535e-02
3.614396263643894491e-02
-8.358218342753194474e-02
5.837861894977577903e-02
-4.592269117314883714e-02
-7.814526810811134316e-02
5.708759638172694606e-02
2.630612627568071696e-02
-1.352730097333689485e-01
-4.930744333833188275e-02
-3.711631936866208875e-02
-1.177423690280536561e-02
-6.443564216407969558e-02
-1.080794771035206714e-01
-1.261221365914482195e-01
-4.182851325164744366e-02
6.228623539535975417e-02
-2.867151583726056802e-02
8.501272241033235727e-03
1.916664278117773124e-02
-1.629809604907681703e-02
9.796452487256671060e-02
9.458590207558534302e-02
-8.964681181969541557e-02
4.571925658561310640e-02
-3.360646571346365824e-02
-3.291031046020416462e-03
4.757091536259785980e-02
-3.755956979028473273e-04
3.541150306665930003e-02
-1.118556596915235984e-01
7.855400165903317355e-02
-6.730169378594910018e-03
6.153929572352485194e-02
-3.054916791778923557e-02
6.191078018985884945e-03
-1.374516087138017983e-01
-1.704869947203976610e-01
-7.915766513159405715e-02
3.852490701606926804e-02
3.699139648270358127e-02
2.747617836264639249e-02
-3.194217630247976614e-02
-1.062844289830263134e-01
-1.065812525145246048e-02
1.618932834104197527e-02
2.167313359096668945e-02
-1.456594939930712929e-01
-1.474632255763822231e-01
-1.917255506347328303e-02
-5.377686180853220865e-03
-2.825813732210408213e-02
-9.848411028538742173e-02
-5.917361184517597877e-02
-3.866214091875587455e-02
1.503020216717002588e-01
-4.861118250631001059e-02
5.346754232644836818e-02
-2.226791343484758878e-02
8.925330192394845263e-03
-1.081053118472786873e-01
2.584657057076006695e-02
-7.929433474866134923e-02
4.064529031612562626e-02
-3.225822348941324857e-02
-4.719019020854450797e-02
-2.107665349004699679e-02
-1.659340658268429816e-02
-8.855014371650771210e-02
4.052272329408131146e-02
-4.499503636455079447e-02
-4.816894638013920898e-02
9.838570662225475105e-02
-1.948071888838084215e-02
7.245395981293255294e-02
-4.577322017880759708e-02
-1.473774333921627072e-02
7.863119681916230092e-03
-2.624601070774891520e-02
-9.481591208781151026e-02
-1.722586405523322470e-02
7.924569036721917925e-02
-7.089557487014354342e-02
-5.697702808426352572e-02
-7.075612866402740397e-02
6.589546559738265752e-02
-1.213596512031533264e-02
1.514223736395542246e-02
-8.664580036606706059e-02
2.685627211953804661e-03
-2.385035474722940751e-02
-1.193962459048238806e-02
-1.372085434928294045e-02
-8.566021705282271526e-02
-9.123167691636172028e-02
-2.201645350976877413e-02
1.192669890221536612e-03
-1.476945225493218050e-01
7.231832283975735132e-02
-1.019942882093041736e-01
-1.616869016140531912e-02
-5.647495067771314547e-02
-7.076656386336442617e-03
3.192784560063850752e-02
-6.902135552726265666e-02
8.791406936850351683e-02
-1.298666824764939387e-02
-1.391574102904096465e-02
-8.045795939501240723e-02
-3.259187704644989775e-02
-4.176712892933970300e-02
9.880664367703997919e-02
-9.916255488244692107e-02
1.947525133867457348e-02
-4.537411077336719889e-02
-6.055599468609472458e-02
-6.894158841022457462e-02
-1.079380848016254363e-01
-2.984932434790813632e-03
-2.438041785592620289e-02
2.036741887392547190e-02
-1.368134249622178500e-01
-9.482509809547198798e-02
-7.398911438942290530e-02
4.502152110397776574e-02
7.734778493567601165e-03
1.224867650843918521e-01
-6.223864718847797739e-02
-8.904647830953249521e-02
-4.375591060778952213e-02
7.509045147285070554e-02
-8.027514107091653084e-02
1.094092362374474159e-02
7.207267532781749808e-02
-5.624177238651655031e-02
1.240263936067862241e-02
-1.290377618944415494e-01
-9.100313003023249858e-02
-7.366299028147474393e-02
5.195375240174718301e-02
2.473035358418444740e-02
-9.555981880081889160e-03
-9.561607810593976409e-02
5.226003878418547521e-02
-1.192577494327416721e-01
-2.579867173530354940e-02
-1.851882299626262871e-02
-3.439542862693087399e-02
-3.896506860779486159e-02
-9.245706052861291102e-02
-2.288375097465434466e-02
-6.222317615966758975e-02
-7.860898472164583317e-03
-7.399101630865412282e-02
1.986874975351917566e-02
-1.201638734389885166e-01
-2.172663635467133106e-02
-1.914329873983090097e-02
-2.558560070585424312e-02
-8.991597724204312969e-02
2.989722911870149047e-03
-5.750233138967233981e-02
2.434046569582433428e-02
-4.254771786461790384e-02
-1.220295863097531353e-01
8.602616341867326544e-02
-6.796803852809983615e-02
-4.800324521539355016e-03
6.065414493723991773e-02
5.950207040340726311e-03
6.515961949437115708e-02
1.785352294691352343e-02
-2.903929078962087795e-02
1.286039507984481321e-02
9.148708986665322895e-02
-4.651661487732046407e-02
-4.155467469149186355e-02
-1.865845695670034082e-02
-1.122488204080869523e-02
-1.032299392748714517e-01
-1.824007413123260313e-02
-6.902968331371953092e-02
-8.856843100076179642e-02
3.768590571557015739e-03
-2.950399883096084877e-02
-5.465424700189859541e-02
-6.509497576494946425e-02
-8.587653499508074439e-03
9.386402526595866158e-02
1.156929025405101924e-02
-1.079082043494459242e-01
-6.295332277925037856e-02
-7.729605439520530197e-02
1.955999776376268762e-02
-1.053369235310998298e-01
5.449716509526399827e-02
1.688696449344398443e-02
1.016528748565567880e-01
-3.394838933522472540e-02
-3.093162995255537007e-02
-3.600076781912358442e-02
-5.691657567789683292e-02
1.942791605948721023e-02
8.778032961711966509e-02
-8.036243128210784903e-02
-4.428257461870080403e-02
4.049351789012814451e-02
2.939793446482519279e-02
4.231130075341721364e-02
4.704042561427639740e-02
7.685481190305903931e-02
1.269730530543657435e-02
4.266684363925882240e-02
9.940102993976261680e-03
-3.225370814344628162e-02
-8.185201797282583291e-03
-3.288807633972448685e-02
9.722967169856217007e-02
-3.834838679157844682e-02
6.801821148808905038e-02
1.121155479583719056e-01
-1.292297837071941513e-01
3.001407587124487603e-02
3.610298341111256581e-02
-5.808248414180506441e-02
-2.941658013644231351e-02
2.101407046055447231e-02
1.079963448972942330e-01
7.384728209242301389e-02
-1.500779651317418056e-02
5.873801859012497267e-02
-7.609484271198942162e-02
-1.313970230282063001e-01
8.267776166328543938e-03
-4.872400300870119438e-02
5.641030253128193062e-02
-8.586338590579589702e-02
-7.378332580699285825e-02
6.539558741542503273e-02
-6.067446803530783528e-02
-3.599640043958119567e-03
2.913903474687690176e-02
-5.402396652224628060e-02
-1.565343157023861287e-01
4.704672949545236904e-02
-7.825898402287907729e-02
-6.336745400992532806e-02
-1.658779737434284973e-01
1.498836913976627216e-01
3.230903547279525417e-02
-4.643765245075095333e-02
-2.529137144352432143e-02
-4.765199060901308126e-02
8.480561531795183239e-02
-6.600863445979993083e-02
5.233904773034785129e-02
5.119021449392741757e-02
-4.968482821415495798e-02
-3.429051463752322282e-02
-9.245458075241680396e-02
-3.520315129878669874e-02
-8.494279532029354318e-02
-1.411472387214204038e-01
2.201843169746618353e-02
-6.286774886971246978e-02
-1.205466687213613275e-02
9.775562894459982610e-02
-4.587450388889508651e-02
-1.055041178565538362e-02
-7.530467647831969036e-02
9.270003657071987369e-02
1.087309924417774604e-01
-8.597571853001233222e-02
3.541634154475793717e-02
-6.928390793330811703e-02
-4.323666042995658737e-02
-6.126649355487585186e-02
-3.390519569265654232e-02
5.836743686610192799e-02
-5.596265766165972599e-02
4.310315845586953909e-02
-3.324118309365048374e-02
7.370222541649254500e-02
7.179869616571696311e-02
-3.727853580779677545e-02
2.371044715889125687e-02
3.179880127937032008e-02
-8.591077312423471557e-02
-5.804332618775942532e-03
3.353974219211870722e-02
1.724903264354601951e-02
-2.120934881897548058e-02
1.236014239911632784e-03
6.017433646936184988e-02
5.343453663221012229e-02
4.029655868884627484e-02
-3.295322831245638129e-02
-6.248393977514664355e-02
7.999508723524531573e-02
-1.018022918896779039e-01
-9.406928328932809280e-02
-8.553494618283237483e-02
-2.304854461979394947e-02
-5.967351197080294350e-02
-1.482181596474315965e-01
-8.467269720906804575e-02
-8.415412641535029159e-02
-2.395851587320362713e-02
8.030195581366009194e-02
-1.128397989931432532e-01
-9.206407615107065762e-03
-6.774744094485243839e-02
-2.902281176728444337e-02
-4.180414952197749473e-02
3.682416684875976232e-02
5.346558656245180979e-02
-6.412919254813562175e-02
-1.033648920701671706e-02
-2.346176472465336116e-03
1.213658801399270792e-01
-1.579616665427971411e-02
1.307696470832985791e-01
-1.036225712386124043e-01
-1.052458965403102742e-01
6.842308020076168229e-02
-2.026711085991812419e-02
1.071128542375802267e-01
-1.533392369153659951e-01
-6.184282460167191825e-02
-5.528786983719240211e-02
2.908632894166465754e-02
-1.872972330894881188e-01
5.984903491961088284e-02
2.150061183670541956e-02
5.980409862733726545e-02
1.013313351697491954e-01
-3.621215815869757715e-02
8.728706037160617603e-02
-1.345099450113714512e-01
-1.424948699073128044e-03
7.144728878140502171e-02
-4.947773449312754465e-03
-3.764341216162135628e-02
-1.626550628092149689e-02
1.710809070041620916e-01
1.006832215373739264e-01
1.907049603377873256e-02
-1.362581628970668812e-03
-1.942090177434650441e-02
-7.762279011592862488e-03
8.776229843031785327e-02
1.321657348940485227e-02
-7.719444554671237024e-02
2.203734481769890896e-02
1.769864227031871934e-03
-9.372708970734125455e-02
4.486487258610984824e-02
2.514843458825699596e-02
1.744313951046934374e-02
9.310668213038121588e-02
-1.176366284209165447e-02
-1.193436264743517883e-03
3.272282989486908350e-02
9.012879035488879920e-02
-8.153150178313423035e-02
1.381211724917679184e-01
2.444704407458073853e-02
-4.151011250011737985e-02
3.137839721387317149e-02
9.591582875576612488e-02
6.130642025488178271e-02
-1.267789663019739665e-01
-2.163929113146521865e-02
-2.820361103968427319e-02
1.046821583205431727e-01
-2.630209955684623818e-02
1.931141606281271822e-02
-3.289615590173010362e-02
-8.974180363072574440e-02
1.385887837899105746e-01
-1.006655083220687336e-01
1.867812160421532253e-02
3.882621924904258726e-02
-7.069243013869795644e-02
-2.244963437015578406e-02
-8.488998258884206810e-03
7.149272170988653363e-02
1.126795429512513214e-01
-2.318887879458337437e-02
1.928197292154550796e-02
-5.819514389711991087e-02
-1.212392807704576053e-01
-1.161263127013203167e-01
-4.788195279021179029e-02
-5.560242209574631223e-02
5.971728783650084860e-02
-6.694017035401716997e-02
-1.444648443765868540e-01
1.259255986161548352e-02
2.378389093563221257e-03
-5.441149250240837065e-02
-6.449844690039809036e-02
1.374339415975456558e-01
7.194099705063251859e-02
3.722519125330721323e-02
-5.263578745763478062e-02
-2.867064131754165635e-03
1.424866866172838642e-01
1.522225153062529424e-01
1.414676296345948256e-02
-5.560154672110402541e-02
2.910147683136664332e-02
3.836177420858849496e-02
4.989590183740739981e-02
6.919312905419267024e-02
6.962694424721514730e-02
-7.379601829126969381e-02
6.416236656428017660e-02
7.813760268059249947e-02
1.794986914300140679e-01
-1.862140257159636964e-02
9.333380394318126216e-02
-2.236132878948506736e-02
-8.374367539693901297e-02
-6.931543403022674688e-02
4.846668112762195224e-02
-1.837348064616534798e-02
-6.625939913743673915e-02
2.307048960499925166e-02
-1.184877861408900612e-01
-6.458509283015928526e-02
-1.519987977895968512e-01
1.025604335069954520e-01
-2.034423250714634604e-02
6.697209384226211759e-02
-2.147535138889250517e-02
5.975597966030105068e-02
2.208164784372877373e-02
-2.743233581364859161e-02
-7.653626138044992977e-02
9.831104792703602990e-02
-5.169071866473362586e-03
9.143974825584258448e-02
1.039425875700145108e-02
7.364470017372701238e-02
-2.130470338943187686e-02
-1.472574911830086264e-01
-1.263431220036205782e-01
-7.172473253350650224e-02
-9.295865594735171211e-02
-5.857267252394870310e-02
-5.405143597590927190e-02
1.037757047077854378e-02
1.838688514277374009e-01
1.344946344232246238e-01
6.194834451878744597e-02
6.088608542779060107e-02
4.491800523899901892e-02
-8.538395927914022021e-02
-6.160533606305067245e-02
5.465970731187962117e-02
-6.201813315839179060e-04
-7.423815857576560040e-02
-7.366162667934872399e-02
-8.658777821746561909e-02
-4.456449083673624800e-02
-4.559277799131195019e-02
-1.574254634817482540e-02
1.656382059747061805e-02
-2.229789745085400399e-02
-8.443771929378397767e-02
-6.833270128419043077e-02
5.092014224236744019e-02
-8.144703904812615469e-02
4.689935041434833973e-03
3.403909175145167221e-02
8.118545082657274703e-03
2.246889393491838249e-02
4.806261549977472458e-02
-1.746539379451771123e-02
-7.654782630177892067e-02
3.367217138140694149e-02
-9.226482933096767647e-03
-5.476952734555005919e-02
-5.170046941635784293e-03
-3.255464646265506662e-02
3.946258235898076477e-03
-6.984301064813472348e-02
-9.187193877697819033e-02
-4.038633217215047838e-02
-5.730963397770188344e-02
-8.055133588372428988e-02
2.523105524669141952e-02
-1.987562320505774707e-02
1.124704912406024153e-02
-8.177529586108624182e-02
-8.363611938237987264e-02
-5.286268249689513032e-02
-1.212372886301237886e-02
-3.833241458199113105e-02
1.168455022386104269e-01
2.871169117331575510e-02
-5.314177573388811915e-03
8.768743296836487011e-02
-3.805218196164460165e-02
6.214390632856309216e-03
-2.388717188560186833e-03
-5.438364739112921259e-03
-1.208982157850134187e-01
1.055844896230861002e-01
-1.069376469108452160e-01
-2.299649590838587221e-03
3.255940203280133921e-02
2.559952911994448077e-02
4.025439180085964297e-02
-3.060896502027964095e-02
-1.428433745676475075e-01
-7.404785441333130991e-02
-8.288672256542700678e-03
-2.771432850897155922e-02
2.324763460211736604e-02
-2.535792212201424742e-02
-1.680239126965133931e-02
7.010239504784127051e-02
2.054851043065829622e-02
-2.252170092004410207e-02
1.854786815668221789e-01
-1.697818173841570133e-01
8.609067123001433453e-03
-3.315081899200437304e-02
9.722532857673125972e-02
-1.882918417762963204e-02
4.226379523116226278e-03
-7.986399277297241694e-02
-2.218188952476505063e-02
-5.324336020235324873e-02
-9.125408971881435183e-02
6.951567487674448209e-03
5.650162552867967619e-02
-8.027316595879907535e-02
-2.645929080860429800e-02
3.165460428656513558e-02
-1.000276161643006700e-01
-4.482534394149750856e-03
1.615197072831220035e-02
-1.008934362399344364e-01
1.128263906635937688e-02
-2.240066578475912937e-02
-2.141902303645469574e-02
9.093703523316376547e-02
-1.357913323659857563e-01
-2.637268876665443615e-02
7.258256803875762220e-02
1.017013796734425185e-01
6.029718581138281824e-02
-4.946765545439706785e-02
5.600461754753040255e-02
-6.425769922884194685e-02
-1.061949495560390866e-01
3.287428642943063944e-02
-3.801615771019380141e-02
-1.846113899060831259e-02
-3.283909202726820187e-02
-1.003758404349158334e-01
7.717708684825888565e-02
-1.164417140322672461e-01
9.684210214973199005e-02
-4.864926679372431895e-03
-8.363035410249851365e-02
-4.651256448194369952e-02
2.940187405913852886e-02
-3.848675942357968754e-02
-3.960854878142274632e-02
6.849020123210802780e-02
8.074034150473063942e-02
2.876850698955449315e-03
6.959868158554093076e-02
-1.274092959821948590e-01
2.202405511394220361e-02
8.433865524165595762e-02
6.423748488041856886e-03
-1.864956117274894909e-01
-8.030418107015040163e-02
6.562819399386410346e-02
5.756159194491167891e-02
9.754191242191090350e-02
1.700261751349732842e-01
-3.237629138956342467e-02
8.736249068421517161e-02
-1.763173729510449789e-02
6.430958113361320838e-02
-4.075202226944772688e-02
1.016956645731760950e-01
7.457716475850850735e-02
-2.376761187509009859e-02
6.139168870513597720e-02
-3.866438472078197186e-02
-6.298729414315851205e-02
4.973919239517106405e-02
9.606605136413912116e-02
8.673962067026943362e-03
-7.874170713266337440e-02
-1.430376545646407094e-01
-2.137959378291261203e-03
-1.009228965233203018e-01
1.119520261992621307e-01
-3.077212226314695459e-03
-5.436439808793579187e-02
-9.608612852202944032e-02
2.418266134470379095e-02
3.679537621066904240e-02
-9.081841691189589116e-02
-2.188471306301006253e-02
-4.572399985954431895e-02
3.376058744462040462e-02
1.619888678099385415e-01
-6.553440180568276263e-02
-3.802213488837277028e-02
-1.037968214382095772e-01
9.141210646274054719e-02
-4.990836959603957290e-02
-1.571505176702815421e-01
-1.498647314227307195e-02
1.474843780098300250e-01
1.151642592088532174e-01
-5.401735411366893891e-02
3.249135905559213250e-02
-9.881521961137250398e-02
1.049429109714774405e-02
-1.350569421779935220e-01
5.872937864692756582e-02
1.984859903089439270e-02
2.119460334953690919e-02
-1.175681941447081769e-01
-1.033400209853413548e-01
-8.243657088666631050e-02
-1.003938739559412097e-01
-3.728158517584454629e-02
-3.317399871181476306e-02
-4.108020449867065549e-02
-7.942191022296223035e-02
-9.423899348616918137e-02
-3.582638638492113142e-02
2.511036522897453632e-02
1.710296432459677829e-02
-5.577283067394891297e-02
-3.200641715203404736e-02
-3.027077251102669453e-03
1.597310185557517526e-01
-2.888483317175195159e-02
-6.126740009684016053e-02
-2.900220245080421810e-02
-6.298723887781795816e-02
-9.977844911714098264e-02
1.512021730632510663e-01
-5.180855211668754234e-02
1.113386090643080778e-03
-4.176081473598272642e-02
-1.116306783311065975e-01
1.395075029748107584e-03
-2.245741285783156571e-02
2.119275942023107415e-02
2.456441730859975497e-02
-1.717813532198592466e-02
-1.062644437305251821e-01
1.896680444975352986e-02
6.147172235362353271e-02
4.913883915794579893e-03
-8.897846910511629515e-02
-6.888146590248137024e-02
-4.223508854565433124e-03
9.223410655277063108e-03
-4.894101478689567852e-02
8.802444499074647474e-03
9.611369713495285239e-02
-6.168737464211199173e-02
-1.210955061623988638e-01
-9.676892201630403478e-02
2.859012151438264024e-02
1.504859257137143302e-01
3.896883269390402638e-03
2.124724192795245450e-02
-3.571824147156574258e-02
-7.221058685262322918e-02
-9.031044938451941728e-02
-8.151755160612603190e-02
-3.186710835477802456e-02
-1.437703762648521733e-01
-1.939995922953913210e-01
-2.787559304330559234e-02
-5.281419516240534739e-02
5.038480216176206838e-02
-6.452518906559684408e-02
5.758460521970404367e-02
4.999602012799884282e-02
-1.263556249146778956e-02
-1.125479257176781045e-01
-1.520570206834446769e-01
-8.292340293226878323e-02
-5.277215712049476010e-02
4.691338697460089441e-02
-1.347498319715509027e-02
-6.018564988470176402e-02
6.723331914250704755e-02
5.759410501232364865e-02
-5.262018704664622737e-02
-2.552275703584856725e-02
5.323581721902247155e-03
1.028526965118307934e-01
-6.283796589898160700e-02
5.626003435030654809e-02
-2.637866298209069066e-02
1.398403342185115528e-01
-1.214286099450456874e-01
-4.298618155367615878e-02
9.849355133726006573e-02
-4.691835468175047097e-02
-3.457107619295674700e-02
9.558995174403012163e-02
2.130077367181246184e-02
1.419926420003139456e-01
1.009772530497756171e-01
-8.017340293806643481e-02
6.684776622035770721e-02
-4.998417271150731866e-02
1.142183469664556084e-01
7.217889588629593234e-02
4.053017541658807815e-02
3.960511373172038302e-02
-4.804801092116867123e-02
1.044663694411512300e-01
-1.222101411543018989e-01
1.225208868092742265e-01
8.920718185216960916e-03
-1.125424413328568463e-01
-1.217843807886946905e-01
5.193188747901460178e-02
-4.639564299973291533e-02
1.649561541387806196e-02
-3.342421516598600290e-02
-4.446393461790565382e-02
-5.871798420237402116e-02
5.595287391944130106e-02
-4.071806251228871076e-02
-1.045138723933926872e-01
-7.506092743486675323e-02
8.672129387972621339e-02
-1.959536822890226015e-02
-6.565077422560901266e-02
-2.931286749493877339e-02
7.211086993424219160e-02
-6.056734049782980939e-02
8.591268033471692600e-02
-7.160732617825800450e-02
-3.988667889859490862e-02
-4.980621799123831350e-02
-2.064228142669499028e-02
3.530513185975268919e-04
-2.267279249749094144e-02
7.130333778673464407e-02
-3.267356639617619712e-02
-4.378277781280367348e-02
1.394659356884974111e-01
7.384026477524688326e-02
-1.001906067351726465e-01
-1.520123257610605516e-01
-3.883398985419140442e-02
4.458761982965943338e-02
-2.330316628580230559e-02
-5.776473896068524266e-02
-5.158018489628587305e-02
6.303305099733129413e-02
-6.002995598854169584e-02
-2.846487280067144798e-03
1.032703617119108963e-01
3.948561833558502515e-02
-7.279185420613701329e-02
-5.743494811813176087e-02
-3.403314452785867472e-02
-1.623092065749141555e-01
-5.482783807276403465e-03
9.803236408870916185e-03
1.029302218138293812e-01
2.081950466011013579e-02
3.778405816695610750e-03
4.296779327703467710e-02
9.422943915327407216e-02
-1.894496447423502095e-02
6.564250016088360451e-02
5.502789124403226206e-02
-5.737709153987578109e-02
-8.077503085248895209e-02
-1.908113188205774052e-02
-5.995532565896220106e-03
-1.215970031115948952e-02
-4.935203087959454116e-02
1.438041918502759864e-01
-6.097777659141766227e-02
-2.589841212763690365e-02
-3.562047061998511316e-02
-2.551749771661247779e-02
-8.446097236204105907e-02
-1.084005784064678846e-01
2.034555587540102031e-02
-5.317362488440521145e-02
6.784388500564381141e-02
-4.609369997467301083e-02
-3.876933213794511723e-02
-1.095892355305883026e-01
-1.934904232053185485e-02
9.357470350776692092e-03
-1.024214155303726226e-01
6.976074735519263714e-02
-1.079714673568924754e-01
-2.497163042437871433e-02
4.311036790601111002e-02
7.258856542904232323e-02
-3.692669136430767884e-02
-1.932781935075212482e-02
9.645173670781354014e-02
-5.788700556428141852e-02
-1.787257258970523233e-02
6.062595389713064387e-03
2.003539212491482757e-02
5.761011243278803956e-02
5.670342395790158724e-02
-4.931141775227237956e-02
1.375323865720307071e-02
-5.295668555550687995e-02
-9.101860432919132993e-02
-3.939475260236009746e-02
-8.470770965302014399e-02
-1.486165386651399495e-02
-2.639317856070369506e-03
5.203128562220459691e-02
-6.448252971359097474e-02
4.209547976709791806e-02
1.250171497293083023e-02
2.207067836790990722e-03
3.558022430349164211e-02
9.961538219163663943e-02
-1.741900284620823136e-02
-1.082460941398698945e-02
-4.805802845869504986e-02
6.108359661544319336e-02
-2.749764538682424736e-02
8.068114615048591065e-02
1.476786704654139970e-01
2.352862055632279348e-02
3.819884073536050639e-02
-1.162827500999438490e-01
1.122114076121143861e-02
1.793687379813684035e-02
-4.217944127693042111e-02
1.832228651574863143e-02
-7.890383053366080424e-02
1.488673953210412626e-01
4.848548834055929624e-03
1.105781949028783462e-02
-2.332395448089762124e-02
1.295437175302996957e-01
-2.008379523408415634e-02
-8.790362141770845239e-02
-4.224146682614410286e-02
4.163163965188576565e-02
3.777170446245945584e-02
-7.536355013978988937e-02
5.782646350261942680e-02
-1.461748332602310074e-01
-1.192018788395537293e-02
-4.211744419596220868e-02
-7.505770116153752392e-02
-2.578122439700925028e-02
-1.153796761950043048e-01
1.045936594325405644e-02
-1.388157648580448308e-02
-5.741165628464027504e-02
-6.533729873198117211e-02
9.563108975648074161e-02
5.092117562724168822e-02
5.331901918712681626e-02
-6.487042929945179004e-02
-2.688034531253396392e-02
5.204631441347153803e-02
-9.607149439102968813e-02
5.555576855232341460e-02
-4.999491106391771439e-02
3.610529218859866163e-02
5.578459302522446178e-02
4.231715648621519471e-02
4.970199473805362450e-02
2.463954002573692098e-02
-3.594568278570588193e-02
-1.020964597813732166e-01
-4.880818904362453636e-02
-6.673338888079730080e-02
9.290410654958936032e-02
4.607199018938570173e-02
-4.960835445366761770e-02
-1.191786627280442823e-01
6.316975445913149134e-02
-8.084951635549189608e-04
-5.925760753680676951e-02
7.969671228952410202e-02
-1.021121561584545090e-01
2.794143173593024651e-02
1.159422486118882045e-01
1.722911042964072811e-02
-6.937133719963571241e-03
-8.014442452303179032e-02
1.566976055056385486e-01
-1.937201024628382173e-03
-1.947210337583139828e-02
-6.496160461893567273e-02
-2.222813769833613048e-02
6.097171972429032971e-02
-5.056571765642577793e-02
-7.157367789041219064e-02
-6.583816475635828613e-03
9.151575477697890260e-02
3.002118589942853744e-02
9.672018013078623189e-02
6.878809014205040928e-02
-3.348643890105917897e-03
-1.687629001189309974e-02
5.633882931390820498e-02
5.143975664693793692e-02
-9.535063368103645354e-02
-8.024337046192778211e-02
4.989825053844456487e-02
6.440505599153459326e-02
4.006816165957378939e-02
-1.230024104931762459e-02
1.878346097566997025e-02
3.098125499447727110e-02
1.231260709885260429e-01
1.022840935191727807e-01
-9.047441403630190893e-02
7.033451370149426674e-02
1.593730679382446974e-02
-2.232852589775974894e-01
1.083662163933367673e-01
1.439774670555589442e-02
1.750430167518167088e-02
4.644572795856210384e-02
-6.534879076943934939e-02
6.370394051375127820e-04
1.001605641066685010e-01
1.477645172809242784e-02
1.014013229611197969e-01
-4.600367826465399934e-02
1.243788312317201800e-02
1.517553893181258426e-02
-3.964499100483892535e-02
8.936060337694666511e-03
7.139902477431907257e-02
1.336959152700257364e-03
-1.949413903524235825e-01
-2.023250183097166643e-02
-1.891969650458070196e-01
-5.864113950760609095e-02
1.130884059883703052e-01
-2.597105619033195784e-02
8.785296559662691962e-02
-1.102136252704459946e-01
5.190901317400865855e-02
2.808704478611444288e-03
2.428332476606978596e-02
-9.039082355061993368e-02
-5.672503881529872283e-03
8.114518413978548395e-02
-4.867148594774341197e-02
-9.324542524396227383e-02
5.251183023723025867e-02
-2.634582943574381025e-02
3.003995567713145520e-02
1.573726733875197709e-02
3.410916246606997271e-02
9.836072791707792251e-02
-6.800788383820392802e-02
1.178222104138479387e-01
-4.754419377291393967e-02
7.679673064291553386e-02
-7.868238900308936745e-02
-4.061262643060052635e-03
2.883676828609064297e-02
3.948723661650519606e-02
5.212252554888854167e-03
8.341906949869454246e-02
1.952220510721859870e-01
1.408614174374381578e-01
2.478093622425254008e-02
1.200493467324646180e-01
8.729972540271502268e-02
-1.332929568076882954e-01
-1.041637394260410687e-01
1.070225115149538719e-01
-9.933204464719116999e-02
-6.255524174517256702e-03
-2.802855702552638217e-02
-1.144222899503275770e-01
6.646771566989964630e-04
-4.628925178382323896e-02
-2.712091842465876035e-02
4.945289326049071704e-02
3.033943661681322984e-02
-6.975476904193540773e-03
-3.983405131397729781e-02
-4.126669042908489432e-02
-7.836553012385194528e-02
-3.613729066924392663e-03
1.645673580312791498e-02
-3.911955381616093880e-02
-1.310072230228004619e-01
2.397915344808474944e-02
1.491071910778819093e-02
-6.512086898302023308e-02
2.273955172563048299e-02
-8.173876109777706081e-03
-8.528909824245825555e-02
-5.639422348505054167e-02
2.040344668822927088e-02
-9.300670850846527726e-02
-8.878162285521164210e-02
-3.844511587410420761e-02
-1.265021905128393687e-01
3.953003913654697110e-02
-9.667047755632740547e-02
-1.719098562274196662e-01
-5.129019235863324644e-02
5.661483309169397515e-02
2.619793802295039553e-02
1.294981991840528368e-01
-3.404548005278325296e-02
-4.859591457498960154e-02
-1.127814224485708533e-01
-6.481303906286033090e-02
-1.080430849133584420e-01
-8.301182105464390004e-02
4.366563163725432906e-02
3.325134670183536867e-02
4.575512206464401460e-02
-6.133719228141801955e-02
-1.034384201568573636e-01
-1.728216181037772747e-03
-8.060881134558522954e-03
1.391355278456250233e-01
-1.014005267996154203e-02
-1.059434124174378905e-01
1.117399930217706921e-01
4.681949648712852019e-02
-1.717489336998781480e-01
-1.064068417939149636e-01
4.457927384528133363e-02
-6.489174860957644397e-02
1.476754272841916404e-01
-1.642310933060917716e-02
-2.136354239552190615e-03
-6.446652053687967898e-02
-7.021441907307281183e-04
-9.393617892810131320e-02
-1.844349549638288344e-03
-1.018034592027964452e-02
-5.241855527029679052e-02
-1.052425745042133293e-01
-7.756257895124026025e-03
5.947123594074925357e-02
1.766455486275731943e-02
7.463842463225808799e-02
3.326696222057538843e-02
3.567022054199951372e-03
1.166317258281006353e-01
6.889262487565472881e-02
-1.028800356842090036e-01
-3.434619030238068166e-02
-1.282090141021631213e-01
6.776679222158837890e-02
-9.969315391326261100e-02
-5.020655601774745569e-02
1.816482725376225571e-03
-5.822067712681505691e-02
-9.009767853092008616e-03
-1.553559304418469234e-01
-3.500967009566791077e-02
1.835894212713960749e-02
3.688761721223977885e-02
-6.674424659569559541e-03
-3.063809879476133216e-03
-6.329156201315601360e-02
-7.126130726707288754e-02
-4.815366956462316383e-02
9.048679796603774361e-02
1.692884117681774381e-01
-6.923205790291872552e-02
-1.904177870766307623e-02
-6.451286007259783573e-02
-8.135908311732376053e-02
-8.029113949751066903e-02
2.406155240781687743e-02
-4.502742259388116397e-02
-4.202932284371187904e-02
2.507854932322786667e-02
-1.421111984313845611e-02
-1.106039563792844266e-01
4.221343576857825713e-02
4.784828629135810807e-02
-1.308159734732398105e-01
-5.925064841667344179e-02
-1.095219271344447312e-02
1.336560289919686006e-03
4.383255507333733147e-02
1.123650490783222045e-01
8.274572332739542346e-02
1.048534426054384405e-02
-2.943209616807093698e-02
-4.472845749135080651e-02
7.918902732406224443e-02
8.175274819600177045e-02
1.190846299343382569e-01
-4.532579142237309899e-02
-1.557300231102409782e-01
1.111886939026973491e-02
2.905608901958667625e-02
-6.887751460634579381e-02
-7.872182654172664440e-02
-1.027251974409588986e-01
-7.752593618772182782e-02
5.774471785999404222e-02
-6.199050406009059405e-02
4.664210303432763521e-02
7.964016887616538753e-02
-3.129286804327276184e-02
1.503026445537722355e-02
-7.491582251633131795e-02
3.364203298164974987e-02
-4.532124855856696499e-02
2.210690524094893750e-03
-3.605923228797482810e-02
-2.381773677809113227e-02
-5.492176077612911239e-02
1.480774147534834502e-02
2.413667535889024024e-02
1.021106832228868139e-01
-6.781272349915012931e-02
-8.754378366463241856e-03
2.832914098986592105e-02
-5.549167168127542432e-02
1.468344432490668872e-01
3.700194550003058080e-02
5.600214019174951097e-02
4.520414395457433843e-02
2.915717288099015092e-02
1.575131896926885711e-01
6.432336856076681375e-02
-2.945287038244422811e-02
-4.924223098459402231e-02
1.311961930564210788e-02
6.551355370883107931e-02
6.117628008990523558e-02
-3.110314425115105405e-02
-2.212419233650081071e-02
1.381267297316617071e-02
1.213029724281421834e-01
-4.807431068355753206e-02
2.517353885370322841e-02
-8.210049762838294782e-03
-7.745136993002994796e-02
-5.875843173156000687e-02
-5.102593493551377257e-02
3.369052056584601051e-02
1.605461206876197811e-02
-1.406366801699014957e-01
-1.080029414956801617e-02
1.156995204546972522e-01
-2.214164664167070015e-02
5.428868259296180943e-02
-1.389144638493320857e-02
-1.844947223921341445e-02
-1.022001813077694776e-01
5.412963517388652557e-03
9.149132800905869500e-02
-2.449078067717713053e-02
6.541307581186371622e-02
-1.890098843299711784e-02
-8.914792429809995089e-02
-1.963399219059871192e-01
-4.204992439488526579e-02
-1.120983612000123614e-01
-7.831658337193542208e-02
-3.606475263867056635e-02
-9.699800263090467556e-02
2.637843627328413654e-02
-5.885066568955121813e-02
4.372664037149827376e-02
-9.229442314771744982e-02
-2.165775213331318227e-02
1.151918259535921751e-01
2.120698210105450010e-01
-1.918055867366171008e-01
-8.422542937509998329e-02
-5.608290145484089856e-02
-1.135849938874657489e-01
-5.485666406304091913e-02
-1.007547841712759795e-01
9.121615281336557801e-02
6.292196051783896515e-02
-6.498724551266259197e-03
-5.918580674173150313e-02
2.776586572694693042e-02
9.022338891350432932e-02
-1.316976116350275158e-02
3.342054103325116376e-03
-2.081577142870784380e-02
4.736536151526754557e-02
6.165093681103390316e-02
-4.924642616712944510e-02
-8.510951121667215125e-02
7.859589262469565685e-02
-5.551501021959779486e-02
4.889960191774317400e-02
-2.076100587522065194e-02
3.503781603666732136e-02
-3.233643338346823409e-02
-1.513433834648156978e-02
-5.450136540039821065e-02
-1.132486970171161789e-01
2.821666595609448325e-02
-7.921025581092119849e-02
3.476113027517632043e-02
-9.199480708390489481e-02
-6.451846001412567255e-02
-8.073410701838894254e-02
1.315343704983364947e-01
-9.716679854433583896e-02
-7.584795946341953143e-02
3.566668300871309039e-02
-2.929273984588670610e-02
5.912668382717203852e-02
8.322906931540544062e-02
-5.099670794615066005e-02
7.511837375830422714e-03
-2.138405313782809278e-02
-9.153631898541392253e-02
-8.255453342893946667e-02
-1.567147238247373342e-01
-7.749736432540429987e-02
-6.843693534856751248e-02
3.472072776976242725e-02
-4.474537392184723544e-02
-5.390115164693311950e-03
-1.777886175358935061e-02
-4.976694966434776213e-02
-1.854820573127496236e-02
3.745192030309724140e-02
5.275964890358946641e-02
9.234337816303178625e-02
-1.418827529463744658e-02
-1.096488892391377923e-01
4.873894553437477239e-02
5.474051419734370094e-02
-4.964658964700999211e-02
7.550776495579765435e-02
-4.064068273524668040e-02
4.852359196362937555e-02
4.379663595376107749e-02
2.101628524420184885e-02
-1.149346845679366860e-02
-5.928430662424354763e-02
-5.120611477813363788e-02
-1.117380936172327269e-02
-2.856899070762193571e-02
-4.422748404699818753e-02
-5.293212028887542969e-02
1.218207423894662050e-01
2.222124150289426364e-02
2.728767722252780845e-02
-7.421081509317278835e-02
-9.733620352282558452e-02
-5.727389636124278344e-02
1.505004620952986316e-02
-1.017821349791352969e-01
-1.707245808374750762e-02
-5.751723940963807125e-02
-2.776540079230817304e-02
-4.609872049324818116e-02
3.155249054162524713e-02
1.032829763596314863e-02
6.575208746655013259e-02
7.973175443400830342e-02
2.823745760542030123e-02
-1.176518856434861232e-02
-1.063552399527442627e-01
-2.823518416811573312e-02
-1.515480905233279052e-01
-3.900825326675548543e-02
-9.392762077503551132e-02
1.268212850437204497e-01
-5.049992304545247723e-02
1.115496814857131341e-01
-9.847197717329786437e-02
9.666212266039915513e-02
-2.718109453414122023e-03
1.065910051632535244e-01
-3.383513781067346710e-02
-4.774160405907853372e-02
-4.877912763275896874e-02
-6.736977642357774854e-02
-3.514333928874151247e-02
-6.173191681479871240e-02
8.181081584101387860e-02
-2.450096773517381615e-02
1.239723716337818443e-02
-4.607931943150847531e-02
-7.899008489152158086e-02
-3.674409578004321497e-02
-7.967515753024404651e-03
-6.518894113138175295e-02
-2.300440754713638236e-02
2.585261377221789725e-02
1.010795580597936977e-01
-1.863419936417541611e-02
-1.381720485297707746e-02
7.401353825225344407e-02
7.256352724039995261e-03
-1.137744688842320523e-01
8.178742420691610671e-02
4.273471445266779911e-02
-5.456475630823326428e-02
-9.992345742789685015e-02
-9.019333503592982804e-02
-6.178153152126023007e-02
-8.116390159386341341e-02
-1.860834092428146486e-02
7.504854786696522895e-02
1.413880235858637202e-01
-4.739666443423162095e-02
-3.675350352215774052e-02
9.831909752672463032e-02
-1.471459879497643009e-01
2.724911193669764253e-03
-3.027133374648237341e-02
5.825344003711985241e-03
9.335936488550841683e-03
3.878222973828499009e-02
-1.796131289831943631e-02
1.624113792061637057e-02
-7.911534014496797440e-03
-2.487516655477938279e-02
5.415420689359685263e-02
-2.163258757166248991e-02
-1.197139558790425926e-02
-2.930901044531593336e-03
-4.057341412291989163e-02
2.804142942752826245e-02
-3.338286333663840338e-02
-1.446267872711192587e-02
1.050934821782917444e-01
-1.417070094746607500e-01
-4.607356231252115325e-02
2.054523283040096682e-02
-7.612100013029488021e-02
-1.368880956498102347e-03
2.973465082349611294e-03
4.066285542412077791e-02
-8.576300487028168384e-02
6.960037321554515821e-02
5.605424442008917485e-02
4.748416532261523493e-02
4.161903458951416584e-02
-5.165519770604120459e-02
6.319930339543512743e-03
2.968860399637963249e-02
1.434639240146510786e-01
1.347370246602646870e-01
1.828882785213678530e-02
1.497644407593007321e-02
1.683412577971704974e-02
7.362035029756386351e-02
3.139996567794777621e-02
-2.326893286336335215e-02
1.025802824840123112e-01
-2.071311311635141983e-02
2.865483845598090773e-02
-9.217851206647083989e-03
-9.813491141194903566e-02
-2.413362459355460066e-02
-2.326857933786027899e-02
9.226639114186030444e-03
7.776431787978270622e-03
4.717526266393243239e-02
-4.936839794842400736e-02
2.851628281507090357e-03
9.017493542311148802e-02
-4.824682072908131891e-02
4.919394163590620761e-04
-4.402340525563963602e-02
5.391815557196131398e-02
-6.999906628838578615e-02
-4.437631491658861754e-02
-5.730778120146709162e-03
-5.069955479497331718e-03
2.587980111604082367e-02
-1.930333794751848409e-02
7.734080617313270067e-02
-5.703555290119685650e-02
-2.192139670891778136e-02
8.885240316702547325e-02
-3.364319706984743308e-02
-3.464931333521029805e-02
-5.907425830802747607e-02
-3.109267744484639842e-02
-5.949876308033797551e-02
-8.407549338143276152e-02
-1.511291624979328035e-02
-1.404899730953758086e-01
-2.146604669187150011e-02
7.875692690156264886e-02
-7.015578890160815984e-02
-1.212800193497067247e-01
6.789768345888179402e-02
1.010160561557499198e-01
-9.049171267179481615e-02
-1.406270501940635326e-02
-1.354093470325656162e-02
4.015762800537116956e-02
-1.218381467841897318e-02
1.290615430668036745e-01
-7.445529457702587672e-02
-1.007400332047294622e-01
8.368919033623878345e-02
-5.548650963043770534e-02
5.437282492809321355e-02
4.509495858250170408e-02
-2.150973090492661055e-02
-1.999098401923571702e-02
2.085655822348085608e-01
4.535564193428245211e-02
-6.307234625954538654e-02
-2.840769623911658381e-02
-8.001905034882182688e-02
3.407060066080966343e-02
-4.583373916278736526e-02
-6.512061971550961448e-02
-1.139103099650853879e-02
-2.881463132486054152e-02
4.704890972440478603e-02
6.804682901786582305e-02
-4.003660528549142505e-02
-4.893654828428894987e-02
-1.083875954399693142e-01
2.423191208415940989e-02
-2.125877848263654779e-02
-1.023737567474417715e-02
-9.370786089822076559e-02
1.111006248546672903e-01
-2.165892519209611927e-03
-2.075525740965155491e-03
-2.856810841925376543e-02
-4.117812278542552079e-02
-6.443754780816157712e-03
-1.597063862300316869e-02
-8.884197017909861716e-02
-6.200847263951084209e-02
-7.070576540042436409e-02
1.164819251728635430e-04
-3.775570857351590731e-02
-5.145615296415462225e-02
-3.503129061291698765e-02
-2.711801120997362965e-02
-3.024261147259423022e-02
-2.825893986546991130e-02
5.873087663503885614e-02
-8.344417693431616101e-02
-1.858483528459584089e-01
-2.320728899298445808e-02
6.901292201090224177e-02
-1.618806815648781150e-01
1.114273279648163306e-02
2.277874302654278246e-02
-4.626812930586832184e-02
8.242674621225785925e-02
-5.732149810224117931e-02
1.538915313264032844e-02
6.711641178096239280e-02
-6.064670484886579283e-02
-2.930874639002967186e-02
1.822478329532132429e-02
-5.530281693906279050e-02
-1.904349148256303387e-02
-1.023030707168630649e-01
-1.273746709136131250e-01
-8.018469024927603328e-02
7.077162277309237415e-02
2.114604106069846445e-02
-3.148098990618365331e-03
3.409524620284146851e-02
-7.101294864650413430e-02
-1.369346826105119486e-01
-7.540027581900869691e-02
-6.659904281265975612e-02
-1.134633937007296922e-02
-3.791316680705607289e-02
5.219087402111460827e-02
-3.405800273951314211e-02
8.053341476567044133e-02
-7.105937852128378640e-02
6.755557747459189910e-02
1.708845392557844026e-02
-8.817455356869405292e-02
-5.303008098723127617e-02
8.701234654263994076e-03
-4.486140605262033121e-02
-8.362616747702045217e-02
2.460086733057086084e-02
-5.526116412523653099e-02
8.127112785161054800e-03
3.158506460256817194e-02
-8.101152920834202298e-02
3.585227119297793030e-02
9.401363865202141956e-03
-5.721158465880595012e-02
-9.545969171118698360e-02
4.175708167860712333e-02
-1.457409872181758825e-01
-6.422606269962019554e-02
-1.091145646806775116e-01
-3.754905155339062495e-02
-8.140753532895937672e-02
7.093474627007105571e-02
7.829508473760508902e-02
-2.054661575383565780e-02
4.622576004838450936e-02
-7.749718756481635551e-02
7.449362603811626737e-04
5.005703038578129122e-02
1.091437767644407725e-02
-1.921602041048668663e-01
-3.211187833374343215e-02
-7.461911187314165805e-02
-3.389723561232656224e-02
3.523291404863081872e-03
3.789249245866278121e-02
-7.726849211587102917e-02
2.079301632454685911e-02
-1.444872042341502072e-01
-3.426642987932772277e-02
6.849501606272787035e-02
-6.084186052364971842e-03
-6.619589146519933714e-03
-2.899579281255857538e-02
1.084641530332353387e-01
-7.173880163010123989e-02
-1.369532817963213869e-02
-1.724963294850011611e-02
6.598117348096588231e-02
-7.908024181374248562e-03
-1.552168239362790997e-02
-1.378593720099859088e-02
-1.617938747443582459e-01
-7.494534621710928490e-02
1.169508659592127520e-01
1.896719027123156334e-02
3.654388330615709890e-03
-1.663051990668840477e-02
-1.444990300506229092e-02
-2.508764760925349252e-02
-1.653456655912031725e-01
1.907020924946588314e-02
-1.010498651902692890e-02
-7.489474089235886867e-02
-1.960342951741465140e-02
-8.727462846270069713e-03
1.390421373286715723e-01
-1.780149021566956313e-01
2.347595523280668339e-02
-9.690924710317685986e-02
5.172905989508938540e-02
3.672383600615759802e-02
-6.218884144321495944e-02
1.701719563860924420e-02
-4.374732059406045981e-02
7.645906409599630138e-02
1.496550408559305795e-02
-7.274052309394712923e-02
2.332557115131250747e-02
6.509804148745908237e-02
-2.172395597602239797e-02
4.509754491191233366e-02
-5.955840887840144204e-02
-2.640209870450656998e-03
1.964773601759364080e-02
-6.064322595611182365e-02
4.458330186767475722e-02
3.414186898508224377e-02
1.455891014122036586e-01
3.092606883561749287e-03
-2.447584558763732376e-03
-1.129247081902604866e-01
-4.289760372710339775e-02
-7.259240489291619858e-02
-4.350336354808093109e-02
-2.084036478178231261e-02
2.881828983457006971e-02
-9.056453407346302942e-02
-6.525384487021809732e-02
-3.591584230955549573e-02
-6.340341207978074378e-02
1.035982708901157651e-01
-4.421259629144058678e-02
-6.432133028501156591e-02
-6.103605129658266903e-02
2.154738911893388370e-02
5.216640486583212777e-02
4.851218603901936294e-02
7.929502312237127204e-02
-2.137409797305453441e-02
5.712283145856042466e-02
7.582333324418263909e-02
1.362277278578533091e-02
-1.053426420300716398e-01
-3.518662859776640339e-02
6.567964938358181182e-02
7.139495006078272477e-02
4.084042757393158141e-02
-1.774525666569222102e-02
-4.071849624155862019e-02
-5.214884687503587579e-02
7.920729174330934375e-02
8.262757529649184668e-03
4.533771201682364888e-02
-7.190375979428438591e-02
1.561775218540396339e-02
8.919143486431480028e-02
-3.882233077825786999e-02
-8.595724555551000068e-03
-7.055132442699559026e-02
-9.393730174699790880e-02
8.545478865057536122e-02
-1.115043049325719487e-01
-5.264947607699233673e-02
-1.311791765291312750e-01
-2.213610478886716623e-02
-1.249213199126700674e-01
7.033510014068573846e-02
-6.569114999799643972e-02
-1.471968612602708726e-03
7.066906966745564733e-02
-3.607149145230716808e-02
-6.191890862457564981e-02
-5.046366626277967726e-02
-5.079424441502591869e-02
3.505423000838083641e-02
-2.810845418952130984e-02
-4.453366654717666462e-02
6.113240704252149299e-02
2.172777816399171225e-03
-9.383053642818939277e-02
-6.707415499574853612e-02
1.041054831108357559e-01
1.047979743272121067e-01
1.251470039821394598e-01
-4.392664655705866977e-02
-6.715765443102986176e-02
-2.172361740527692028e-02
3.737800877064981209e-02
-8.984028810319975855e-02
3.942948152552495922e-02
-1.249051432143325063e-01
2.701489991930879075e-03
4.743395231735550444e-02
1.274821786777029578e-02
3.409398680338882048e-02
-5.666963949933523370e-02
-6.298559314876961412e-02
-7.424294238341072605e-02
1.476354068046673018e-02
2.335754183390946134e-02
-1.097196635610923621e-01
2.197918697226292767e-02
-4.956759016742803836e-02
7.449079233651231813e-02
6.756881005031448173e-02
-1.504768251987113892e-02
-1.675347984340876117e-02
2.856312149783285514e-02
-1.063355802422472074e-01
1.045494423424192520e-01
-1.114812379435909245e-01
-6.769504910091274016e-03
-8.008644040772058825e-02
1.671079903275356909e-02
-3.632847899335427122e-02
-9.465399599263877445e-03
-1.613187075078497679e-01
1.085438070020628837e-01
7.213404860687300246e-02
-1.335645314617622120e-02
6.425005465799113469e-02
4.299411038506853466e-02
-2.661584384816527080e-02
1.185898885156983287e-02
-8.473921997999150912e-03
-3.361015646619687491e-02
-3.607879863984662927e-02
-1.274459832775579338e-01
-3.805674474024543785e-02
-2.571894583091285241e-02
1.319975497561920452e-01
-2.588542921061601568e-02
-6.608231792717760011e-02
-1.058914219086368874e-01
-6.564659877906733887e-02
-4.055726681348344187e-02
-1.402382244314137050e-01
1.277310992306011084e-01
-4.550000304916722998e-02
-5.693164884390158192e-02
3.199270121474913353e-02
-7.413922165278671872e-02
-4.115109847697144552e-02
-7.409974861017681880e-02
1.791424867579511845e-02
7.043050830748592839e-02
9.764997889827663896e-03
-2.914888187055386659e-02
-1.635913577422713414e-02
-4.064484014382756250e-02
4.692510078458513034e-02
-2.659065055159277186e-02
3.367191297427785113e-02
-8.318760713738296286e-02
-1.975440631314304141e-02
7.503394862472453908e-02
-3.783576405387529401e-03
-4.866038953084599744e-02
-8.312668040613369058e-03
6.206293800618541828e-02
6.133965387190101065e-03
2.751659666818381464e-02
-8.357900701918111186e-02
5.217930782273393076e-02
6.522960293990065495e-02
-1.230882096568522432e-02
-5.180351944432647071e-02
-8.829908712148924754e-02
1.445608300686223591e-01
2.566378519643885275e-02
-1.426027612522461768e-02
-2.855518283010142350e-02
3.858129918008175452e-02
-7.012161680297514244e-02
-8.908866048332364507e-02
7.107782289829603362e-02
1.990162025642781135e-02
-4.953140903173005455e-02
-5.658907984628488985e-02
6.230501995994253833e-02
-6.040522292847200908e-02
2.709113118155726321e-02
1.331128327227496799e-01
-2.044838007250214529e-03
7.820123519951165114e-02
-4.400090686065102896e-03
2.879882095649032026e-02
-3.238348234861107566e-02
-1.191897647775185670e-02
1.380788887433045953e-01
-8.213650926866133961e-02
-6.330839673786460564e-02
4.057029166636742790e-02
4.091475007818215492e-03
1.138315370060774372e-02
4.634121868489075868e-02
2.505742109358723158e-02
1.930015253783380277e-02
-8.013942649170938126e-02
5.463033055349102163e-02
2.999451873771477595e-02
-1.371881608972363165e-01
-6.114131863766028574e-02
5.289672657757388263e-02
-1.320428289480176376e-01
-5.909584528501523465e-02
2.247687626358289836e-02
-7.813524661647273939e-02
2.468946335045712343e-02
-1.434126927842054866e-01
2.211853239466936571e-01
-2.680214236342843767e-02
6.708655667273086265e-02
-1.407845269504772942e-02
-1.957002399274104798e-02
3.213278836449615095e-02
-6.748366352671075069e-03
-4.883329483718784614e-02
9.605010543708575321e-03
1.418653746900674639e-01
-7.996038514693248889e-02
-6.536865781048967032e-03
-3.946967349535926428e-02
-6.650158104210845966e-02
4.484058237357341214e-02
1.356283983808576898e-01
3.645585215126633666e-02
-1.008055662908416972e-01
-1.309066653563014868e-02
1.090890431632313834e-01
5.352206934751844308e-02
-1.203244062305857259e-01
-2.473816906354436851e-02
1.042649012532932407e-01
-4.284507547988439247e-02
6.869444846967967533e-02
4.357116275358839663e-02
-4.640837451998063717e-02
-2.456609587465938965e-02
1.537362267588960468e-02
-1.149776620181411774e-01
5.422922783852214546e-02
-2.312604149030579766e-03
3.425578006850754642e-02
-3.865500856375016225e-02
1.152988217234381801e-01
-8.899953014366140600e-03
-1.277786153638935662e-01
6.146834775586719479e-02
1.250777997813565801e-01
-6.307182595601745767e-02
-9.628682773657119831e-02
-1.558215308800463966e-02
2.540193786036874096e-02
3.896607432787314168e-02
-1.180828949243128978e-02
1.208342205761788607e-01
3.905225106871852703e-02
1.100630210107072376e-03
-1.020816753298850466e-01
1.424279684742111272e-02
5.726017123706911988e-02
3.225490199230624661e-02
-6.727356403543743868e-03
-7.790940603457377489e-02
8.187763879594742167e-02
-5.888053267998258344e-02
-1.040488549614854291e-01
-2.403819617283656229e-03
1.384121226147674577e-01
-5.488238686287111312e-02
-6.507604399722274890e-02
-6.032790618491316870e-02
-3.129127478352106140e-02
1.518790013033070874e-02
-6.755239692708928101e-03
6.201233508573239517e-02
-8.774112791837432312e-02
7.325861438171267503e-02
1.264730661042949289e-01
-7.787197629010736422e-02
-1.018778541142699029e-01
-3.861962868476016136e-02
-4.540798301431395873e-05
-3.486768649201432008e-02
1.262710297023405259e-01
-6.154109679498595553e-02
3.031645871291939465e-02
-2.571465159531946543e-02
-5.182885409805702143e-02
-1.020965094636178128e-01
-3.863039785140973126e-02
-8.654259262385545493e-02
-3.176139828856185121e-02
-1.379583585106081423e-01
7.817716024130966224e-02
-1.183029339045142680e-02
-1.504058310268589771e-02
7.402228715576962548e-03
1.466091005389226209e-01
-1.204398309700091194e-02
4.940237282628180682e-02
-4.732749691144252230e-02
-4.041280350388206516e-02
1.685009535175624462e-02
-4.505755433485434530e-02
-8.736214081268477150e-03
1.223791579467903290e-02
1.351601477803125381e-02
1.118225337605044944e-01
-1.494928194303178637e-02
3.809417738017609883e-02
-3.192756386636363269e-02
-3.712610181957142624e-02
5.658225852393689026e-02
4.450591512694743179e-02
4.218942625717105044e-02
-2.194734960635645604e-02
-5.039130564242282062e-02
-4.866956379683124584e-02
7.403322789188515260e-03
-2.939703925308574661e-03
7.859148862417295045e-02
-5.022621656473645613e-02
1.688440445037182880e-02
-1.038789821716794709e-01
2.449934923670295250e-02
7.477924992222701080e-03
-5.739100947691078841e-02
-4.980995241656285821e-02
2.187753707060897945e-02
-1.041833096228633598e-01
-1.131185852002495051e-01
-7.658739356361321526e-02
-3.360972601596982912e-02
-7.329406599112037179e-02
-3.000389662402002527e-02
-8.564297642599399962e-02
4.266621793113313521e-02
-6.819280353905946002e-02
-7.446686487602852123e-02
-1.022167303282937589e-01
-1.269295451126341845e-01
9.923373333954797065e-03
-4.358941175394728806e-02
-3.402989738793833763e-02
-3.328920714836140771e-02
-3.453083802571949718e-02
-3.752018466950675368e-02
-8.279895727032463015e-02
1.004117187416593143e-01
-7.816654092450478486e-02
6.870910091408738429e-02
5.259667160238189199e-02
2.962555539086295792e-02
3.775114766219946766e-02
-7.712084701676462373e-02
-6.161044439278515195e-02
1.793990462347561099e-02
-5.856608956790430170e-02
-7.856009838583402627e-02
6.676659364497776472e-02
-4.968554692811455453e-02
-3.122170270812615889e-03
4.314927928008947811e-02
-1.648032444500417693e-02
-5.997852443814009199e-02
1.092507965719005936e-01
1.448726637017018204e-01
-5.384345236396848033e-02
-1.599013171589418469e-01
4.064868839903672953e-02
8.870475018276505197e-02
6.890473917254691383e-02
5.452031130560292677e-02
-2.352957547579997977e-03
-1.472700840499589492e-01
5.023128578028038249e-02
1.266630624251432330e-02
-2.023116678605819257e-02
1.541414977651969220e-01
3.556000918664398158e-03
-4.728528805181551192e-02
1.744661597704815492e-01
1.029663079623625715e-01
7.865327949514344663e-02
-2.733469848153411569e-02
1.218427478295943944e-01
-5.602825864847239823e-02
1.500184428152457616e-01
-6.132022816227192946e-02
1.070020861889066782e-01
6.963909047261490626e-02
6.894874410066272052e-02
-2.413628929777975052e-02
-1.506800239543235921e-02
4.575715554052831729e-02
5.372935578403015278e-03
1.191472189821785044e-02
-3.632775463802448424e-02
7.164341178378881569e-02
1.684950236630182729e-01
-4.753993843322067148e-02
9.408400884266792524e-04
8.067953479079861823e-03
1.302549611453899248e-01
6.618132839048287974e-02
-1.568033108663287323e-02
9.234419601079460471e-02
-5.309158667943743304e-02
1.693266534284408598e-02
1.828451649359203943e-02
2.438923526359177557e-02
-5.442109818715916425e-02
1.440256739682055920e-01
-5.185825496034157656e-02
-5.796990573002912955e-02
-8.115652140952545057e-02
9.314228303202937154e-02
8.248265650694079631e-02
1.934582590206573513e-02
-4.359956406924642147e-02
2.299059273242566592e-03
-5.905678556390786538e-02
2.614373861786279882e-02
8.858847508625544709e-02
-5.733434767418575662e-02
-2.681866011434106897e-03
-1.232710103901542460e-02
-1.087251047869494669e-01
-1.563049549680926853e-02
-6.778129026402580568e-03
-1.046159369536620309e-01
1.221265302961746513e-02
-1.030045106871446264e-01
-5.401277560766852559e-02
4.272722184649209443e-02
-2.977505654151486533e-02
-8.129008100568785311e-02
-6.039230797607307577e-02
1.592499411829861183e-02
-4.739116207680496573e-02
-1.437577373924156521e-01
-7.423171389215627025e-02
2.986228556111238108e-02
-6.600558709185297412e-02
9.279352366743745528e-02
-1.357787091379433209e-01
-1.131648105751260902e-01
6.959679316863405518e-02
-7.303988402603395214e-02
6.387615392854664731e-02
-2.403520374706084872e-02
-1.342973661656865769e-01
-1.227667622562046180e-04
1.119048714198317973e-01
-3.796337338781621135e-02
-1.519354184833332788e-01
-2.561899900757844822e-02
2.405721383236817529e-02
-9.249216981366270574e-06
-9.857766011743840373e-02
-7.594342215707121369e-02
3.414876199402148982e-02
-5.436668741665284799e-02
-2.505474007979057241e-02
-2.049937614615750942e-02
-4.462873487405788486e-02
-2.291956553609680175e-02
-1.109068236379472105e-02
8.027346359876741388e-02
-3.592460632533445858e-02
1.183286188969164543e-01
5.457731831650662613e-02
-3.924587793998630947e-02
-1.538113418187676551e-01
8.996509875289096167e-03
-6.774755325976612730e-02
3.438787302578177885e-02
-5.509770191829051894e-02
5.560370636136287986e-02
-3.368652443235020666e-02
3.790588018393135222e-06
3.754568470984340212e-02
-1.054671751914358496e-01
-5.192323176056870548e-02
-8.118647729972307270e-02
4.925153699226639953e-02
-1.514676578830405074e-01
4.551879374431194031e-02
-1.285375848409227584e-01
-2.878635603747164984e-02
1.245766147005471225e-01
1.884506272955089115e-02
-1.277576833536492318e-03
6.769607110422079521e-02
-3.945789444575173444e-02
-1.521495292137256539e-03
-3.858567724597444792e-02
2.509317935337256056e-02
5.476655115705805765e-02
-8.793148081926688286e-02
7.597819133753302978e-02
-6.972291544231463967e-02
4.482798133217917591e-02
-1.702545340566635756e-01
-4.132107167320386854e-02
3.189723721965527503e-03
9.723602919864088312e-02
5.678721872198173870e-02
-6.075852192979976085e-02
1.260396096815175615e-01
-1.028453982353925156e-01
-8.331243840828707337e-03
-1.005782557361698526e-01
-2.197164898610299427e-02
-1.547282437158672974e-01
4.111029877161323509e-02
1.079263923028113692e-01
6.977024074326060137e-04
3.470928229822362043e-02
-1.087880861478452282e-01
-9.117576553737299916e-02
8.546776656905236136e-02
-9.192012439526145440e-02
-5.128355324080235284e-02
-2.354723252830009939e-02
-4.012739088570247553e-02
-5.348036614360104912e-03
7.730712867111887154e-02
-1.282622630833656352e-01
4.016059671431105454e-02
1.716465698074668561e-02
1.139673635348982528e-03
2.502872047136389319e-02
-3.736172468458136969e-02
-2.257915687815487127e-02
1.923344581799390010e-02
-2.734303711043066173e-02
8.464898604478468536e-02
2.008124852870713656e-02
-5.059549263762095489e-02
-3.072630718341623490e-02
1.077252128486238802e-01
-9.369555999616292763e-02
-1.227494876581545769e-01
-1.674110438285109081e-01
6.445411126092782939e-02
7.195550882882757737e-02
9.637192114712272994e-02
-8.966226688000100697e-02
-5.320254073111964355e-02
-2.365930965066641301e-02
-2.711070455258063339e-03
4.571881703455205059e-02
-1.067717170100807994e-01
-1.276748280124298529e-01
5.739041612533163361e-04
-5.532206051400658658e-02
6.392616574816654615e-03
2.615029004950004954e-02
-5.390193609961890092e-02
3.655631625107444438e-02
3.898492548044556888e-02
-4.895598307312107322e-03
7.179020796589578868e-02
-1.342457608530684410e-01
-2.281547650822397105e-02
4.080164315464328284e-02
-4.207308836380082434e-02
-4.196950847858595818e-02
2.470590297844833805e-03
-4.676015488408881426e-02
6.881298982856279278e-02
3.173179994598171461e-02
9.862845987568333306e-02
6.582090835599516132e-02
-8.394758120307342641e-03
-2.687713131613016920e-02
-9.865138029345182913e-02
1.096450668835324696e-03
3.332340788102289286e-02
-7.623376721037677939e-02
-5.486599612578781093e-02
-6.516684148758836170e-02
1.037574253035661587e-01
-1.542028059020124353e-02
-3.327746988885397356e-02
-5.998335419724897671e-02
6.209155311833684798e-02
-2.186350881978733340e-01
1.253334033532349512e-01
-4.658036151807230796e-04
-9.879454845643675931e-02
6.454543264846313022e-02
-1.280812363744210924e-01
1.170797413533147813e-01
-1.512573439273264680e-02
1.080527444661210368e-01
1.017057395991586843e-01
4.729236965273858617e-02
-4.339152782454817198e-02
-9.557008578486497763e-02
9.620574333331501082e-03
-1.092379523745615061e-01
5.733859908718515197e-02
7.027784958109645208e-02
-8.155367527706536279e-02
3.825277541323454655e-02
-1.000561751762412965e-01
4.326326107760491979e-02
6.856311575752491172e-03
9.007451005414431056e-02
1.187691326201408271e-01
-1.154237916241661333e-03
-1.162809371500095612e-01
-6.296389395103005326e-02
-4.192254970023674004e-02
8.234240609133646610e-03
-6.416902000000722361e-02
1.842378743277769612e-02
2.813454019858133148e-02
-1.307597639937732592e-02
-3.965494724079909883e-02
1.886952377315750939e-02
-5.295951030322720854e-02
-7.945947033697314810e-02
-6.547154024005293060e-02
-3.017938793801393238e-02
-5.328484621887505379e-02
1.177198182780926916e-01
-2.391387633391030970e-02
3.798056047077887076e-02
-1.326317571371916360e-01
-5.845818165747080492e-02
-8.999747872150870576e-02
-3.124273808332210522e-03
2.422355601288477683e-02
1.316013265004162790e-02
3.271050532193857385e-02
3.780057800161665954e-03
-6.880920091451425691e-02
-5.035682357769148687e-02
-4.580087214630877701e-02
1.132556730602910650e-02
-1.482120904488982427e-01
4.685800568947871836e-02
4.332809544609997343e-02
-3.012883353889762861e-02
-1.113555886425780517e-01
-7.656997319065363128e-02
-5.278701627874685803e-02
5.709377389238511763e-02
3.663738653312575283e-02
1.037933291617438303e-01
-1.109270962205022304e-02
7.239953905622691088e-02
5.247819052508914672e-03
9.404905540214331117e-02
-1.322567956899780017e-01
1.459906451659460230e-02
-5.125933689180385555e-02
4.590759032070106105e-02
-5.500970560999518533e-02
9.847025788239212318e-02
1.205345785055524366e-01
4.779525401257150863e-02
-4.207815370907893107e-03
8.382715039320469408e-02
-3.261725279193522509e-03
-4.029564226402465588e-02
-2.193359161892997899e-02
-7.248149868651812544e-03
4.616146025300028877e-02
-7.661212606044509599e-02
4.767700976030785076e-02
2.774949522184802508e-02
1.150054282624903140e-01
-9.338458051301838647e-02
-4.646766324376322421e-02
-8.363651133804891891e-02
1.461791283248438933e-01
1.063698425788163621e-01
-1.036196345090318049e-01
1.337736089097759651e-01
-3.656758430008907185e-02
1.866704764480290463e-02
1.191606590982079716e-01
-2.976692000149942091e-02
-2.806891712201767947e-02
-2.431973278176458031e-02
9.230659809908364766e-03
7.119733226446912921e-02
-8.286756076557870443e-02
1.565929971574732127e-01
-5.665129992399764447e-03
9.906849732190955993e-02
-1.244214741537524732e-01
-5.989068580999898361e-02
-5.923251938052991050e-02
-9.591372468890432823e-02
-2.744638642668897899e-04
8.850874766376269631e-03
2.790623134258160554e-02
9.372657081309000715e-03
9.406211780294264357e-03
3.711844506469268168e-02
9.204634827150610932e-02
4.849114857366920023e-02
7.401552205857377109e-02
-6.857475495839052138e-03
-1.864063932284507064e-02
-6.714935795816984188e-02
1.139201741640939042e-02
6.656905229664122903e-02
-1.042495696537486249e-01
-1.817497830270523723e-02
-8.366574487906583424e-02
6.314041049772110836e-02
-2.175431111493232594e-02
4.029698320175913173e-02
-9.628229855367589907e-02
4.500260351668527309e-02
1.063456225365446151e-01
-5.509751551505149419e-02
6.911397460866941511e-02
-6.143784118214587475e-02
1.328816447433042724e-01
3.670170172521729224e-02
-1.968322525653168342e-02
-8.614295838280821606e-05
3.062783781097452168e-02
6.877494546273973941e-02
-1.085006210537292487e-01
2.256168463519691789e-02
3.169393786237668931e-02
-7.318072725129334821e-02
-1.795613752446400743e-02
-8.119195103780757483e-03
-4.504177010359536326e-02
4.854371985140636114e-02
-2.493659788078642081e-02
8.778893910735714734e-02
2.749468921110984412e-02
3.940679492076804014e-02
4.299281692584683984e-02
-1.794031130462018231e-01
1.460630694060908660e-03
1.221038699011805229e-01
-2.177735670831031783e-02
-7.098137589607281250e-02
-4.642269182475762535e-02
-5.543245816860632030e-02
-1.577363630184778764e-01
-4.855490281658741969e-03
-7.882407586663903176e-02
-1.666877367214738004e-01
-3.275158867429882326e-02
4.354534957057392547e-02
1.032172712295342937e-01
-1.056403479923137545e-02
-1.966174520300718875e-02
2.482595346472803166e-02
-1.504324222321122909e-02
-7.867246744350941956e-02
-6.606995481672534032e-02
3.270167561282937702e-03
9.251681020406234135e-02
-8.554280228820497489e-02
5.101863182185448209e-02
3.154233172341174007e-02
-2.111136971972688847e-01
-6.389722850128981557e-02
-5.070680534065704487e-02
5.415361532412069079e-02
3.649485956545175935e-02
3.243988062121542365e-02
-1.352741382732376013e-02
-9.915090975663941320e-02
-1.431373210535603069e-01
1.846017031024452248e-03
-1.650170913436026232e-02
-8.796491614833176764e-02
-1.583259021276607614e-02
-7.515934556420533763e-02
-8.221150714430494610e-02
-3.286561842633597963e-02
2.904920492034442775e-02
-1.437886654845341450e-01
-1.556082917542396526e-01
2.996795158544724585e-02
-2.450685177739148068e-02
-6.911063613414822338e-02
-6.935013416496924044e-02
-5.907182074231336760e-03
5.936254311984982823e-02
7.616855701202703000e-02
5.901705200938980878e-03
1.630913369605725693e-02
-3.011256500507878547e-02
6.610866791620248484e-02
-1.832994532488863015e-03
8.103076356659102975e-02
-3.665884055240242051e-02
7.432165949008028016e-02
3.511697102376709623e-02
-5.680801588459703788e-02
-4.025559914076494439e-02
7.535656896670163418e-02
-8.170405622516949129e-02
6.862149792348717914e-02
6.725754360355676309e-03
-7.455321443241627599e-02
-6.192162267173284551e-03
1.009710407784804309e-01
-3.458840150030942362e-02
-2.873519125238955391e-02
-9.177145830262241344e-02
-1.121344816439393544e-01
-2.890277125617116832e-02
-1.382456555615447780e-01
-4.058901741542549069e-02
-9.076458138056654745e-02
1.483428400700131933e-02
6.585007911628396049e-02
-2.890869648440689416e-02
-4.412985745257764353e-02
-3.351157010915203904e-02
-9.212467018220010795e-03
-3.849059021012993936e-02
4.313409201875319232e-02
6.315985264553017169e-03
-7.974954456121831348e-02
-8.305553626986865445e-03
-1.026979546977273006e-01
-3.276178882741476173e-02
2.283450093070137771e-02
-4.107845685298162561e-03
-5.510071558976360057e-02
-9.199442419244131808e-02
-6.801464877478080595e-02
6.923344811087132900e-03
2.370831888173298083e-02
7.121647375627224164e-02
3.808168242201548370e-02
-7.535787562675613782e-02
1.066705283930042270e-01
4.091988475430282518e-02
-2.693540207475834253e-02
1.074012222780982573e-01
-1.202562898020189952e-01
7.001177654914499116e-02
-6.075833178083209912e-02
2.950947245521905182e-02
-3.426055532837115475e-02
1.212395035230235188e-02
3.531040236945152955e-02
2.593513679183124393e-02
-8.381326609240950798e-02
-9.387034984046876973e-02
-9.735811355911423715e-02
-7.554205426195352568e-02
-1.580817780856079435e-01
7.621758064125212784e-02
-6.060593739431537064e-02
3.148954932118112893e-02
1.792170578076154527e-02
-7.966410554452223181e-02
2.890660976726565357e-02
8.125119436886926727e-02
3.471875872982189276e-02
-8.309578577539102062e-02
2.635851573158065966e-02
6.712220665213980419e-02
1.497493476577993476e-02
6.580467759331377897e-02
1.420494794496474089e-02
3.034146785864749729e-02
-1.324703690041269533e-01
-1.345554249564637483e-01
2.789017870242296859e-02
-3.129930043950373414e-02
-6.912534179847530658e-03
9.054610465680011655e-02
5.967208853703753063e-02
2.988294045301937568e-02
-1.021652524594248920e-02
8.939702735071237971e-02
9.037633319365594164e-02
2.971207373569708515e-02
-5.601567093656714680e-02
7.785668715936641671e-02
7.316919835663213134e-02
4.714071825505061070e-02
1.792942537251392132e-01
-2.801150018722717294e-02
1.260333490973895854e-01
1.431484247093353090e-01
4.362506714936653651e-02
1.675603138001728332e-01
-6.194949721228028977e-02
5.507454315083268326e-02
-6.965799988218390748e-02
-1.436891343338694282e-01
-2.873200069833839465e-02
5.682186897654302460e-02
-4.134671959258227891e-02
-3.174518896186060563e-03
1.606447401280036158e-01
-8.448257004329653985e-02
-1.449785669114318498e-01
1.382652858563134246e-01
4.721709450927690649e-02
-7.828535800572463538e-03
-2.089741903619710822e-02
4.695820815671818138e-02
-3.800409366523994914e-02
-7.382843322762316918e-02
-1.285844698520098583e-01
-1.004867390959825191e-01
1.291092418928047394e-02
-5.441605168421514288e-02
5.578324526848874032e-02
-3.742371025645464810e-02
-6.488770748915223541e-02
-1.152999531463938104e-01
-3.816570423074543139e-02
1.033416990878630037e-02
-8.579430088438327884e-02
-9.971662129657024587e-02
9.115312189607781279e-02
-1.468744677364124951e-01
1.149305170237317764e-02
6.117778998942510760e-02
-7.113747109419467363e-02
2.158663667733002473e-03
2.803389157931646114e-02
-4.819575179617652250e-02
2.952780582089413464e-03
8.346686174035482242e-02
-8.892385974312644326e-02
3.554600318246421697e-02
-7.625860449186662449e-02
2.868227836409616149e-02
-6.615140934468462242e-02
9.509900336477344202e-03
1.197393619356377018e-02
1.417367857826661720e-02
2.222689329850155437e-02
-1.140437678019055878e-02
6.840009100558216981e-02
2.716323666859908614e-02
1.757619551466176738e-02
3.394607742358726060e-02
-4.341657319742653343e-02
-3.236160821739326315e-02
-9.158285797998862166e-02
2.364818835404039130e-02
6.126960575225503386e-03
5.308548702179730072e-02
2.605749701801264584e-02
-2.898522494521721393e-02
1.484117901285470983e-02
-8.812532731317298043e-03
1.054906475262881865e-01
8.667119286281907420e-02
-1.350565597450711919e-01
3.702006831910675116e-02
-1.780944049781552768e-02
-8.414362471206909833e-02
-7.138174045802822554e-02
-1.113781190558293110e-01
-6.725042167920247671e-03
3.765527017658876902e-02
-1.760933959012044719e-02
-1.090114360746976263e-01
-7.193714267942071666e-03
1.265779819069153336e-02
-6.068715487872913643e-03
-7.850254957768268427e-02
-2.209545123110395054e-02
1.236514339708895543e-01
2.502572704580346107e-03
-2.339764687271389185e-02
4.698294037108798754e-02
-4.731431081508634395e-03
3.040520514689308562e-02
-6.596990905821602247e-02
-9.944156637299643442e-02
-3.265180312997800760e-03
-1.158387020101564052e-01
-3.525126933098535892e-02
-2.087668632553487530e-02
7.086944836775541101e-02
8.399874303299964540e-02
-1.408887553783594870e-01
-9.275772125882875141e-02
7.251552960339954779e-03
-3.541304565569508567e-02
1.260619126779120580e-01
1.046675236960496469e-01
-1.002114651771201029e-02
-1.041917341298446986e-01
-8.593435744158228751e-02
-7.120113844086421728e-02
-6.386265438259358662e-02
-9.767552343544665117e-02
-2.039481534527289031e-02
1.256480157190711065e-02
-4.320353596228915238e-02
-2.091241313636887922e-02
-1.421734396914470788e-01
5.309325904019744635e-02
-7.454971590148286309e-02
3.615587331850031449e-02
-5.999429867204142397e-03
-2.337438443680053823e-02
-3.097261926670275348e-02
-2.718310127899532802e-03
4.169670710050221024e-02
3.455797658198006550e-02
-2.034737803097754621e-02
-4.864908230024672653e-02
4.500585524608803623e-02
1.962843420389308313e-02
2.037460372835230016e-02
-6.255213599437170480e-02
-6.298204119560595060e-02
2.810798808033790341e-02
2.884782125746883016e-02
9.326043187808076562e-02
-3.475603308419707160e-02
-1.407846826917840966e-01
-4.567629587588217799e-02
2.710411578292073673e-02
-3.030242730150153191e-02
-5.907059132050087452e-02
4.035411275741426773e-02
-4.288648526319391308e-02
4.726692300963297039e-02
4.125273434421676544e-02
-8.576330543678371832e-02
-5.240806021070154933e-03
8.301099954205437559e-02
7.008382620319227041e-04
-1.344695198726607310e-01
-3.035497264375099091e-02
-4.495396129210210007e-02
-8.619685208547589461e-02
2.536724961192638253e-03
-1.131492784770392335e-03
-7.465299787199178305e-02
1.308913345158151109e-02
-1.595608830935636713e-02
-7.871159475556512020e-02
1.749667040357975600e-01
3.855811736348401658e-02
1.652975920019328915e-01
-3.555816683734543127e-02
-7.278562182802263136e-02
-5.394787838829972343e-03
1.146583086552944997e-03
7.820502365117142085e-02
-1.644446103563839204e-02
3.649508287186346844e-02
5.627769524273114332e-02
3.258649382163792546e-03
5.763936815985910844e-02
-3.958887393975814295e-02
8.802331580328714988e-02
6.412197357874363512e-02
-6.312340055776322068e-02
9.042588202299181588e-02
-2.591140933689002265e-02
2.096697757494350028e-02
-1.213743541122657976e-01
-1.784852690904350364e-02
-2.142004187948869792e-02
-1.782766904090414203e-02
-8.880882631950157147e-02
-1.205304650808240591e-01
-9.014962332408395229e-02
1.296786330881801938e-02
-1.649574580187495310e-01
-6.759955690383577520e-02
7.426813622308067742e-02
7.656567249015384935e-02
-1.028265968334748093e-01
-5.228669394804472126e-03
-1.478446529940963261e-02
1.116619447645150753e-02
-9.221914152183754987e-02
-1.000943581751631978e-01
4.057244332539786807e-02
1.386477878166796074e-02
6.097904470289527978e-02
-1.124460763067112318e-02
-1.373613949335474038e-03
-1.053505784062386402e-01
-4.132706422557272385e-02
-6.384362458847933630e-02
9.381072019504319015e-02
-2.936941860069088375e-02
7.318925706484712135e-02
-7.050108064935549368e-02
8.367967795608265147e-02
-1.338431515273575401e-01
-1.506393991989758707e-01
-6.651966791063275430e-02
6.906653489363784315e-02
4.175589837668894355e-02
1.190386126207972073e-02
-9.191124762101296475e-02
-6.005593959885788258e-02
-6.405901569265066986e-02
-4.952184561189499484e-02
-1.997520919108688453e-01
5.515979719438887652e-03
4.267682090552855217e-02
7.858505486130645812e-02
-3.378025574956111665e-02
-5.867309762404689100e-02
-1.090536316499603336e-01
-1.143514045986081251e-01
3.283457855470257175e-02
7.260779545038353877e-02
-9.369324804615032642e-03
5.153555672885250238e-02
1.071203673329117756e-01
1.182983375009605959e-01
2.293619054696074272e-03
-5.162075207719741404e-02
-2.672058886541901768e-02
-1.220101138464589341e-01
-3.149266789529475002e-02
-8.785434819431930942e-02
6.283902837839935862e-02
4.193763567050107915e-02
4.885814684353941700e-02
-1.825506912218263778e-02
-5.707884533583052616e-02
-1.397802648934033318e-02
2.830320624966773529e-02
-9.197457645857955166e-02
-3.772301404025954485e-02
-6.755296222848491960e-02
3.344849167799987533e-02
-7.840989071877060845e-02
3.848050627752730435e-04
9.494646002155670422e-03
-1.279447914201462255e-01
-7.403846598290214631e-04
-2.439581066375100943e-02
-7.333944765082309192e-02
2.285762088374707068e-02
-1.204963944756170524e-01
-6.447895830947905638e-02
-8.637993618079470304e-02
6.863393082689871194e-03
-5.474106028090462706e-02
2.359688322993517759e-02
-1.279151614921596736e-01
-8.946332609911805678e-02
-1.476296443044711366e-02
-7.295258294796093390e-02
2.681362532797565423e-02
-6.487865207279967794e-02
4.435740980398828609e-02
1.087481033308245748e-01
2.687037182164092944e-02
-6.796593075388551730e-02
-3.855325591609412572e-02
-9.744919134673296623e-02
6.411286769864226603e-03
-8.553034254217407872e-02
5.156964632490716738e-02
-4.484805558438511447e-02
1.345322535469679892e-02
3.280650876408602867e-02
-2.080723144332639191e-03
6.215029864909718538e-02
-2.530491146212657250e-02
7.353645963590763057e-02
1.190008785438501603e-02
2.127910329970231565e-02
-1.216325705578590183e-01
7.176809668309519497e-02
-1.253371078673676600e-02
-3.347826726531749619e-02
-7.070113899886763809e-02
-1.377956177341572164e-01
4.267451237214732462e-02
-5.941508119069101312e-02
6.081811717811012180e-02
4.713306272284565474e-02
-2.406604583917201778e-02
-6.835624325445900651e-02
1.203449514213714433e-01
-6.588470238905130838e-02
-9.572468167919498394e-03
-5.909575781844132736e-02
-1.521046251393415316e-02
1.785121912616114553e-02
7.892402705091422499e-02
2.155801818445196583e-02
3.614081970179867931e-02
3.330938457502725936e-02
3.895141741660586299e-02
3.292151078193571168e-02
5.877998663983838995e-03
-5.513009718284050259e-02
-4.387558401297692728e-02
-2.806200686798319618e-03
3.663171169327625321e-02
-1.310432990850524670e-01
7.023475778585259142e-03
-1.186627368759659018e-01
-3.668920032218608851e-04
-3.851647898778539497e-02
-3.200037818242628535e-02
4.410349499480054059e-02
2.174800879319345806e-02
-8.170965885285332020e-02
8.515079914750638135e-02
-1.017201122324246088e-02
-1.355611763783924339e-01
-3.968094532452129397e-02
-1.591613465720149445e-01
1.083553123532032814e-04
2.504518018716025973e-03
5.210062912388456480e-02
6.968090937875073831e-02
-1.015122979432814265e-01
2.092137948969927802e-02
-3.369922157239062938e-02
-2.425452779607208814e-02
-2.390122592893469122e-02
3.687476252749148642e-02
-3.693574327938969892e-02
2.833248126110118892e-03
5.311144545217873214e-02
3.633787883082229692e-02
5.513242531401875424e-03
6.830986525951500410e-02
2.566914522711347818e-02
-1.874214133784445624e-01
-7.185121469863826882e-02
3.912510690072201064e-02
-5.544967685270307811e-02
-1.078298603498569763e-01
-7.163892397336181495e-02
-8.211650219037133769e-02
1.443868998235727993e-02
-9.844985719401792845e-02
4.124714761640051186e-04
3.401671393905449786e-02
-2.995562167432173906e-02
-1.323015572942819879e-02
-6.389384826744862189e-02
3.383091525737701860e-02
-4.567289523332059703e-02
-1.447077903350128814e-02
-5.247171105665522639e-02
6.349405876738001275e-02
-2.568724158043051570e-02
4.887446809532096370e-02
1.465854898599505129e-01
1.064896126624197137e-01
-2.834156843282514132e-03
4.318251235937795723e-03
8.698957227101124234e-02
2.844412166958315905e-02
6.280714469150427970e-02
-1.076949045643340042e-01
-1.319922277303857416e-01
-8.101403629574861071e-03
6.692769977218315791e-02
-4.294693282158297543e-02
8.089007605798667622e-02
-7.492485958164631088e-04
-9.814967335055119202e-02
-9.609636832155124542e-02
1.429757047461057695e-01
-1.482372667069904032e-02
8.619423919801902367e-02
-2.152467678908889792e-02
3.140245450178136277e-02
-1.007711036787744402e-01
-1.394867734188273700e-02
-6.921404198846252409e-02
-4.056828402422183594e-02
5.444621080479994379e-02
2.399623202565433905e-02
-8.890221731495222268e-02
7.411902163595027182e-02
-3.207705426391192077e-02
-4.177968946127364608e-02
-8.304149534694116319e-02
5.803686707220091084e-02
7.990296595041200545e-02
5.436969859313214165e-02
3.347824002077334771e-02
-2.230768363954972050e-02
3.140016004463433430e-02
7.310035111874169100e-02
-9.299474794293509372e-02
1.612776101338588008e-02
-6.465347571760329815e-02
-7.626200576738011161e-03
1.416470665331768797e-01
1.859421763307919639e-02
3.796336416869016545e-02
1.698353906030207472e-02
2.035602310010696005e-04
-2.436026098011311730e-02
-3.100650628615283372e-02
9.740214616171033457e-02
6.235108623383824045e-02
2.671688524708494550e-02
-9.791510152004459511e-02
-2.111199539691006877e-02
-3.664331431803273531e-02
-3.922744485644978629e-02
3.424361461412947678e-03
-8.451763950468929587e-02
8.819122878621561690e-02
9.305723595511766755e-03
-5.365828837636816423e-02
7.406989714920425572e-02
-1.155095337407030520e-02
-4.411214152870247818e-02
-6.343521061143733708e-02
-8.587822851392072632e-02
-1.336960816239345928e-01
-3.212026897986558147e-03
2.275586944404664122e-02
-1.102438852614005399e-01
-9.953983858495779602e-02
-2.010455844732301697e-02
-7.387009105190957270e-02
2.909025788110268518e-02
5.426819084090511031e-02
2.314317967328457029e-02
-4.372199858614846113e-02
-1.362430084941322062e-01
1.142128514028040165e-02
1.458668909084847448e-02
1.309992578611030578e-01
-1.328578271956952217e-01
-9.895325869204338667e-03
1.886037960736982461e-02
-3.937174190301778731e-02
8.837144267524156549e-02
3.943355693218773828e-02
-1.129731465410923480e-03
4.847905784873850904e-02
-3.356944349727594701e-03
-2.657908237356507511e-02
-4.255388305460658382e-02
5.256370515898334955e-02
-2.153963152409978099e-02
-8.111861944153656023e-02
8.387762817921795566e-02
1.870773759162392899e-02
6.738746942998644074e-02
4.158949366572538275e-03
-8.216670818286971045e-02
5.878924406800255589e-03
1.329395248873710411e-01
-2.348543040967124990e-02
-6.470249106089480395e-02
-1.263552697324145380e-02
1.525296417966373955e-03
-6.546273098318674405e-03
1.333542333525303270e-02
-7.528983120369292514e-02
-7.745673943130387817e-02
-6.269372765971517603e-02
2.545293326965832048e-02
8.094040326304667576e-03
-4.840085041541846572e-02
3.584592285411920126e-02
-4.163210680258244006e-02
5.498616349977524659e-02
-7.010016830211522609e-02
-9.521837905534519253e-02
4.648583988377238962e-02
-9.470065000738304983e-02
2.214902948139239533e-02
-1.606623169605234658e-01
7.323176180699837723e-03
-1.648722968826982771e-01
7.288140031610722269e-02
8.237964905588746056e-02
-1.232345469450637498e-01
5.865369476512011931e-02
-1.411861797743099028e-02
-9.178129767629158997e-02
-1.893518114656056201e-03
1.715164809838231816e-02
-3.612842513223007285e-02
3.230571373378349209e-02
-1.178070002914226866e-01
4.026784981746655417e-02
-1.674814558097029171e-02
-3.856752218694112916e-02
-2.062733915472302754e-02
1.335662241251217019e-01
-1.081013433663529089e-01
-9.011769887498000120e-02
-4.118956035568090146e-03
-4.019041041243540807e-02
-1.517644470982059401e-01
6.182377520187153086e-03
3.015245535701519680e-02
-5.566067260351607870e-02
2.017713210179637034e-02
2.684202603228129022e-02
9.622920237590304460e-02
4.260901150057684605e-02
1.313356518272559836e-01
-1.448913469098272316e-02
-1.176374334722760442e-02
-7.521912884795825538e-02
3.389411604867260952e-02
6.480783064423761841e-02
-3.381120522310755716e-02
-1.419035296012955416e-01
-2.836589828282602005e-02
6.130209300305811126e-02
3.632219518403116687e-02
5.936929770900824244e-02
4.585686999003177333e-03
2.998802099955194533e-02
-1.568452313419854000e-03
1.999120120494871089e-02
-5.847747097290993679e-02
-1.255013105676527907e-02
-8.676415865303938046e-02
4.136344359972125156e-02
1.232375414657725654e-02
-4.310258359581845000e-02
-2.567466089105267801e-02
-3.067265489622630209e-02
6.038016132462112329e-02
1.198552446482977624e-02
9.399975483838500512e-02
3.520823926453618691e-02
-7.109105237637311503e-02
6.053067582175240824e-02
-1.878946806680886067e-02
-7.754869716952514369e-02
6.712737653348180289e-02
-8.479551462137084605e-02
-6.578249929107293781e-02
2.160135791101854691e-02
-2.171093485912264226e-02
-4.285410366690518835e-02
3.814025955110647570e-02
7.758833551178156984e-02
3.833491855810863130e-02
7.230201194417076871e-02
-1.984266306705259955e-02
-8.724490912916824104e-02
-2.198784968118728048e-02
4.839153782640427670e-02
-9.170616855837455950e-02
2.704136617921405750e-02
-5.365506081130122507e-03
-1.081856856842214887e-01
-4.935091870559191532e-03
-1.197308608170849775e-01
-1.848974405701568902e-01
-4.865905956949768962e-02
-3.364237220561692304e-02
1.234466175578619596e-01
-2.961519306419373165e-02
6.702304575587278435e-02
-7.179988169674726695e-02
5.145335242973947398e-03
-7.920712993553036263e-02
-2.735838986690011798e-02
-5.962411945209537822e-02
5.541327979854651642e-02
3.093381989717989070e-03
6.019171015110839906e-02
-2.114575429761943182e-02
-1.123932529342798331e-01
1.859677530982007665e-01
9.686905459229684656e-03
-3.830316129762697391e-02
4.954649860836494307e-02
3.903578440231370017e-05
6.922956420861807458e-02
-5.149525124178088581e-02
9.585919301313135243e-02
2.762991148577556566e-02
7.707150288450428932e-02
-7.459093414940322353e-02
-9.696305202615002061e-02
3.526458406689016167e-02
1.472356746360418966e-03
1.677111718963314110e-02
9.075306196352932175e-02
4.799830831313439683e-03
1.130363524984511793e-02
-3.046574759682754707e-02
2.072723128261551306e-02
1.685737450596092035e-02
-3.679019999385952505e-02
-1.308696827972637422e-01
-8.092788287937288660e-02
-4.625132270902911069e-02
-4.001617833461845741e-02
-5.820960343897775557e-02
3.791583293839870250e-03
-2.834784593053150253e-02
1.156415428941409695e-02
5.103153089141042320e-02
-4.066915124612392046e-02
-3.777964906189699990e-02
-6.427187339495624152e-02
1.845758050896060404e-02
-2.963097449835111474e-02
1.256188399042040826e-02
2.477437691436831790e-02
-8.489539032389721573e-02
-9.157625301426264297e-02
3.352863903887655372e-02
-4.630449400392374487e-02
1.213898412248758107e-02
-3.046800577234584292e-02
4.168281749847300294e-02
-1.100861317372762993e-01
7.012914413438067762e-02
1.052964587112068667e-02
-8.016531230315272760e-02
1.700551920951862139e-01
-1.362199892063151174e-01
-5.591710843823777255e-02
-3.058231517025590193e-02
8.117739643863607080e-03
5.985421373834409753e-02
-3.889289161236286763e-02
4.855152717811249408e-03
-4.126675786589341366e-02
3.237462992290068842e-02
4.233638837337377892e-02
3.442549091476222040e-02
2.749435905564398888e-02
-6.438000744148943133e-02
-1.127528978934573406e-01
-1.158379927555457795e-01
1.503166345171777496e-02
8.385882952507298094e-02
-4.985183300954568880e-02
6.096177893296018252e-02
1.381729708170635895e-01
-9.184426766711741019e-02
-5.430003993012872537e-02
2.915574624860536521e-02
6.694002498563982745e-04
-8.936810512025336606e-02
-6.349979654868294354e-02
2.049903807251481774e-02
8.447180398539372304e-02
-9.025736614207986730e-02
-1.492439399356199070e-02
-6.399100690250915380e-02
-1.193405675705033406e-02
-8.499969963553932750e-02
7.749613802766895654e-02
1.229261042115265684e-01
-1.056500883890571646e-01
-1.113158087049271189e-01
3.666503952066204296e-03
-4.009864002086462043e-02
-1.362770401981382995e-01
4.737960611933903984e-03
1.181898233952068805e-02
-3.377545413950484854e-02
-6.248782930130550306e-02
5.269518908498860982e-02
-6.362801062626297077e-02
1.175256548006674839e-01
3.112201633784848070e-02
8.638256241281332126e-03
4.117739788156266068e-02
-9.874012736849741012e-02
1.150044466816749766e-01
-9.655086308966198683e-02
-3.116000052219215777e-02
1.324302341509685232e-02
-1.251182639195442259e-01
-8.961522022172238588e-02
8.835361730235087585e-03
6.594783483407236357e-02
5.800297115763930478e-02
-1.296089462036419948e-01
3.279855774513218414e-02
2.311278104632261132e-02
-6.307428862463265729e-02
5.052943220482741804e-02
-8.967420931198349932e-02
-1.672449133044359992e-01
2.426372332593357967e-02
4.345681532579055706e-02
8.931610950441380703e-02
-3.210461227991075195e-02
4.522701569119957909e-02
1.662868042786491418e-01
-3.509596812708593028e-02
-8.042933451819216095e-03
7.263311220224379083e-02
-2.590098553317575839e-02
1.046739171802043081e-02
8.819302379756352450e-04
3.297448253234162852e-02
-9.487881812091353284e-02
1.201860535050856271e-01
6.753174682971452292e-02
-7.895667230285716154e-03
5.263442340677182418e-02
3.538974395992340594e-02
7.397510020943154352e-02
-3.154230767336850538e-02
-4.300690385411931604e-02
-3.093145810636518944e-02
5.273478764661260199e-02
-5.937954159409582905e-02
-1.432888131575216772e-01
-7.134180472062993938e-02
-8.743476675607486648e-02
1.931944508960837734e-02
-2.414958423379733737e-02
-1.222503545325000565e-02
-1.491266957496987233e-01
-1.196481897130718952e-02
2.778588569765951324e-02
-5.899531962835733584e-02
-1.159783931638157239e-01
4.205065559090171573e-02
4.535470620546633302e-02
-2.136222569972721919e-02
-9.064090308308653254e-02
-2.475247029133897936e-02
-7.940380455555978712e-03
1.289689577699081741e-02
-4.226985449049187188e-02
-1.082935155200134558e-01
6.871772194705569325e-02
1.842400488923780916e-02
-8.167713143063944081e-02
-7.556320127220456095e-02
4.399052872207716985e-02
-2.999149367371320429e-03
8.276909429099071902e-02
1.755864297569725840e-02
-1.183560007777182954e-01
-5.980305940864838465e-02
-2.008873442733355441e-02
-1.720570140053816199e-02
1.748964613060804973e-02
-6.261636869757364332e-02
-3.605650893177538702e-02
4.647507712296772286e-02
5.275762925764089506e-02
-1.773310437077676993e-01
-5.056502481305853031e-02
-1.267029887056512760e-01
1.178278928056399610e-01
1.173890238531785923e-01
-1.574221054528026909e-01
1.521736294603521014e-02
-5.271585764013049513e-02
3.361847119778891418e-02
3.508972532991398718e-02
2.179473273687185242e-02
-9.030669421463272117e-03
-3.565418961547288379e-02
-8.213167681379071605e-02
9.601479015977748555e-02
-4.876415552290832428e-02
6.829095476673907594e-02
-1.909305059041768032e-02
1.227323532757794433e-02
6.550838092615277053e-02
-1.331433965476692960e-01
-9.195482285428621672e-02
-9.739485619591672222e-03
1.811389431933897384e-02
-6.380126087615525798e-02
-7.715219959458799459e-03
5.574409212656859097e-02
-1.696861876089832133e-02
-1.401216556022111814e-01
-4.731386152176778048e-02
1.099613402491800979e-02
-7.753592395503590071e-03
-1.827311432375880451e-02
4.697895326364381202e-02
-6.748338123461958271e-02
4.284155895458597457e-03
8.290569494688868057e-02
5.897085989644048482e-02
1.268130327549391312e-01
-6.598325888446526788e-02
5.392242180961269449e-02
3.681454147797804527e-02
2.576516012314504500e-03
-1.055614909241151672e-01
-1.293840011637093501e-01
-8.383021143390570473e-02
2.331516577683715244e-02
7.019455683839170845e-02
-3.230389006229043153e-02
6.573523260394767420e-02
4.368653732944476065e-02
-9.782595886272107966e-02
6.054554433532110397e-02
-1.105389592153621647e-02
-3.243579927139535191e-02
-7.626455331309865693e-02
-9.126356005929589510e-02
-6.311706294825688429e-03
5.543114935240574248e-02
-1.133129822351223309e-02
2.364648524253810946e-02
8.165681767943907404e-03
-3.610263285014746193e-02
-4.789565609770202181e-03
4.209661583164566595e-02
-1.486423733148083959e-01
-4.596191721866856039e-02
3.976385746521063358e-02
-1.076886954296392002e-01
-2.047984060923258715e-02
3.540187201819320478e-02
1.050913508900064713e-01
2.574922830442243071e-02
-5.547812517968291751e-02
-8.387355760478536204e-02
-4.344447287599974977e-02
4.804537019940269271e-02
-4.186063982094985481e-02
-5.558351368386158647e-02
-7.523719079022754552e-02
-1.000803962745857797e-02
-5.485374211026474572e-02
1.298772280245257260e-01
1.006135987131465126e-02
-6.648601885679006340e-04
1.832255662308651667e-01
-9.414531855952167072e-03
-5.358396839305244741e-02
2.609372321959853303e-03
-1.031372742621073924e-01
5.766077931547065188e-02
2.453695378473665784e-02
7.431284043372909931e-02
6.283492642617224955e-02
-1.854955052299561702e-02
-4.721280440455306177e-02
-7.562400245128075849e-02
-3.842992581175300876e-02
-5.583972189471245184e-02
3.063439282713454909e-03
2.338308696552444249e-02
1.677786068552244991e-02
2.186000605955627785e-02
-1.080395406095475963e-01
9.765001003204730468e-03
-7.436167261120378569e-02
-5.905998960562135192e-02
1.732647750414662707e-02
-3.994635073653456797e-02
-2.428747840079706344e-02
-1.683376658000679260e-02
2.766910589409964788e-02
4.057728041836086014e-02
-1.787569288269926990e-02
1.822680370799985294e-02
-1.049133956866274246e-02
6.636286505897757981e-02
-5.290083778775789281e-02
1.248791622263512729e-01
3.140655181830196742e-03
-6.696492633709104358e-03
-1.066647402438163778e-01
6.944786448182138638e-03
-4.911949957950693252e-02
-2.623225291068076448e-02
5.599413297654053448e-03
8.914899632554769415e-02
3.884082480131367809e-02
-1.221661304149215810e-02
3.814818475463711139e-02
-3.710637824028936715e-02
8.981624359339751562e-02
-5.043281537513191748e-02
1.609371999292669164e-02
9.172527557772960916e-02
9.847748338982353911e-02
9.542478241482174606e-03
-7.143448273461482090e-02
6.852265808779181566e-02
-4.386320690690924395e-02
2.172539421368692436e-02
8.219589645489702723e-02
-1.421844983659373285e-01
7.602639524650134373e-02
-4.338540374050172538e-02
9.289332296474606121e-04
2.208597358146336884e-02
-1.679459639913390839e-02
2.421409522047205526e-02
-9.861521939537212789e-02
1.846708251303667489e-02
3.111872418630395182e-02
4.536163768399480156e-02
-3.036824074838995538e-02
-1.773722923807310309e-02
-1.642183735494124330e-01
-1.250388500893887846e-02
-9.473611228831368969e-02
-1.501918555531903468e-02
-8.888142635831186578e-02
7.828676129321798793e-02
8.106975044425376864e-02
-1.959670951440935921e-02
-8.776048516277097297e-03
-3.259352640715838106e-02
7.931040442538629665e-02
1.491480188761650817e-02
-2.637790030113515080e-02
1.201125987244345272e-01
2.483819361291334654e-02
2.209834488616757228e-02
6.568136769147561727e-02
-1.309990474158313073e-02
-1.376325067288592351e-02
-3.942519334400481495e-02
-1.076572006762262640e-01
2.314774670528717271e-02
-3.826267705926471308e-02
-1.905820382638429011e-02
8.069477892004042752e-02
-7.556688361624019912e-02
1.311792463915295581e-01
1.122399149496905030e-01
-9.126539407056816211e-02
-1.327605038100933277e-02
3.766494204559076714e-03
2.662246348576800814e-02
7.464074764625877600e-02
5.958693264185305205e-02
1.772597514900775828e-01
4.860841634677633138e-02
-4.896328933046344839e-02
-9.473505040882435058e-02
6.573527881376563242e-02
-4.484295293565358081e-02
2.109245670982552376e-02
1.054108180204235135e-01
-5.776131647245810741e-02
8.008979845975708334e-02
-5.678012798345628831e-02
4.798727874480751554e-02
5.708760489514062841e-02
-2.618889748537077400e-02
9.131475460241661457e-02
2.023079820680770760e-02
1.411793039660071136e-02
-6.519349764712711881e-02
9.507900058785029307e-02
-1.284680041296748509e-01
-1.841412883595393568e-01
-3.954237910966132419e-02
7.396970129450078368e-03
-9.796930427288541576e-02
-3.379659100824258799e-02
-3.436488094130598497e-02
-7.179670220451579710e-03
-3.822781070670744352e-02
2.627524177391298010e-02
-1.057094963644103630e-01
-7.785788065391474611e-02
-7.882393444870178234e-02
-6.397938549056436663e-02
-6.503838499850447818e-02
-1.071539928200086200e-01
-9.711653834081264425e-02
-4.691560542173289078e-02
7.313350131199658488e-03
-1.164610568942513469e-01
-1.394042378458625886e-01
2.102377628548285013e-02
-4.680065574347058027e-02
-4.894855107775127057e-02
-2.307788490475040644e-03
-7.195671408919217249e-02
-2.188447235027374260e-02
-1.707936366066849232e-02
2.554268839275459363e-02
1.211408854169523236e-02
8.872322356706697360e-03
4.017716426895007881e-02
5.153499633857228091e-02
-1.821570403912325248e-02
-7.650550317259856292e-02
4.313191759831630501e-02
1.928836023102091166e-03
1.900743426142090589e-02
-4.169724404367291387e-02
-1.052426659923988428e-02
-1.142343828395788602e-01
1.243173787791220508e-01
5.498988847616508024e-02
5.722797443304263043e-02
1.114924208629770874e-02
4.875809429257348462e-03
-4.074715671389027294e-03
-2.739304572878483585e-02
7.940154727082940345e-02
-1.059866132580794262e-01
8.093304600023916440e-02
4.437222903110023264e-02
-4.117468264450393350e-02
1.047751112655264383e-01
-9.098204169031426369e-05
8.682870009527247912e-02
-6.985829518237698238e-03
3.702748290894482611e-03
5.075842301718251626e-03
-4.961232110241257931e-02
1.292530066193720018e-01
-1.629762257437660303e-02
-5.382714716873196470e-02
-1.610016349838723770e-01
-3.354250934482598534e-04
-1.106737436282992371e-01
-5.970723166232839996e-02
1.173989233399969773e-02
-1.557959434351281584e-02
7.095818361513579753e-03
-4.993570391420931731e-02
-1.487117324043325806e-02
1.955370675131307828e-02
-1.915648896130042467e-01
-7.983449121187219388e-02
5.755933738441721542e-02
1.823135911288643191e-02
2.974141206980214502e-02
-1.651141515951980165e-01
-3.995338780376408994e-02
2.957963080219652013e-02
1.042597288302735820e-01
4.588092343161243036e-02
1.151584361969600900e-01
-1.581674226011242079e-01
-1.083935496890154337e-01
7.555514505534638436e-02
-4.571151660722697074e-02
-7.553455267354744485e-02
-1.638470606231509918e-01
-7.024320554132851280e-02
-8.383868838321333061e-02
2.041362001916284964e-03
2.836324365678680182e-02
-6.073777611246069380e-02
-3.593560366882269513e-02
2.503237987067762071e-02
5.453597503860295459e-02
-5.869390133328310916e-02
2.063713381378600581e-02
-6.846639248991803761e-02
-6.454455292320906978e-02
-2.743229165301682912e-02
-2.930572508166175150e-02
-1.139320547119993809e-01
6.550198664625511008e-03
-8.338524065939531549e-02
-9.165074682855892108e-02
4.808877739855402234e-03
1.070980440269150846e-01
-1.073069768031902071e-01
2.021616695327761379e-02
2.205674957462282759e-01
-5.161782623257196723e-02
6.532314674703158797e-02
-5.906592404112075839e-02
1.016863145018868098e-01
-1.004794602852764063e-01
-1.430511331900202188e-01
5.853265568574381877e-02
-4.817776428714170417e-02
1.074398135593314929e-01
-1.670536213517053170e-01
-2.387171941006285825e-02
6.160329939059411980e-02
-4.801710322546717119e-02
1.013788122796527302e-01
-3.945596600508104179e-03
1.263476786933813711e-01
-9.374450442930329364e-02
2.542766666976135903e-03
1.978728713700386721e-02
-8.945126063001748729e-02
-4.815311777756195455e-02
1.839816963635392683e-02
-8.400919538507956030e-02
-4.645225999284775809e-03
-1.287882172943803916e-01
7.424589170294200458e-02
-3.511917898731264226e-02
4.473417817703556620e-02
-7.136723834280956150e-03
-8.939779792546692638e-02
-3.837518740242763099e-02
-7.734545605403106427e-02
6.662724866405550506e-02
-1.231395427424749472e-02
-3.438480767646154290e-02
6.320966744784510538e-02
-1.806219596780999498e-02
-3.109574751993340533e-02
-7.678986379851980570e-02
2.528520562403879790e-02
4.060428067516795581e-02
-3.529579107914922187e-02
-3.463844156665445151e-02
1.805054831205357355e-02
5.152395870662012517e-02
5.007135780628860222e-02
-1.148061150861386381e-01
3.337928582444575631e-02
8.342946185898135469e-02
-2.334394126259858523e-02
-4.989716243638283449e-02
-5.343219142419780576e-04
-2.259788071478122801e-02
-2.899338945996120243e-02
-6.907332461980647542e-02
-6.951286890513164174e-02
-2.256821737702172093e-02
1.365799937581211598e-01
3.805773276295534857e-02
5.314567785298378311e-02
9.425668866826091702e-03
6.405014850714352281e-02
-1.218744809824216790e-02
2.621518919073171500e-02
1.850599581825932913e-02
-5.285612688868664144e-02
9.014957426826661346e-02
5.352393871270756665e-02
6.104116478634979970e-02
-5.291944498997624979e-02
3.519225340138494584e-02
-5.083292752004786585e-02
2.899189300172830275e-02
-7.939246774708647036e-02
-1.173737023805491442e-01
6.042405215233012661e-02
5.024803863417076633e-02
-1.087238304080045265e-01
2.382072108931922172e-02
3.729555914770267544e-02
-8.914930628906081456e-02
-1.727077587360052041e-02
2.269512402115646948e-02
7.193771992149845806e-02
-7.954008664886379198e-02
5.758004290398567593e-02
1.003045755918003865e-02
-1.745273185833223079e-02
-1.282188827494291361e-01
1.237814915691146100e-02
8.294647152439892090e-02
-3.373626768846644391e-02
-1.208131089383171208e-01
7.877151271043233982e-02
-2.928666372867086420e-02
-4.369488123224292420e-02
-1.296705627723319654e-01
-7.672643961791775213e-02
-1.157618805516677507e-01
2.392209579843607159e-02
1.648802634048683602e-02
1.694977302365084371e-01
-7.942089978406274842e-02
-2.618139491674158215e-03
6.739494624407564582e-02
-6.467452420038602434e-02
-7.223243670078838274e-02
6.327455275987305117e-02
-2.975893904091624423e-02
3.352654905231249038e-02
5.868561422939068406e-02
-4.789145279052715864e-02
1.968793132638134782e-02
5.611077668676335561e-03
-1.813811003314346609e-02
1.393082524933955124e-01
1.636792912026346566e-02
-5.471599928471050645e-02
-2.299992553842488199e-02
-7.093846986430582535e-02
2.761681239683100308e-02
-5.540526144892475580e-02
-5.413440926051766439e-02
-4.994573872441519791e-02
-6.694273996243053915e-02
-8.043871010097983221e-02
-1.726512292193433870e-02
1.219038288103960373e-02
-4.866750733255047201e-02
-6.962926266644087203e-02
-4.581349425102441281e-02
-5.855747440995333342e-02
-1.929250144391414512e-02
-6.634192771399072264e-02
-9.177373789762006961e-02
-8.293360907884485961e-03
-8.699305381871264009e-02
6.175626078121203982e-04
3.738684157785367168e-02
-1.110722321312831995e-01
-1.720854615923689268e-02
-1.444706774885049991e-02
4.318523225552459849e-03
-8.396385409874292105e-02
-9.839119381866268110e-03
-2.454664604638931436e-02
-4.917793616452230399e-02
-1.579037818931492698e-01
-1.266919119235919711e-01
-1.499497756055036615e-02
-1.826662841090745046e-02
-8.123639780818595058e-02
7.738734208725529806e-02
4.146815285327769968e-02
-4.027936767234983895e-02
9.322810112942225835e-02
1.116177443665541599e-02
-4.546677177040152340e-02
9.235721700323010208e-03
-7.195688232964704556e-02
3.639547753566257926e-02
6.044424960759625653e-02
9.059067186503786881e-03
-8.409855918503059136e-03
-4.062572324017862946e-02
5.427214469443441408e-02
1.093911744710903550e-01
-2.624157378791786704e-02
-4.554255008378885888e-02
1.285596596273618636e-02
-7.454108055140608313e-02
-2.222322013014526448e-02
-1.631861621888587577e-02
-1.873782266101242655e-03
-1.157538899487098316e-01
-8.305032280311300252e-02
3.560509143701807294e-02
7.901445235338094841e-02
-1.064992824193479043e-01
-9.358800671747529581e-03
-1.033446305377012930e-01
-7.829024738045420317e-03
-7.550644798474759334e-02
-4.102765362549638806e-02
-4.309682201178770961e-02
3.821401903558423185e-02
-9.605807968771208627e-02
-8.952153151305598799e-02
4.440466389072555281e-02
-9.898900326931536764e-02
4.055877220445525122e-02
-1.261236554386443304e-02
-3.065718362209982756e-02
-1.193244823540100252e-01
7.069909049900305331e-02
-1.390366640089448630e-02
8.460872368750987915e-02
3.165926268253332898e-02
7.524634341698657747e-02
-6.343381103094454521e-02
-1.391585086758646145e-02
4.667066177153664230e-02
-4.321614905232977477e-02
4.361376007021251777e-02
-1.281406652946895930e-01
-2.237841765206941003e-02
3.207760777700335159e-02
-1.604233917613573090e-01
-8.494709422061630377e-02
7.930699100469826290e-02
2.747467110131300225e-02
7.182262759634069904e-02
-2.871479468255232204e-02
-9.495809202197949550e-02
5.239436690507397881e-02
-1.032713367849166508e-01
-5.735245323905573817e-02
-3.003962442258378135e-02
5.289865988951074349e-02
9.039743517605036346e-03
4.754911155942108392e-02
-1.387826722895221243e-01
2.970980515106740744e-02
-3.796814563564254730e-02
-9.759625078244713731e-03
9.500064823299922412e-02
-7.263329805874901846e-02
-6.333471922599334669e-02
-1.005923837962564849e-02
7.817668363696775313e-02
-5.381282818609718632e-02
1.074890597141962001e-01
-3.296877505150987153e-03
-9.822945337758307027e-02
-1.221290943161863901e-01
-1.782346863173461804e-02
-3.714567867792360756e-03
-2.189548623208771583e-02
8.342283703201211487e-02
9.571138384058000548e-03
-1.241154103025545741e-01
1.166931913849653391e-01
5.561158591995312567e-02
-1.005695093515603100e-01
-1.121534881127627531e-02
-6.507314961589062696e-02
7.948961492780792781e-02
-1.363267185191219949e-02
-2.003543267326762453e-02
6.396457430156812785e-02
-5.146359638720074403e-02
4.295680435104432676e-02
1.445643632753151886e-02
3.105619431387510523e-02
-3.490250630935002457e-02
1.825263589444982848e-01
6.008178669630449831e-02
-3.796098429734535290e-02
9.092606162791345981e-03
-5.302704588152212795e-02
-4.861140179473766310e-02
-5.810401859242113332e-02
8.987519174791482740e-03
-4.326894243572868004e-03
-1.145470268593923313e-01
-8.111389552007540471e-02
2.249547672047812197e-02
-5.800258586022685042e-02
4.880004280143700190e-03
-2.957520850264098999e-02
-1.208464673600709305e-01
5.785862492239038368e-02
1.006739589521763595e-02
1.049672753684472160e-01
3.971818114609473871e-02
-1.480422405508450279e-01
6.670797848448725698e-02
-4.747512191318826319e-02
-1.819787916473118716e-01
-7.549628318624648782e-02
8.351008197891035198e-03
-6.154694435052070201e-02
-9.143191491555202610e-02
-1.444134171228031449e-02
2.368662759577709609e-02
-2.147475497985231602e-02
-2.483021042919032403e-02
3.047012622262651113e-02
6.754381932123082466e-02
-2.966092643183976599e-03
-1.647996305713639309e-01
2.849667351905157964e-02
6.795071686559552016e-02
-4.994376718921057778e-02
5.435464134806217845e-02
-1.189006088846947945e-02
-1.019220083157344886e-01
9.180398329099198618e-02
5.338097248782531362e-02
6.541294710100824250e-02
8.676863742227015897e-03
-1.172660029538902804e-01
2.883909386704300998e-02
-6.114409220969363457e-02
-2.405091027612676208e-02
2.439357238289251509e-02
-1.910973682431945861e-02
1.168543863351340223e-01
4.981273148208704982e-02
-3.201122455958440444e-02
6.905949252436184571e-03
6.849444688956946026e-02
-6.492712980711783100e-02
7.942865459657776073e-02
2.060636136830110154e-02
1.946356786854296084e-02
1.140486967938247470e-01
7.971599303972475015e-02
-1.012192483950621197e-02
-1.148006873504888448e-01
-8.587009896447402035e-02
-8.414302222113742569e-02
1.068696497875025603e-01
1.651172485191056832e-02
-4.575257646220377838e-02
4.260430446238609031e-02
4.887171327281059074e-02
-3.936433439763393355e-02
-9.065861281863803189e-02
-8.495234721976715336e-03
1.542434423050965953e-02
-7.602157970660926301e-02
-1.205382160263178959e-01
-7.750201274638512938e-02
-7.479520478014764495e-02
-1.218125895176885159e-02
6.180415401227962180e-02
-5.039893867535600452e-02
-5.604682235393260159e-03
-3.466181177662046309e-02
-5.248087354566929874e-02
-1.033029838355389307e-01
6.456129501646303004e-02
-6.202876260871623831e-02
8.687365574978249405e-02
-3.177815064412917168e-02
8.555004164124635491e-02
-6.700029200685693465e-03
-6.595048365378582134e-02
-5.372164973103612379e-02
1.751288926016614927e-02
-1.415745535069153904e-01
5.425210948696845836e-02
8.847136519520297504e-02
-6.102382191707191039e-02
-1.480734137475661627e-01
-8.220264658411471914e-02
4.906639972345424455e-02
-1.674693686833166328e-01
7.168414311323839661e-02
-4.028613969145383722e-02
8.265568921937209435e-02
3.076012684997224064e-02
-2.973640927864612538e-02
-3.066312411036997698e-03
-1.148365420446546825e-02
9.854442276993405359e-02
4.609238467836383052e-02
-1.263934696974894356e-01
4.736511033997130998e-02
9.350012357231232002e-03
-6.273171567706281593e-02
-1.420641727186432168e-01
-6.064347029555910290e-02
8.286284549949229916e-02
5.057631263260607690e-03
2.750602721121200855e-02
-5.587921865798133741e-03
5.083724644699658124e-02
2.502037644780610165e-02
-9.814484333953936435e-02
-8.288977253594763395e-02
4.854575070068553599e-02
-6.625628230079237679e-02
5.545521434531233002e-02
-2.295461890617657430e-02
1.195904411917540766e-01
-1.762922561035977498e-02
-6.590945112628533720e-02
-3.886155192474851500e-02
-1.035699779446061369e-01
2.448318232305215017e-02
-2.793088318217697846e-02
1.347357711426719340e-02
9.743688742739328723e-03
7.902580917929941107e-02
5.805400936191436323e-02
-9.630132378419375971e-02
-1.840677470463487897e-02
9.898452064792820360e-02
-4.180811950875761018e-02
2.932834726415479987e-02
-7.014542277267903081e-02
1.933704593728433757e-02
1.592006148670520316e-01
4.025576477241784440e-02
-2.350182508100175788e-02
-5.701741484904898974e-03
9.049824255160709985e-03
-1.953180887370872809e-02
-3.427948939936781292e-02
2.908634624440162644e-02
1.548446210256950416e-02
3.156802475817811066e-02
-4.805245418560993853e-02
-1.464583778371685019e-02
-8.125109555327816868e-03
-6.904442851304284923e-02
1.164308591330096010e-01
-4.189157870964439062e-02
-3.065349847192305743e-02
-2.396203803932408366e-02
-9.062292319859205358e-02
-1.300682299287590493e-01
3.894967358401098256e-02
-1.140369899514187546e-02
-4.244017430499726767e-02
8.043863633314890516e-02
6.304450145554169049e-03
-1.268625247891648489e-02
-1.025803556899802793e-02
-1.208256515814662008e-01
-1.403585951464844661e-02
-7.252511961828281284e-02
-1.888767213569605419e-01
-1.170657084066785703e-01
-7.345302901570699428e-02
3.324994459701886840e-02
-3.947292674568836368e-02
8.256816089668880809e-02
1.050811942053166137e-02
-6.968471868713246864e-02
2.608903399491230984e-02
2.592288347963521422e-02
-7.297059947871741004e-02
1.007201469642945990e-02
-3.767190502578920963e-02
5.858076377022944370e-04
-1.618141900629676555e-01
8.902032040332752416e-02
-9.412780232536081815e-02
7.126637083863449074e-03
-1.333279825894671533e-01
-1.444589924132366199e-01
1.121116976565086909e-02
7.734831680422617206e-02
-8.287448269146099888e-02
4.019629397137379490e-02
-9.125656475617127672e-02
5.494793977149379366e-02
-1.730746840095742922e-01
2.409461759059750713e-02
-6.519684689790435084e-02
5.736122230419402057e-02
-7.550765468177035589e-02
-2.543714296997011404e-02
-9.081277734787743250e-03
3.576240583766983339e-02
-8.959465697277926161e-03
-1.381035273071491154e-01
-6.785552859710732021e-02
-4.934601797847332216e-02
-2.918592405413253377e-02
-7.311975843437071299e-02
-3.805827151786123769e-02
8.895787643242113185e-02
-6.952173170659853296e-02
-4.668314793969125659e-02
2.934107185987410923e-02
1.635065618829480497e-04
3.735603933534888815e-02
-1.006425504799092485e-01
-1.395263178391248915e-01
4.906570312828954783e-02
4.150308168388355812e-02
-1.974827315523928206e-01
-8.009910707788256423e-02
-4.288532702921440953e-02
1.560562338369149427e-02
-5.075684413687253649e-02
-7.736306518693204792e-03
7.650972850262735547e-02
4.301660500339900273e-02
1.325182302160510944e-02
4.598096758867401684e-02
1.226944835795207578e-01
6.122317268018994535e-02
-3.553091848652427387e-02
-2.479036641756997283e-02
-5.571769526316398130e-02
-7.550150038572338296e-03
-1.175189106874501427e-01
-4.392182912172414022e-02
1.637679584390214910e-02
4.354723368842785408e-02
1.207942733024548396e-02
-3.580758894758886979e-02
9.799277954618335063e-02
1.249962836847989811e-02
-9.374253408342969607e-02
1.255909528696661989e-02
-1.225705225635927570e-01
8.285120668009726685e-02
-1.630392733348474676e-01
6.904453013758198032e-02
-2.766132289475208006e-02
-8.184796388141085677e-02
9.978568169207438499e-02
8.736829961406400447e-03
-6.618227095978107544e-02
-9.870123786515380693e-02
3.019570445162878675e-02
6.262426178021972267e-02
1.476453678226417182e-02
-8.628623471404719275e-03
-1.011366469077014801e-01
1.398554445635018240e-02
-5.639456828383373338e-03
-1.385955234618418408e-01
-8.089398186011551029e-03
-9.729487171173352433e-02
9.400147207515637676e-03
1.890767502422176921e-02
-2.168750972316442135e-02
4.230027323793968119e-03
6.547347490028021522e-02
7.006400741991863912e-02
2.783686992085865342e-02
-6.872674130981434870e-02
-4.224615122202256268e-02
-7.722295768455786358e-02
-1.105591686035010540e-01
-5.526320310862037344e-02
7.070629029736857918e-02
-7.453481706280350172e-02
4.841093588535653330e-02
-7.421146777339332479e-02
4.347477269662067267e-02
-1.586315350233324928e-02
4.587767874534943308e-02
5.065997543290554073e-02
-3.269178896985266980e-02
9.722304418534957748e-04
-7.843498893490723212e-02
-3.732928119808866241e-02
-5.651095104353541509e-02
3.513688945107909523e-02
-2.188302902717742526e-02
6.468131247217757951e-02
6.477465653000469281e-02
-3.875471697592833276e-02
-4.499629451078926423e-02
-2.500985210339671388e-02
-5.901898264603275268e-02
3.955416629682445562e-02
-2.374248920237514993e-02
-6.593676887832607136e-02
5.585082607566216328e-02
6.273531479100978581e-02
7.566279221581338754e-03
-1.186850417953245196e-01
2.575928349419666363e-02
-5.397907616999243763e-02
-3.743130561803994366e-02
5.129779365595412560e-02
-6.002614523704126459e-02
-6.103429170648917018e-02
-5.302166895062759844e-02
-1.224694561871844389e-01
2.105546677967302591e-02
-4.985738095981337437e-02
1.146162436039682292e-01
-1.269944431662349375e-02
-5.933016092940952141e-02
8.357177753950811860e-03
-1.100509296128465708e-02
2.204539404904157229e-03
8.429017380162859979e-03
1.035429740920339875e-01
1.643868516455317952e-01
2.204232062992028673e-02
-6.587976105097906321e-02
7.108025376950485169e-03
-7.152323913392841237e-02
-7.625008348679625930e-03
4.558886003646669266e-02
1.031342120277534552e-01
-3.903036631342657325e-02
8.141247431825800185e-02
-1.148415326760399147e-02
-9.407495338764360060e-02
-8.174922097918949082e-02
-1.041782604410477209e-01
-5.222229940061069720e-02
-1.372772792298820876e-01
4.847878891578052268e-02
8.316848329954569519e-02
-7.361645477895237266e-02
5.224043142624815173e-02
-6.072052720692970584e-02
-1.944860818434092364e-02
-7.788780617530584316e-02
-6.123428274172754149e-04
-1.416282137960226395e-01
-2.194989759703858123e-02
-5.277974370668722659e-03
-8.161479856565997948e-02
-2.529249806222380603e-02
1.604097637479795155e-03
1.183907672204595751e-01
-1.051355393864416704e-01
2.832005419090811299e-02
5.495680162828862902e-02
1.138344140689602768e-01
-6.315478465075589909e-02
-1.038262914720302077e-01
-1.195262329280914748e-01
-9.263224566155008055e-02
1.146558821980367127e-01
-6.955156206418099119e-02
1.076546403140265923e-01
7.747029600533240912e-02
-8.443808818076647960e-02
-5.931185560436463139e-03
4.985574886298452940e-02
3.907992056398704173e-02
-1.326603767136912138e-03
-3.584021873336937919e-02
-5.855986275160708632e-02
7.060369024378428116e-02
7.732600558396050816e-04
-1.557776059631638468e-02
-5.649330661251155544e-02
-1.260860809045772496e-02
-5.213669720380552375e-02
1.350316386281574799e-02
-1.215291639258798961e-02
-5.952541457380666756e-03
-4.187295421668246753e-02
-6.210113435092672746e-02
7.895060468634647333e-03
1.320780623780065388e-01
5.458494147297971583e-02
-3.503087539225942237e-02
-3.160700464203396176e-02
-1.085780123943232978e-01
-5.517649253744298654e-02
1.061003184175684372e-02
1.123006451058827515e-01
2.787320052099865469e-02
-4.957593805723928965e-02
-1.255907833868494805e-01
-1.352918165515172300e-01
-2.788613133695947224e-02
-2.661618118581781517e-02
-5.119057303397845510e-02
-3.140581357394901796e-02
2.725924987230401997e-02
2.914794653790726831e-02
8.480646414731035643e-03
2.264238593959653351e-02
1.512047744210752789e-02
-1.372764942016082429e-02
-1.793265929230751857e-02
-5.902825422088846946e-02
-8.878934652906866898e-02
-3.900450230488934633e-02
-9.648386798582314627e-02
-8.335057042366755820e-02
-1.165302575607196633e-01
9.226756860857879272e-02
-4.044209511253420153e-02
4.530376601146026208e-03
-5.912048537188786812e-02
-5.592476106993389540e-02
1.047433987756147961e-01
-3.626426636879401255e-02
4.360452414849366742e-02
-1.165341218241942867e-01
-2.369211993949842110e-04
1.698421125371352841e-02
4.452951619632942309e-02
-3.837427878550143945e-02
-3.554186477942535005e-02
1.951709363851199253e-02
-1.861223992047561851e-02
6.136946827665948345e-02
-7.762097319508470816e-02
-4.501678999373923129e-02
-8.232041791813596299e-03
6.724873267729961079e-02
-1.587176631682528372e-03
1.977541828074382002e-02
-2.373757019215231787e-02
7.412421780808493843e-02
-6.075154366234433029e-02
-8.867703397660367526e-03
-4.254224367685530139e-02
-1.099540348923516847e-01
-9.222277518442982547e-02
-3.540989389275659566e-02
-2.085911418939533080e-02
2.545232283910126708e-02
-1.915219625819172475e-02
-1.681926263428421553e-01
5.851747979387056375e-02
-2.161337006883549267e-02
1.030092685600894897e-01
1.021409018623398168e-01
-6.122918597391577289e-02
6.114830393889089666e-03
1.905420370351874199e-02
-3.827546332050092009e-02
2.013655567435325769e-03
-4.185295431653602433e-02
-5.600524332786799286e-02
-7.334990016704377724e-02
1.941920500375780845e-02
3.461094170528267178e-02
-2.713133155952954928e-02
-6.827440344958793372e-02
9.404848153871177285e-02
-8.130168813229578240e-02
5.482558988273027178e-02
-4.083373335150425332e-02
-1.137489622637992415e-02
-2.661735769443660665e-02
-6.618463807850336056e-02
-1.261947640530425470e-02
5.173064922329145832e-02
-2.391921973471999169e-02
8.900800732686871622e-03
1.002620992353769336e-01
-8.633560853760374743e-02
2.663132825022578032e-02
6.688744748419378494e-02
1.986055349821547189e-02
1.821417378499997491e-02
3.822996657734468312e-02
-9.940889144690794044e-02
4.572690259325002532e-02
9.348743038536826144e-03
1.107216343144472662e-02
-5.137737863136705718e-02
1.267200568003289674e-01
-1.725357533650839076e-02
3.604023910782112178e-02
8.610097082168538529e-02
2.206723236769367671e-02
3.614131493031644965e-02
-1.067767164222259701e-01
5.994979095528621404e-02
-6.866384121692063747e-02
-1.159635650802249077e-02
-2.988029327048855131e-03
-1.331284364199804282e-01
-1.564143548089224484e-02
-2.537595141073304209e-02
-1.191454465023404630e-01
-2.413742986013328595e-02
1.055811095591425997e-02
-1.034093991386416805e-01
-6.483423144697271490e-02
-7.643408023577956401e-02
-6.526878055117264765e-02
4.106929100982070757e-02
3.441721279748763407e-02
4.777671459394029763e-02
-1.189062242637508454e-02
-2.403713599223399056e-02
-4.386663448459793974e-02
-7.543865078227920962e-02
2.793586183018062497e-02
3.467551273902732406e-02
1.019596873359637085e-01
9.021373109896296816e-02
-4.956235511753161183e-02
-3.336398175166815222e-02
2.780593618445172110e-02
-4.151075421644478958e-02
5.058826351015342782e-02
-8.541660888387747619e-02
9.335799130780818300e-02
-1.385134261011902040e-02
1.253142151083353750e-01
9.666101459547296604e-02
4.939243638516179619e-02
9.703760140869070738e-02
1.279257531022340855e-01
-5.591842836294212693e-02
-1.837035530630297397e-02
3.113017196356579475e-03
-2.319563575172300940e-01
-1.073816077219034992e-02
1.126254491903258548e-02
6.697168145756975111e-02
3.689202151381017897e-04
-7.119570582715180340e-03
4.501678968445135820e-02
-3.078571702078913147e-02
5.341784822187806148e-02
-2.603634260846802995e-02
1.002121965550121542e-02
-2.114198000543456024e-01
-4.363600811842456573e-03
-3.134823736700219354e-02
-5.621098254940367495e-02
6.751356447585617204e-02
-8.266254795133398670e-02
1.409043696805217516e-01
2.071772620564354961e-02
-1.997152586518349815e-02
-1.218992420625915063e-01
2.801547217732156675e-03
6.943182805035628957e-02
-2.930512576820450479e-02
-4.146492212508938457e-02
-1.028792138964907954e-01
-4.750098264785169999e-02
5.385534291976204480e-02
-3.388508537897767792e-02
6.424857754128392162e-02
-3.554479768177160048e-03
8.521264447442022938e-02
-6.199833525852301019e-02
-1.124645345349085945e-02
3.574099542983764921e-02
2.879185184495992172e-02
-7.893769941229576703e-02
2.923666679445882655e-02
-5.775298499226880211e-02
1.754224309501804802e-03
-1.272472399132252852e-01
-2.628950790591874642e-02
3.678570763850700504e-02
4.134563095028350593e-02
-4.072948838657369092e-02
-8.666555385609225892e-02
-1.026558343000859852e-01
-1.960181066644393899e-02
2.238848624766401341e-02
3.151503244092782735e-02
5.620608592676857446e-02
-3.472841155239102251e-02
2.419526859468066129e-02
4.558359076768329909e-02
-3.048109481089032041e-02
4.940166753618236567e-02
3.062244798602237195e-02
1.029256190022985185e-01
2.970656818808908861e-02
6.521059272425101805e-02
5.012152470370723895e-03
2.119865160463699563e-02
-3.333719360595409353e-02
-8.805881826737514684e-02
1.103831106800911427e-02
3.843523312040048046e-02
-7.682123341133234584e-02
-5.996237962552843082e-02
-2.591990974502982048e-02
-1.485133184663771089e-01
1.427355485315064815e-02
5.472723608435791504e-02
1.193825892267269401e-01
-6.441621047328895122e-02
-5.335538252208556903e-03
5.908176253585223359e-03
-9.920858951498190414e-02
-1.264879654700719683e-02
-2.831689940913456605e-02
-1.090838772500700264e-02
-7.753304757285067739e-02
1.152299225911290192e-01
6.881589475997706984e-03
-1.311981857993520240e-02
-5.758868493892611851e-02
6.773326721473729717e-02
-1.149924322315527964e-01
8.642154869052734445e-02
-5.336730236886728929e-02
1.513240725412941766e-02
-6.868312457287034656e-02
-8.104972390621738298e-02
3.649638466439794615e-02
1.678319828564270311e-03
-3.336624906617242925e-03
-6.311452476321173510e-02
-1.782497621335443413e-02
4.347975346233371591e-02
4.321335514825417473e-02
3.236739007959352210e-02
5.899761971625434170e-02
-4.491649252125189812e-02
-8.346417181599509461e-02
4.503525027032447003e-03
1.959093010152555825e-02
4.297008491788355256e-02
1.226196759325867969e-01
-1.146569898493189910e-01
1.903159998101550121e-02
1.768597828521126236e-02
-4.049524037421415451e-03
-2.807284196640302126e-02
2.294487639414591329e-02
-1.319096339908138252e-02
-4.226202253762889605e-02
-2.996788265199432783e-02
-2.117384267443453982e-01
8.745970214375034524e-02
-7.095246155834185331e-02
7.006589988780370648e-03
-6.987569933082563023e-02
8.475986142949137880e-02
-4.541782373120765992e-02
3.770099206080674420e-02
-9.579697959795333007e-02
1.620923495554884783e-02
8.979659688114413618e-03
-4.003341112701305077e-02
-3.317414811945063047e-02
-8.709773921485568227e-02
-2.853405470228061180e-03
1.007824961597110769e-01
-3.802033703997211023e-02
-8.963330651606211952e-02
-5.679102175091486210e-02
-9.905506688550708150e-02
9.489853685872509659e-02
-1.726077716208682805e-02
-2.480256220167763315e-02
-5.708481275576430397e-02
-5.070242188211003531e-02
1.691188128702113269e-01
-1.178809179392929785e-01
-1.097003844051167992e-01
6.620560932923846842e-02
-3.984275572851448538e-02
3.584850005359130343e-03
8.272633070262890714e-03
6.252837187614861125e-02
-1.873125611422121056e-02
-9.413968188628080158e-03
-2.111199069829997055e-03
1.098272677832691502e-01
1.095695713994327691e-01
7.985863970838646964e-02
2.600395487441695824e-02
3.591592038704405354e-02
9.206156973258255993e-02
-3.756854686982382535e-02
-9.369734230784428075e-02
-4.560225921966851170e-02
5.174583606153256021e-03
3.041362348949206568e-02
-2.656079107088503768e-02
6.565190466866280272e-03
8.684381023467892258e-02
4.123783869375921562e-02
7.835445506570330731e-03
-2.524622648728793578e-02
3.047630944797756480e-03
-4.963561616765449491e-02
-1.789833272665018737e-02
5.592310149493011362e-02
-6.939927879090071472e-02
1.337235497957847685e-02
-1.326260037823543403e-01
-1.227382005926221376e-01
6.823468546353365916e-02
-1.367381257591577387e-02
2.178508559375243181e-02
-3.592960950199657055e-02
-6.752842879789636155e-02
2.044726901986912079e-02
-1.364792590388714394e-02
1.239974039776247858e-03
2.068581863200112669e-02
1.208787353272696569e-02
1.411832524779093045e-01
6.586990872084225179e-03
7.017959727243162915e-02
7.674023180628578022e-02
-3.215789884752836419e-02
-6.290928028609651945e-02
-1.701008507865450076e-02
7.205902105881639708e-02
-2.225306919685914736e-02
-5.873299853422528360e-02
6.586632263665899434e-02
-2.871944526403286471e-02
-7.107324876778076117e-02
-1.418245884989880953e-02
-8.120671321312049329e-02
-7.562195766057408508e-02
4.645861069263716031e-02
1.338937075437419688e-01
-1.865913999100447460e-02
6.612961018085740383e-02
-4.835265213285555586e-02
-5.372896357364098652e-03
-2.666111157083368016e-02
3.216044504454203257e-02
-3.156863404996048533e-02
-7.397511156714926817e-02
-5.980209824180796052e-02
2.006434010129024004e-03
4.617471264013031651e-02
1.787231959439675513e-02
-6.015113523927730077e-03
-1.889031919354821829e-02
-5.250291012846380889e-03
-6.439427797219515748e-02
4.462714988686788259e-02
-2.243050752682439197e-02
-1.023599254101166534e-02
-7.574819829392556714e-02
3.178190491987269856e-02
3.439215679491745836e-02
1.016656335617313958e-02
7.729092401780171540e-03
2.218707643259412721e-02
-8.757803104731914923e-02
1.544186540293915055e-01
1.482857717107819578e-02
-3.807083858422585787e-03
-8.467754641641789259e-03
1.252258919124450177e-02
-4.802738884757914301e-02
6.455019942880481365e-03
-1.024562811910533465e-02
-3.303019250391210290e-03
3.726683304085234849e-02
-1.053709340043888498e-01
-5.376002274638361222e-02
6.588509828239157151e-02
-1.167447497565600595e-01
-5.475653088684990372e-02
-1.034421458968208529e-02
-7.352160944941053822e-02
-4.277826011871541101e-02
-1.247837372912446660e-02
9.668416457985448687e-02
4.803467190057660735e-02
1.981419843387466004e-02
7.819993551144108213e-02
-7.001906496826873494e-02
-2.376465687055282286e-02
7.795077738304465043e-02
-9.578840715548826712e-04
4.381635846004357931e-02
3.479592288585701271e-02
-1.532705167592118278e-01
-8.427481007513119848e-02
1.645744147165280336e-01
-6.658365113211230091e-02
-2.954393388833102818e-02
-2.067518018586087247e-01
3.520836292473467077e-02
1.133687653526125987e-02
-3.251542342117568624e-02
-4.221004593241022701e-02
-1.004545606561511595e-01
-6.208991549792012427e-02
1.479341489789356978e-04
-2.032519970927600811e-02
4.700158197822243422e-02
-3.134585470900846244e-02
-3.710326957492722511e-02
-1.419616963005444418e-02
-5.711953593040844379e-02
4.398095142790955231e-02
1.353216144781710928e-01
-3.683401514593102194e-02
1.025380301121224177e-02
-3.631126510975243166e-02
-1.476435548145804688e-01
-4.498885806366469814e-02
2.728124709212008045e-02
-1.003327744520093184e-01
4.489018054863738727e-02
-6.567236637023404766e-02
5.157152536413919797e-02
4.507668279349430485e-02
1.934945035469175754e-03
1.229056864479499342e-02
-1.354976147543617282e-01
-1.300639532404790633e-01
3.699620665375877998e-02
6.201231843925282539e-02
-1.014879392106074890e-01
3.715743215375742065e-02
1.970093157297782976e-02
1.061376013444256527e-01
-4.614215488155939959e-02
-3.140774998818931379e-02
1.416579056518511327e-02
-1.332395248530006682e-01
1.117750314634696762e-01
1.271504979077799358e-01
3.607179778542597692e-02
-6.317540299597315667e-02
-8.776359717869254562e-03
-7.374239400477385076e-02
9.319782228000821761e-04
6.837504576793627942e-02
-6.959569085228684004e-02
6.482373426194386334e-02
5.597817972861148655e-02
-2.520736735474520679e-02
1.810444981477660024e-03
-5.353626807614490779e-02
9.348736503912220830e-02
-4.701899636797464421e-03
1.083856193834059622e-02
-1.934234759091284922e-02
7.958466461545686543e-02
1.214867167819357052e-01
-4.133536128913620905e-02
9.304027685288169397e-03
-7.437977376739272894e-02
2.452206713283199002e-02
2.893421310381792677e-02
-4.630964332597969912e-02
-9.817306315424818852e-02
-7.616508869604880771e-02
1.132334229047297636e-01
3.097987891117134907e-02
1.045982772583772535e-01
3.954932802466189917e-02
8.930063839319143937e-02
-4.714940548755576499e-02
3.513599620382844291e-02
-4.734204569174753352e-02
1.651772539469149037e-01
-4.639399651339402159e-02
-5.168118790907716420e-02
4.782268653737702102e-02
-8.020135357348766314e-02
-4.760912144724918638e-02
6.785136144108958045e-03
-2.447817008130434568e-02
-2.948287048719119841e-02
-6.141540623453164982e-03
-5.839371041200894230e-02
-6.274256603035222035e-02
-1.566276720100545639e-02
5.892373391873261673e-02
-1.157566637430422068e-01
5.715717486985842644e-02
-2.632331360067641929e-02
-9.846350092546637955e-02
-1.670279413093468390e-01
8.299182909973479294e-02
9.124794910097216993e-02
-1.102370707798842608e-01
1.027585596470016738e-01
-6.049807271053717767e-02
8.772186986970166578e-02
-1.125783966008898213e-01
1.341943442874696801e-01
2.824229194231665796e-02
4.909041131914356620e-02
1.185320025905550051e-02
-1.571800109839593673e-01
1.094858480782054388e-01
-1.103039267578105054e-01
-1.103071995667149613e-01
2.244625597704300035e-02
3.614498234045224884e-02
8.392234811283638685e-02
-8.779598414725092725e-02
-4.825447895687520056e-02
4.015257540663551977e-02
-1.025051825861670873e-01
-8.368957873353727317e-02
-1.467497434298868295e-02
-7.507328626485501588e-02
1.423822110586068224e-01
2.401886337352843528e-02
1.198991834855321070e-01
3.394382141927568264e-03
6.328233747060908743e-03
-9.299232660901030068e-02
1.332944027958003069e-02
-5.505278638618502085e-02
5.201108176861598403e-02
5.646849630687981320e-02
6.466241478417295019e-02
9.721856954157798159e-02
-2.526306530755060425e-02
1.908509421647644477e-02
-1.272207060199361250e-01
-8.896792482944616831e-02
-1.300290101630929146e-02
-5.457681559924042192e-02
8.981581412902950312e-03
5.113707304404866566e-02
-6.789999538893176645e-02
-1.108126508277609314e-02
1.146798725137941899e-01
-9.857362116559792442e-02
4.352185625603106206e-02
-4.958405467342815592e-02
-3.143282606936745327e-02
-3.087037150479594177e-02
3.008475644381124192e-02
-2.647296322781729147e-02
-7.598000365543210177e-02
1.802074796353005104e-02
-6.650804443307156699e-02
-1.493312736433212440e-02
-5.456329064497467823e-02
7.403200120511913007e-02
8.313970165171505333e-03
-1.872607391892739878e-02
2.198725423764346515e-02
1.026569796242815663e-01
-1.714346344352088436e-02
7.565101559415172983e-02
-7.714121428237627476e-02
-5.380354165818872908e-02
-2.722667842461141269e-02
4.447993718567375132e-02
-9.374138068259063594e-02
-8.115929582632648576e-02
2.819104889618487611e-02
9.293799981832386037e-02
-7.927726893134175168e-02
1.475873671446465418e-01
2.706895630398564040e-02
2.067312168101186412e-02
-9.506087754442275883e-03
-1.096585773888854309e-01
-2.361877354877662746e-02
-4.227536366816541519e-02
-7.856411346087484315e-02
-6.521423600545042665e-02
-1.146063656765055616e-01
3.607197340769524585e-02
3.274826860217056046e-02
3.521932477690553620e-02
-6.111440787681212544e-02
-1.069839241990424988e-01
1.181963813102073074e-01
-6.875658252395483450e-02
2.515872377876567784e-02
5.433021214148517353e-02
1.719599161358736916e-02
5.239248473923278221e-02
-4.585770821071304820e-02
6.232039001512816589e-02
5.614363903802942202e-02
4.543889354420463378e-02
-5.220527456700851249e-02
-1.419959165949433444e-01
-1.699331265350865483e-01
-9.383361754757450768e-02
-2.058233553129716620e-02
5.132143690412709069e-02
8.980735248334303922e-02
4.014912690727574784e-02
-1.230868739764432035e-01
-1.943737980631041196e-02
1.479610383780864957e-01
-1.745196362457163142e-02
7.180713374432573515e-02
4.053644238257979315e-02
-1.139807692250084104e-01
8.618376256814390401e-02
-4.184137787855655988e-02
1.633197285660831222e-02
6.997767169206275950e-03
-5.211890363213622646e-03
-7.295572331578922820e-02
-7.066354160245726101e-02
-1.127949742042379383e-01
-1.134303144958249965e-02
-4.900053101030008712e-03
2.733085721743615248e-02
7.138799640597437435e-03
1.619581572985893947e-02
4.222684523610034657e-02
9.596286104580850629e-02
1.125662500925806997e-01
3.345200407036084955e-02
-4.922804197482949506e-02
-4.653696228677462951e-04
5.880451869019553274e-02
9.852864268983503593e-02
5.446227325015653292e-02
4.390602797511240080e-02
-1.476082667887244210e-02
-6.648478084874369365e-02
-3.418851721241054908e-02
8.357236297820731796e-02
-8.904834359164666424e-02
-4.464907552323037904e-02
1.942147852003624914e-02
1.122667158276887817e-01
-9.842350402271055065e-02
2.153366460446918401e-02
-7.720923461728781967e-02
-6.833710510146601136e-02
-3.135317128077059340e-02
-5.428612338207321891e-02
-5.541656945479810775e-02
-8.335640761162595169e-02
-5.457193714163303261e-02
1.822516860433047448e-02
2.800213178221249571e-02
-8.126351527602906910e-02
3.527493969302398363e-03
-6.532626161348800697e-02
-2.622430991718074922e-02
-5.987078245174477786e-04
-6.094307617125600818e-02
2.303476990575331618e-01
-7.629375514231137578e-02
-1.565710486180149630e-01
-7.664014072669292355e-02
-3.646513624736417297e-02
-2.828577203324890432e-02
-1.950219709670098639e-02
6.106994795546500515e-02
2.956103006162653576e-03
4.421517787603604366e-02
-5.973712539249584341e-02
-7.561358927479282233e-02
-3.876593361150968559e-02
7.510591708582904646e-02
-1.926805472539987185e-02
5.976000525172472932e-02
3.320257542742631462e-02
9.132305508057678156e-02
-1.473786768859125171e-03
-7.616547518642656500e-02
2.849750361099297191e-02
4.325967121333003373e-02
-1.572312250542859391e-02
-7.985673082605045103e-02
-1.119531107391482372e-01
-1.073198088447552961e-01
2.958451795429199727e-02
-5.438072554788725421e-02
1.185052502317561762e-01
-1.035821620769018514e-01
-5.352075881933945206e-02
-1.508246683187096544e-02
6.179043344266141324e-02
6.030348338349910547e-02
7.075517004840449486e-02
-1.302705984195335481e-02
-4.728903062720957173e-02
8.913164303238872710e-03
1.127783498426287168e-01
-5.975965772872347814e-02
1.088306176378758955e-01
-2.292442281195661985e-02
1.361389722715503070e-01
-6.352483172177707249e-02
-1.052586094991344312e-01
1.691189671703834108e-02
-4.768852940666307855e-02
-1.945409162612159182e-02
4.256838433571320801e-02
-5.922578899222299964e-02
7.069994186042817888e-03
-1.065945225574382003e-02
5.968358998655275138e-02
6.290502456384322594e-02
-4.807153234611845349e-04
-3.611738220269466310e-02
-4.268089239820651443e-02
2.959588674822863363e-02
-3.075386764380996438e-02
-1.067852073846566607e-01
-6.263253025814424779e-02
9.294136852708909102e-02
5.055894191929032055e-02
6.675033804533267445e-02
-3.748692597643212693e-02
1.388225213752022624e-01
-2.379980965325109027e-02
-5.758047798340011625e-02
3.417497953623482854e-02
-1.612295627033232676e-02
-1.136757589109668454e-01
3.290038830837767325e-02
-8.531164366934967935e-02
3.786501688838456170e-02
-1.958950897754352938e-01
-1.371824029427591851e-01
2.919530209959085576e-02
1.230046945705992600e-02
-1.366513161235203277e-01
4.477082226783117569e-02
-1.475566925641775828e-01
1.215067687209613612e-01
-3.565087420619197228e-02
1.418289102928335654e-02
7.760731989998256863e-02
-1.725004770108366503e-01
1.614337799301948304e-02
-1.028649301181237263e-01
-5.935071301246910846e-02
-7.337142115412262355e-02
-1.161370649451550219e-01
7.793481108416842884e-03
7.643321784468609659e-02
-5.137602344239849961e-03
3.468943063737174592e-02
6.726929042956347748e-02
-9.838244603940876631e-02
2.433857065529653960e-02
-1.256679711185903006e-02
9.551020371141699661e-02
4.186762571859910242e-02
-5.921084087336278556e-02
-8.920722441920502649e-03
4.246664258932840441e-02
-1.088886079974825671e-01
-1.648673170292175999e-02
-5.385728947482591039e-02
-1.231073467405335992e-01
-5.261553623518578499e-02
-5.916976040596254316e-02
2.397700922976458288e-02
1.089966620626949129e-01
2.515248383580558078e-02
-1.095409306909655989e-02
6.461614421947620146e-02
5.493882830701628944e-02
4.690504801042687244e-02
9.210381061752950793e-02
-1.807087607750892944e-01
-8.907269975899713421e-02
-7.334575852513830485e-02
-2.517829326503225051e-02
-2.094019449185128418e-02
8.914132344957836906e-02
-2.954036262221611947e-02
3.587493017202948026e-02
3.310732939455357515e-04
5.230924771716571886e-02
-8.819143887359356948e-02
1.095211512689731465e-01
-6.405963788690176297e-02
7.385226004470821226e-02
-2.471532635701276237e-02
-6.957758521806897689e-02
8.808428975174834030e-02
-4.377023488424350295e-03
4.264653843115823878e-02
-1.336658326468310176e-01
1.665113256871136871e-02
-3.460204338309098154e-02
5.057160700182732060e-02
2.496173348421535862e-02
7.898657566053811363e-03
-9.400373812149717678e-02
-6.047257143548608049e-02
-1.374964630135935006e-01
-4.955084815092988815e-02
-3.841237413356476949e-02
3.890341980583840453e-02
-1.094940048140847638e-01
-5.865120194029217748e-03
-5.936020091640777097e-02
-1.625651078438084818e-01
-4.183515212675260886e-02
-8.832372931791840354e-02
2.028830625186004918e-02
8.529600593226008276e-03
1.484846723446878701e-02
1.106335848183107318e-01
8.168597187041078123e-02
-8.702098561576994407e-02
1.035331155133677461e-01
7.082904938020398444e-02
-1.128303121105780349e-01
1.582878629004070836e-01
6.682223169871838453e-02
-6.487388388209634760e-02
-1.253959010193715362e-01
-3.949411422099941005e-02
-3.026791671720901328e-02
1.352279522785516386e-01
3.877131414571895196e-02
-1.407561553776983110e-01
-1.030416488436382561e-01
4.159887653565919746e-02
-1.053473014010070097e-03
3.481004008531611571e-02
2.444693118665568210e-03
-9.034880079128192187e-02
3.293705265027244145e-02
-9.964853869510388248e-03
-8.553076012477137113e-03
-9.628906767421849255e-02
-1.022955165417814560e-02
6.577951988024707819e-02
6.836032878189651774e-02
-1.731780236749511925e-01
-7.885820240925939251e-02
-3.423032917369579070e-02
7.792702587058476793e-03
-7.487915384124299578e-03
-1.082161514898775066e-02
-6.451891344466646749e-02
3.724527387851739313e-02
1.582856397460342956e-02
-3.343077250725159932e-02
-7.728658869957463762e-02
7.395431381584896546e-03
-8.026232827172408157e-04
-1.137730921072892254e-01
2.512508947589600986e-02
-8.200003628617785756e-02
-1.914010979059826145e-01
1.239788077215821793e-01
2.081931263171001717e-02
4.731042651054016140e-02
-6.231938199005199880e-02
1.091253955812399312e-01
-1.512992296794851699e-01
-9.307182120316857821e-03
-8.231429326602153485e-03
-6.734859426838935015e-02
-1.212355224537928489e-01
-2.831986361080542081e-02
-3.285826877200238860e-02
-8.861269614854880294e-02
-1.019837989247385363e-01
1.660486897217768043e-02
-3.356852846016607911e-02
-5.188326529770229817e-02
1.526680185707487980e-01
-8.214627190858397876e-02
-4.749073448251323049e-02
-3.696830592246698466e-02
2.036159056361607281e-02
-7.229872848998494805e-02
9.689050134374949108e-02
1.124959982813346637e-01
-1.579058948611135882e-01
2.606485842431711941e-02
-4.027507024698639970e-02
4.423066951266846347e-02
3.215081892000612451e-02
-2.177478728419332543e-02
4.861129853714410420e-04
-9.711221459684506174e-02
-7.397317108118861562e-03
1.992132576565880733e-03
-1.273046890529392662e-02
6.755091211960254083e-02
-5.340258148837859209e-04
1.321108954500458364e-02
1.361452203365518532e-01
-8.334717016758566577e-02
2.016774800673395637e-02
-1.603063368048316534e-02
-3.616649348341214459e-02
-8.765331310712266843e-02
-4.754468288824818811e-02
-6.530899113094675024e-02
-4.373042692798645437e-02
1.706332354057967654e-02
-5.726858572656690072e-02
-6.707304126866928118e-02
-2.298512127634875363e-02
-1.155942638470846412e-02
-1.571879732127204332e-01
-6.253112549618967952e-02
-5.088722331222400586e-02
3.397826683359120303e-02
-2.547763688757438694e-02
-4.751299123387516671e-02
-8.636945276141318184e-03
-6.255948329702924748e-02
2.861611903972521159e-02
-5.717748541536174511e-02
-1.311317310789160417e-02
-2.240754421311737937e-02
7.310984800956596419e-02
5.954771232916460794e-02
-5.671374239843270798e-02
-3.020202283995233189e-03
-9.730784573812971405e-02
-9.090083747880962906e-02
2.753742602198497660e-03
-4.029115257185749907e-03
-1.295576850643377353e-01
-1.324824980819823972e-01
3.662426194730741824e-03
4.473279802404931532e-02
5.278582404672017836e-02
5.872793804120872430e-02
-5.525646779534909570e-02
-1.337653730338039804e-01
-1.292613737781508898e-01
-4.596601511394460271e-03
1.378619287414872656e-02
1.604043514185962693e-02
-1.004550224305925110e-01
7.759138960338363145e-02
-5.437823570956316216e-02
-1.200616459688893245e-01
5.823207779842616560e-02
1.634746229516244320e-02
-9.236118568889380154e-02
5.021268985021832415e-02
6.324957963859928478e-03
-5.199849650214173613e-02
-5.397653754533448395e-02
8.324828252895066782e-02
5.866817839127930895e-02
3.041165705707752839e-02
3.045573501446258505e-02
-5.187729358677618113e-02
-4.611985985079168626e-02
-1.417687144676511024e-01
4.117477253588715247e-02
2.781137756882625517e-02
3.029324951879280858e-02
6.356310284542952826e-02
3.405719889859550042e-02
8.148017374845115124e-02
-7.871178884102661422e-02
-8.102666535753165478e-02
-9.527872603412092245e-02
-1.799254898663826471e-02
-3.953419862199498980e-02
-1.372201854898915663e-01
-1.441553167614610942e-01
3.890275958347062801e-02
-4.432199189824623936e-02
-8.175815203873137982e-02
-5.106401792390551087e-02
5.619145343763085748e-02
6.612008489093684771e-03
-5.624461906364781189e-02
1.356499903254465289e-01
3.348659292695317646e-02
9.842286305160680149e-02
-8.650787988012653695e-02
-3.065042714628030823e-02
-3.902570452518130256e-02
-1.000555437893982380e-02
-9.946445173941440010e-02
-8.009181508321880361e-02
4.711340577108978633e-02
-4.386178410685094564e-02
-3.384572130900803666e-02
4.616463069675555420e-02
-7.415126474972671966e-02
7.137559283673881871e-02
-5.960502977083751569e-02
3.269263336106102008e-02
-7.148153224177192233e-02
7.893417638422378646e-02
-3.450532690860544371e-02
-1.717052897035022119e-02
-5.168327032278452471e-02
-5.858177368174961180e-02
1.763228386016043453e-02
-1.009426126668876988e-01
1.889172821951354275e-01
-8.747227363055248839e-04
1.673893081645718220e-02
9.591238397647527947e-02
2.379200976597953612e-02
1.613713523120322568e-01
-4.969046578068719855e-02
2.054143266235117227e-01
2.879989393129259861e-02
-7.539542302887634884e-03
6.159220171442839065e-03
2.120669278945632244e-02
-4.047582794763707192e-02
4.288137260059742689e-02
-1.895368873163510992e-02
-8.381821767206597273e-02
2.105930402268835905e-02
2.847408641560379705e-02
-1.023749916406198335e-01
-1.068414306494669258e-01
-7.403935367868492989e-02
-7.383139532486032719e-02
1.107575901738470509e-01
-9.223188206787152899e-02
8.921159522942868902e-02
-2.618583169034422592e-03
9.847732099115137638e-03
1.010918666223859230e-01
-1.480186095176596640e-02
9.029986086011106139e-02
3.913290382228278019e-02
2.802324415863238771e-02
3.851235296691854493e-02
1.282999211766626402e-02
1.069552201974547367e-01
4.349950877336899308e-02
1.745795790498035072e-02
-1.625679909698513059e-01
2.091047455300215629e-02
1.189390897153353235e-02
-1.465827988953274097e-01
-4.442601522298005035e-02
-4.469364750392845059e-02
-4.203087848449621466e-02
9.789345948350611226e-03
6.238406132078352928e-02
3.499775123501055324e-02
-6.026422928003564300e-02
-1.487599445478698934e-02
-4.322970927290552268e-03
-3.959343449937663406e-02
-4.045916825630494623e-02
-1.610388770018784943e-02
3.671882459693974476e-02
1.767516631319068082e-02
-4.252141590881373945e-02
-1.868454502519058258e-02
3.351016593536126909e-02
4.474927366652291238e-02
-3.410955416118438555e-02
1.518384894628402593e-01
-7.677145982293312465e-03
-2.102248582581958680e-02
-2.643496459518787645e-02
3.631546612836407395e-02
5.937737898060363451e-02
4.781153493703805407e-02
-8.460967355494181108e-02
-3.465391989976085441e-02
-9.641307430088361108e-02
-1.747316034968455709e-03
9.953005154138164917e-03
-9.510367005343939306e-03
5.319388753039872714e-02
-1.922323305085231471e-02
4.880276219705637075e-02
-6.290186441368632309e-02
-9.931758534373393010e-02
-8.841459452421671084e-02
-1.076839516071838726e-01
-7.671582684935579488e-02
4.968977591279745420e-02
2.374365951505694183e-02
-7.425888515272036083e-02
3.958643005747398275e-02
-1.152626644418887347e-01
-7.937885362514632281e-02
-1.025993328218946232e-01
1.574328490111638612e-03
3.383666369688959064e-02
-4.187392347224741518e-02
-1.192841466525198790e-01
-3.634952319824451966e-02
2.159470264687342669e-02
3.735974218152760679e-02
-8.741193710854287813e-02
-1.366812803703297274e-01
1.651663734337042444e-01
7.143829981226292036e-02
3.706083351178908469e-02
3.736814722124348620e-02
6.284119865282962458e-02
1.877985354533761447e-02
1.350668262276457504e-02
5.906733254642478059e-03
-4.756275704641796387e-02
5.253467602565535521e-02
-5.314958472783443133e-02
-1.122721659314251941e-02
-1.691471639864845083e-02
2.279087830094687905e-02
1.804338324466518706e-02
1.397836060028939675e-03
7.988747939301498596e-03
1.380333004185899104e-02
-7.013462796021721624e-02
-3.650323027674123866e-02
-8.729008984791740422e-02
-3.438506274556978048e-02
-2.023752273195833506e-02
1.670814335243375748e-02
4.137035627193362541e-02
-1.517050565994030598e-01
-1.210938648945286689e-01
-1.005105258904512855e-01
8.348295146899241403e-02
-4.905011912777049177e-02
9.355388157112051739e-03
-1.306362065225791791e-01
-5.500213821319385049e-02
-2.138121804772930359e-02
-8.118288139485535515e-03
-7.216918920511744551e-02
1.169444855082226176e-01
-6.902952533320884376e-02
-6.591227679187203203e-02
-7.764694954861924014e-02
-1.633102484389872822e-03
-4.787993313893462027e-02
-6.287697555488330758e-02
9.137860870462477525e-02
-1.403924506448017695e-01
-4.239686492886678149e-02
1.710701727701348374e-02
1.271852791874814315e-01
-4.384605179406368680e-02
-9.028531443835875747e-02
3.458557435513638645e-02
-1.285084661620579036e-02
6.986644884106787967e-03
-2.867149523590479393e-02
1.158177573400920313e-02
-4.150811463068755647e-02
-4.446132714737130454e-02
-9.045754060402849683e-02
4.040769698619510811e-03
1.167069717983178628e-01
1.157773288770493070e-02
1.469579556333845960e-01
6.094932753706662487e-02
1.074940222478427097e-02
-2.907288396593464899e-02
-7.870653874876447353e-02
4.934767885224789624e-02
-2.098890808502735378e-02
9.041762732236929140e-03
2.581240808317276231e-02
1.128449129036397658e-02
4.421712297009463416e-02
-1.478064927826021335e-02
-2.481250578068992102e-02
-1.167560271422348750e-01
-7.074416831891400248e-02
1.562736171645841624e-02
-3.871092064623246620e-02
5.872807922323969310e-02
-1.828798398362673980e-02
1.070117185196099302e-01
-1.356803052348708530e-02
-1.079358668212324901e-01
1.578459110330448362e-02
-8.260983804839010236e-02
-1.125634601917863131e-01
3.123772651287257118e-02
-9.189889012660455714e-03
-1.091934789100212078e-01
-8.645132782292275220e-02
-3.540922432365047057e-02
-1.159800143096265806e-02
-3.022482764434769945e-02
-1.092859814109772981e-01
-6.096641682708146132e-02
3.581858818861689830e-02
7.364000914762144911e-02
6.774845123521341939e-02
-1.942418054721026244e-02
-1.881575237862982697e-02
1.047582194193752980e-01
-7.265012876534213127e-02
-1.492731787640350083e-02
4.812982145363849801e-02
-7.374638464871952070e-02
1.241081596254447333e-02
9.949868339919587523e-02
2.471679344313543886e-02
-2.992782275961902369e-02
-8.116064361530582472e-02
4.126701587068793559e-02
-5.110705748583416891e-02
-2.493734441011609404e-02
-4.058782612351247848e-02
-7.517751188124696671e-02
-4.812031029758460920e-02
-5.582838656175297815e-02
1.412234737097670667e-01
-4.353356883828020385e-03
3.306162053702875470e-02
1.361816964666085969e-02
2.529834648541843048e-02
-7.657519882276300760e-02
-1.236552588113814383e-02
-5.472054130807035843e-02
9.521072469472523225e-02
-7.744611199165399307e-02
-7.493614978722032416e-02
4.844928118584797272e-02
5.747845953382015038e-02
-7.201454482930995382e-02
-4.648103679789167275e-02
-1.267422591691421685e-01
-9.593454499418209436e-03
5.618672331644697371e-02
1.194494712702107511e-02
7.598471077140446506e-02
-4.957104498944264748e-02
2.282345448059573331e-02
6.079528877345110466e-02
2.528768547697010996e-02
1.220103014938366121e-01
-5.287629062690296644e-02
1.195854027298363514e-01
-1.405123409054363226e-01
7.549199337679880772e-02
1.130880142033308389e-01
-3.924910934483592795e-02
-4.224089000417784179e-02
-2.783088425970869223e-02
-2.440209495688864388e-02
-1.137458175288352108e-01
3.930452693641911521e-02
3.136481883084956540e-02
1.105419795304936059e-01
-1.249067419123186806e-01
-5.910917228488618558e-02
-1.287309490511437671e-01
-3.969311218261722951e-02
2.985164346066756028e-02
-6.111788669543739838e-03
-5.676569875943822396e-02
3.719493648341555547e-02
-5.263458704751360073e-02
-3.744168598845667995e-02
1.826872369803331231e-02
6.521603372470802240e-02
-1.397376550223332903e-01
7.856177733651527328e-03
-1.127505216135410993e-01
5.084797508892109630e-02
2.731090178027141893e-02
1.348179880374091588e-01
5.496974080749716246e-02
-3.166858606761260853e-02
-5.929429339720598824e-03
-8.763468503083396421e-02
-4.325735003632349973e-02
1.288715932609006687e-01
3.063729649286607570e-02
5.299452288784124721e-02
3.257380950489092986e-02
-1.273276438351946260e-01
-7.012680756739980703e-02
8.063686906500507068e-02
-5.514460043499168351e-04
-7.036151494848290333e-02
-1.519182694576799719e-02
6.890180322723395145e-02
-8.837757551553654389e-02
6.644681371815444604e-02
-6.490669791137615441e-02
-3.854947392097229225e-02
2.715357275604955364e-02
2.235290248193243928e-02
-9.814919279313914779e-02
1.401350568673459529e-02
-9.288475072980773017e-02
8.079248923513179803e-02
-2.210767666549481869e-02
-2.217991873348097026e-02
3.811571886493608785e-02
9.100438839532962176e-02
7.618681324854219283e-02
6.106369410430207562e-03
-2.457086367847031994e-02
8.175198505404865368e-02
2.000514777757284035e-02
4.401721205463532405e-03
9.089970179487623370e-02
-1.206553065454081669e-01
1.787689995103080437e-02
-6.106629079751534073e-02
-9.617383582675684273e-02
-1.586739124891552860e-02
-4.999476044620237286e-03
3.650480743026472685e-02
-2.097347260525979709e-02
2.755165841264503243e-02
7.290593760086545860e-02
-4.509015491672722920e-02
-1.443443208382239051e-01
4.317575286030061327e-02
4.972999986671584188e-02
-8.201459500811078551e-02
2.925457324429241862e-02
4.800539887182619231e-02
4.324130517150275022e-02
1.171520491971295153e-01
2.985302958269095419e-02
1.410048888165765513e-01
2.024418403261801086e-02
1.226074028028789620e-01
-6.800520742480997693e-02
5.531846667167304027e-03
-1.239587019602462481e-01
-7.113875359059389225e-02
-7.066355114656389103e-02
-4.854986731500468555e-02
5.363179172666268646e-02
-1.224245915999509771e-01
9.103670936847761685e-02
-5.948584311660692903e-02
-7.767900862308051158e-02
-1.183527048336413118e-01
1.624416564635861315e-01
6.150346946143787907e-02
2.880653840770103225e-03
9.953192220940521029e-02
-5.489293063789896232e-03
-1.641031381542567003e-01
-1.561414042401654961e-02
-9.757194526865493878e-02
-5.584561038687325951e-03
1.504910700736361226e-02
-1.210635914271129820e-02
-7.722226696727046980e-02
5.105115236975758808e-02
4.890034410499558698e-02
1.808683909305584814e-02
-2.212679091444218898e-02
3.899152321702527291e-02
-1.618638992171621271e-02
3.182960927965251818e-03
7.324397648252670145e-02
-9.742710326040493474e-02
-3.628825860818374934e-03
3.957458977547972934e-02
-3.722261534573075015e-02
9.834515369951633834e-03
-1.895565750266211234e-03
-7.342226900555003100e-02
-4.433329984384394573e-02
-5.501022044433534486e-02
7.149091868136675521e-02
6.981791119969955883e-02
-1.072748874254765283e-01
-2.649653927864192848e-02
-9.281064543395015076e-02
8.723272491494166170e-02
-1.366394870007649476e-01
-4.876721909461228383e-02
-2.481696008451053648e-02
9.539003630397066558e-02
-4.084878602304799905e-02
-2.226054693779272453e-02
-1.141480156569299742e-01
1.199400052959702367e-02
-1.285877018825569151e-01
-5.508983477104795884e-02
1.712137970704698808e-01
-8.891969281865454156e-02
1.035190706114203080e-01
-1.414765552649585589e-02
6.929337029845718254e-02
-2.519810812010137707e-02
-1.503133957103220397e-01
6.256787133046040617e-02
5.300578586212856269e-03
-1.993482812234800838e-02
7.764099926291241627e-02
5.976275481402181650e-02
-3.506693665344588068e-02
2.011113887631642977e-02
-8.287476583601632862e-02
-3.423787304684881155e-02
-1.308826033195110115e-02
-8.316962272015759883e-02
-9.033926977524713020e-02
-9.903491260425277554e-02
1.259052218131148926e-01
-5.394182297776532742e-02
-2.658262569356979743e-03
-2.818826205691975229e-02
-1.172343989825680444e-02
4.319380657285052522e-02
-1.190639502805252159e-01
-1.221768456755859822e-01
8.181000615976136148e-02
-1.296499338930445777e-02
4.683105249800754294e-02
3.020743063385629076e-02
-8.746365978452196044e-02
3.029142683290629579e-02
-1.804671519230836157e-02
-1.020465278697808148e-01
-7.670868873424192824e-02
4.015559321839817092e-02
-3.674627203014627086e-02
-1.836059809011362370e-02
-7.028223238591613242e-02
3.865423996784402710e-02
2.532615489773022699e-02
3.676312786956809769e-03
-7.307029086729320555e-02
-9.563534958570169692e-05
1.190470996885997917e-01
3.942850810366088643e-02
-1.778478954680681387e-02
-5.880647163937584299e-02
-9.703546740742638455e-02
-1.563993131967429673e-02
-4.444835658219291330e-02
1.343976116758638720e-02
5.057245229004118936e-02
-8.630468654474099388e-02
7.268308073114276846e-02
1.366900183806599722e-01
7.141156591175286394e-02
9.149295011046720827e-03
-1.064452120485750303e-01
-1.503077267768900827e-01
1.323991227256663961e-01
-7.145954858853442726e-03
-5.360220815886829193e-03
-1.092348558405842329e-01
-4.988437806877450698e-02
6.378711583155703690e-02
3.024372123929312123e-02
4.287670391924855440e-02
4.426687209793613020e-02
-1.371997699775408808e-01
1.560441853979211563e-02
-8.901464348073215294e-02
5.214361004226285290e-02
9.211700605795447583e-02
9.807468498216398434e-03
-4.460835968709593591e-02
1.972184908132881137e-02
-1.442140282858601734e-02
-1.386476355813519301e-01
4.524636756000509352e-02
7.776050138912218856e-02
-4.515570073604410761e-03
-6.394375806943281004e-02
3.585901802224816803e-04
-1.583992717109130449e-02
1.407067159156505376e-02
-3.987575512638436015e-02
8.487521478423550036e-02
-4.110655095808986303e-02
1.836957034187028381e-03
-1.845656401749674880e-01
-1.190532597051582181e-02
-1.955433172854417756e-02
-3.677245630399027243e-02
-1.911718291065829523e-02
-3.603399420804231923e-02
-5.958747238215789804e-02
-3.599425613964529064e-02
7.930320371561642989e-02
-2.075793885093446534e-02
5.191749667631487264e-02
-1.021478197182372205e-01
2.057835080313584475e-02
-3.433544345337950776e-02
2.655120312434147353e-02
5.527015296625524543e-02
-6.851469191945777637e-03
-9.567971411314754593e-03
7.505850904364833043e-02
-6.928098805853906417e-02
3.698679196128343283e-02
4.013067919606237016e-02
-5.937918578102071437e-02
-1.002036719769000550e-01
1.142701990729250300e-01
3.070857460311385290e-02
3.257250573323051263e-02
6.275573720489091567e-02
-3.167773131753676141e-02
-1.896013260012367405e-02
-3.039573207429729571e-02
-5.342785403605160646e-03
4.969110599666254346e-02
-1.020427767735813535e-01
1.175556038778793749e-01
-3.235844370191244546e-02
4.965448491602713482e-02
6.278443747782361251e-02
-7.233170246906246714e-02
-6.896459648923293495e-02
2.880404275644971729e-02
-7.700943221430552044e-02
-4.539046350762414306e-02
2.247880193054413792e-02
9.021903385694356181e-03
-1.046387624048331078e-01
-1.777456011407195502e-02
-6.487192421061001302e-02
3.522465501969224838e-02
-1.145375886699569468e-01
-2.351109395291152426e-02
-1.212421364351551692e-02
-7.359850386437519210e-02
-4.916861139412122272e-02
-6.343056500314737944e-02
4.212150609370310383e-02
2.021287423724215521e-03
-2.944076113844881770e-02
-3.571434687396592145e-02
-3.886136217109408680e-02
1.018243265006026077e-03
-4.910916671253424265e-02
5.495864648446244227e-03
9.731745278182619974e-02
-1.526512617392036114e-02
-7.515340758807065313e-02
-5.210576031184618873e-02
2.868086361419718358e-02
-5.377285815587591611e-02
-6.981295926422863285e-02
7.611863748207399472e-02
6.763335767354265726e-03
-4.111401152728686587e-02
4.900365210350909884e-02
6.532257756120420089e-02
3.087125888271002871e-02
-1.500643261798627684e-02
-8.519115904349276736e-03
2.907400688180582227e-02
-4.102364724773320537e-02
2.051526043009774258e-02
-1.461572628238644832e-02
2.181254926143744166e-02
-1.507944999749837311e-01
1.477956756739914890e-02
3.155592431326289388e-02
2.377997120644231854e-02
-8.298495706491630652e-02
-9.297443774354538504e-02
-6.423364180361630649e-02
-1.364521510076529554e-01
-5.219627550734996096e-02
-5.426577062808815577e-02
1.417952595812531358e-03
1.881063055471740575e-03
-6.551128292143371112e-02
3.880421538196564962e-02
-3.411788728892510558e-02
-5.034914210035391913e-02
1.537758118311300520e-02
-2.955054560377387562e-02
-4.730026570340832570e-02
-4.072447442649762550e-02
-4.946051423775887912e-02
1.693279759367357085e-01
-4.144668515811155557e-02
-2.983196814521356377e-02
-8.956446602100417986e-02
-1.126971263640227927e-01
6.683561274523230900e-02
1.306838752851896546e-02
-9.908545043361889626e-02
1.961628649037913674e-02
6.489185690985346810e-02
-7.802312735514731201e-02
-1.075266662476863921e-01
-3.594999268866536785e-02
1.243784751115949438e-01
-2.516891621997736223e-02
-6.255110586545097051e-02
1.355831781744803177e-01
6.435016574170131232e-02
4.708267365944190236e-02
5.149850403691123846e-02
-9.802859017107518058e-02
-5.606197556705405649e-02
-3.940432632710796218e-02
-7.212051081012324505e-02
6.233264233607302418e-03
8.312996225187632704e-02
1.530173999890774017e-01
-3.400104179611793814e-02
7.313356788380406814e-02
5.715379641759295998e-02
1.053917830975464529e-02
-6.355593327084588240e-02
8.861870211309501311e-02
-5.036655212472899296e-02
1.353972144541129019e-01
-1.158662795993197353e-01
-4.172844258833884046e-02
-9.386884882104838679e-03
2.380346505070599430e-02
-4.956946981632039118e-02
4.691481156206094016e-02
9.889743631635503074e-02
-1.224849251273217587e-03
4.322755191204059877e-02
-4.122718147943012917e-02
-1.183805744059559378e-01
3.401456889479685837e-03
4.088704657820121935e-02
4.124791586196059623e-02
1.038733344473986991e-01
-4.635801301445234557e-02
1.038029746259593045e-01
-3.619454784604504011e-02
-6.517043111669384992e-02
1.605853520016947700e-02
-7.243098298679295777e-02
-5.227895187500808394e-02
-6.590384803022777960e-02
-1.402304120108933405e-01
-1.885645047040789696e-02
-2.049788479305908462e-02
1.120036499517723660e-01
6.092609307028067078e-02
-1.146885395298783139e-01
2.986552367116802192e-02
-3.380957244970238945e-02
6.197382945696404410e-02
1.380185248154793820e-01
9.399694847875778025e-02
1.489288464933544859e-02
-8.408673621240986273e-02
3.796868363741998098e-02
9.985373606468354868e-02
1.508730717501622839e-02
1.084906091774807402e-01
-7.737484809694074317e-02
-3.425700419188885959e-02
2.597190040334623751e-02
1.557302011899921318e-02
-5.937861551991236581e-02
-2.437742998277010048e-02
9.897082134622073313e-02
1.805694404577486978e-01
6.332219190548189769e-02
9.574421787420402119e-02
-2.714340608173315683e-02
-4.952127542715041575e-02
-6.258341778803454269e-02
-1.442284514026596215e-02
-1.184972325509865351e-02
-2.027247117503967050e-02
-5.689216336910283417e-02
-1.164531616237281242e-02
4.784839867817781978e-02
-1.039312249972617758e-01
-9.377402050099306607e-02
6.643360519488045179e-02
-7.610067855631089118e-02
3.934148109968325230e-02
-9.759085098479400311e-02
4.248988969474234295e-02
8.261377532402550128e-02
6.539397500479510184e-02
7.593880735319741282e-02
-8.254438558889121147e-02
5.654817381415967736e-02
2.426601206055904042e-02
3.964955453876651409e-02
9.857516228106291689e-02
-3.737516756691885988e-02
4.117877498258199626e-02
-8.607690759408492820e-02
7.439915545870304237e-02
6.606140783318538434e-02
6.603474604879644438e-03
-5.383713513947583490e-02
-2.524971327245337585e-02
-3.497995946762197557e-04
-1.112281468944017471e-01
2.821514046439939360e-02
-2.896746130927137231e-02
-2.823013451046157973e-03
-8.011833367189416522e-02
-6.857257121416909795e-02
-5.688719924213565121e-03
2.841103186992561744e-02
-4.107384540542205476e-02
9.157653861953968244e-02
-8.313117297567665376e-02
4.049269242268550839e-02
9.258573549051023199e-02
-6.961077277753049963e-02
-2.949383725351844079e-02
3.803952609568370807e-03
1.445953455759912964e-02
8.831306620479446867e-02
-2.783994704017793420e-03
5.970737948728241373e-02
2.581331286384861562e-02
-3.936619780070185759e-02
-3.600693179976246355e-02
-5.516623383995802876e-02
-3.729872443306814916e-02
-3.733229305473749482e-02
6.374560758287470263e-02
-1.819695883849389573e-01
3.192405599527546600e-02
-1.606261029603206492e-02
-3.909445904933236959e-03
-1.276357541385467892e-02
1.319616159527243759e-01
5.122855264927905772e-02
7.170779798203269495e-02
-2.122375147070114029e-03
7.201931364144001368e-02
-1.167862558427822384e-01
1.207687657941256681e-02
-5.583500771846666016e-02
4.750742526775213193e-02
-7.699013732026466217e-02
-9.470626335117317274e-02
-5.367415381527541884e-02
-5.040134319611726255e-02
-6.988954831060828488e-02
-1.077165731890531580e-01
-1.012690655903888959e-01
-1.942674233438017317e-02
8.092589111585306305e-02
-1.046011446608089909e-02
1.036204670082737506e-02
-4.066109091654256102e-02
1.035725265411621410e-01
-4.969858100748444918e-02
6.997011270169047059e-02
2.198931849202113986e-02
3.297146282983590831e-02
-6.545109253672229399e-02
3.151982429811495123e-02
-9.265509778285391240e-02
2.166661690479289304e-02
-2.787295142218542549e-02
-7.538957135959384326e-02
9.402525570923700449e-02
-1.054944111829061171e-01
-1.353284458869793982e-01
7.693371926160241792e-02
1.834954856316325239e-02
1.694833989626979426e-02
-4.861223979612092072e-02
8.162976794820354931e-02
1.277544872602567883e-02
-2.510254286723297840e-02
-8.014619848860418672e-02
-1.396508942231998729e-01
6.358639557467260506e-02
-2.329043201016679082e-02
-3.226843150802767568e-02
-9.858948609440135180e-02
-5.024185696338605289e-03
3.543500425187570690e-02
-4.342727987832472464e-02
-2.761236129014076057e-02
-4.125551834229503056e-03
-1.188484095175558752e-01
7.268491650828221018e-02
-9.810698552990961691e-03
-1.555148608772066732e-02
-1.203122430815250776e-01
-9.019687749163085577e-02
-8.473845960097861618e-02
-1.318800325660394179e-01
2.265465581382891669e-02
-6.777950252203197856e-02
7.963636992895835320e-02
-9.153298052736272283e-02
5.143143683560583157e-02
6.392665380352428872e-03
5.252487887627745738e-03
-1.471839862336714877e-01
-8.343568339096750497e-02
-2.642734961703308016e-03
5.710841991011081364e-02
-2.510797129654285254e-01
3.374172552111830148e-03
3.259789741332867752e-02
1.255376957927747256e-02
2.619418067604798589e-02
4.431791973072812807e-02
-5.231648535645225251e-02
-1.818710093615262813e-01
1.111287640489192763e-01
8.003346819703979764e-03
9.004266279806899531e-02
-1.179070070742697512e-01
7.623714889039982442e-03
7.790330022809999200e-02
-4.739481552330609970e-02
3.521003589638331543e-02
9.240571186206211762e-02
-1.404348408635310019e-02
1.201427510858155828e-02
1.090213111630035231e-01
-5.596705534949118765e-02
1.366564126714177319e-02
-7.153946931526242170e-02
9.446972963619831160e-03
-1.830849327054154263e-02
2.845823848818729296e-02
4.513086164779453457e-02
8.714148648037900458e-02
-2.685732802411947007e-02
-1.000465081570253434e-01
8.620388806942357041e-02
-4.436911148760573631e-02
-1.373889751849055596e-01
4.763089460466950198e-02
-1.078721954697959562e-01
6.328928310897610765e-02
2.568040520698566115e-02
-1.331770979004769373e-01
-1.098623921994666131e-01
8.868064319480432889e-02
1.242791124556369559e-01
-3.352463204418519582e-02
-8.063604239770573445e-03
-7.858694762411531920e-02
-5.076932444444203635e-02
-7.149361843877057032e-02
5.189055752073375161e-02
-1.561547868966583347e-02
2.608471466275642109e-02
-2.821763294870203997e-02
8.299285025106160896e-02
1.284768498086072408e-01
-1.274747621625071936e-01
3.742123071531813783e-02
-1.319035803720851607e-01
-8.770371297834506086e-02
-5.712631080242022014e-02
-4.228876426351550755e-02
1.129972574011777336e-01
-1.124850379884095863e-02
-6.226525901405551705e-02
7.246504453784409494e-02
2.630530536779775858e-03
4.817909514515823777e-02
-4.927544077234717601e-03
-2.627404790106702137e-02
5.666475461501552929e-02
4.607888413142222084e-02
-5.684985080861960915e-02
6.154324652138323803e-02
1.076724083178836194e-01
9.418584642650676408e-02
-1.618151665153328145e-01
8.912136788081054251e-02
-8.881596125537687125e-02
7.677418787953022017e-02
5.922502542562704808e-02
-1.483316158554267433e-02
-1.265663831962794694e-02
7.677603668684480909e-02
5.344579821853490120e-03
6.495947658382555945e-02
2.853078616238349796e-02
-5.648491433584145599e-02
5.541312395452132472e-02
-1.503170092025463839e-02
6.099893045804747477e-02
5.810770423470826979e-02
6.345490352939042733e-02
-4.816179001176569552e-03
1.402632856749735923e-01
2.540764846209736527e-02
-5.135319128907524233e-02
8.589972044694235698e-02
-1.946155089815237646e-02
-1.536941442533253099e-03
-7.477914918452459314e-02
-1.220436596412675795e-01
1.016095240779132380e-01
-2.958094415270046129e-02
-7.473667387635558879e-03
-1.450059908871525471e-01
-3.759348188926017742e-02
-2.509822369481582230e-02
-8.556006442137426005e-02
3.001774142537035062e-02
5.591725834924655969e-02
1.357451098201198081e-01
7.079534414332311343e-02
2.359765929185747915e-02
2.499758666828201525e-02
-8.568557170608473439e-02
-1.084970818425546810e-02
-3.583330873289550939e-02
1.057306372006411484e-02
-2.660558319634311053e-02
6.161190184620791988e-02
-1.637274363789472872e-02
-5.155239730377093876e-02
-1.135249102779320313e-01
1.181664173775908017e-01
-4.134247142156410176e-02
-4.513417037215865235e-02
-2.031656955568926504e-02
-4.832087485085483775e-02
5.971407651603735656e-02
-1.369939118839962611e-01
-8.385448501079144357e-02
-3.170508000813082594e-02
-1.826514129564416056e-03
-1.220471127058148086e-01
1.018915402163661638e-01
1.291054065475964741e-02
-5.830454773908363281e-02
-6.148041663254240341e-02
7.988765731497804445e-02
-1.294459544799730633e-01
-1.196234870012030937e-01
-1.213541994705892579e-02
2.642409407607439198e-02
-8.433077439962147204e-02
-1.564376475420126700e-01
-2.742289912419160203e-02
-5.774748985098889648e-02
-2.012706835220529067e-02
7.375699156209877816e-02
4.575137620291674923e-02
-9.041434052473304450e-03
-5.586072551694640578e-03
-7.558509234972424218e-02
-1.617934101946174111e-02
-4.813285223848713656e-02
2.333804739629035882e-02
-1.175620493351869078e-01
4.843912883719644902e-03
9.209491405765497796e-02
-2.666214043109668697e-02
-1.065514446617754768e-01
1.240913596446035702e-02
1.733502874522312512e-02
-6.198430344448661866e-02
6.706375247492908642e-03
-6.544091854256647856e-02
-3.559333541588574623e-02
-1.745730221183271896e-02
-2.117662746551001590e-02
5.150114149534065766e-02
2.947489562304450583e-02
7.962572381679355882e-02
7.939772130488659263e-02
1.892916877573881662e-02
9.325222148611124473e-03
2.737445655119703780e-02
6.355227131781682193e-02
-1.131676506523415088e-02
2.345514308785080770e-03
-2.382015930920469531e-03
-5.995380884469565103e-02
1.091042248862579833e-01
-2.347654470892815426e-02
-2.961783512886063952e-02
3.646036500681133774e-02
-7.195181093991037669e-02
1.430801354090998068e-01
4.787893775408393060e-02
4.077154405975135648e-02
-8.535815726458496899e-02
-1.249863726362712285e-01
-1.616938699972145788e-01
-4.644747803179778006e-02
9.212225945488834722e-02
2.264942987765486415e-02
-1.201161995236592339e-02
-4.355318300879569560e-02
2.103697998740079386e-02
1.213133442704066728e-01
-9.822456125294330709e-02
-1.312320834279494808e-01
-3.509983559257153635e-02
3.358522509863404171e-02
-9.558406125636573214e-02
-5.333972157243627166e-03
-2.883694725578911378e-02
-7.057915971168865488e-02
-1.113658195768236769e-01
1.154027014023780578e-03
-5.275352743415828022e-02
2.389786394299452804e-02
1.246721819683412474e-01
-5.102617275570399402e-02
-7.116052224928058612e-02
-9.442612976766358301e-02
2.970834605084616414e-02
2.433257195383815765e-03
-6.508697735210053348e-03
1.181069919118278577e-02
1.183584704326045151e-01
-1.190783137146464166e-01
-2.861477664536642151e-02
-2.523952909280390358e-02
5.365265325238420535e-03
8.574280044232673870e-02
-5.220634333257501147e-02
2.007405867862983168e-02
-2.692362848839071482e-02
3.066289770907823856e-02
2.700950959540644736e-02
6.440410263455201290e-02
1.011082608274157801e-01
-5.064942550781635633e-02
7.485037555667622966e-03
-3.361817175267494545e-02
-4.242507746769126620e-02
2.198452046149355910e-02
-1.359316448889945350e-01
-9.530394556891122471e-02
3.058577274845146465e-02
-1.870819036966792082e-01
-1.221350871820327255e-02
-1.142416205612674235e-01
-1.385137402976163723e-01
9.436481957170271551e-02
-1.728681252155083170e-01
3.397454098398725031e-02
2.958550886444207342e-02
5.151600312572927887e-02
-2.913380002327604912e-02
3.135249436253825794e-02
8.444184424097267438e-02
1.423721259688207341e-01
-2.589248346398188849e-02
7.205813302889997607e-02
8.172260390141840303e-02
5.178441695738923711e-03
-4.653229540900646888e-02
-6.877877903771921486e-02
7.996797459953919503e-04
8.513219222727586022e-02
1.015855561829335542e-02
6.318780799611083132e-02
-5.649666655612246846e-02
-2.241706868245089274e-02
-1.037247408407361987e-01
-1.672155408669298918e-02
4.774507276607129619e-02
5.625671251269831474e-02
-1.796291255828469380e-02
-1.184982429166287488e-01
-1.568948627140759611e-01
1.066443654836379817e-01
3.633018696669887415e-02
-1.462232263666855131e-02
-2.830837057039653493e-03
-1.586302695134117133e-02
-4.810761935958712820e-02
6.691978815846864881e-02
3.705213547679708092e-02
6.980068513267179142e-02
-1.960556828054779016e-02
1.069254541940704573e-01
5.398875482341101983e-02
3.065017236439796650e-02
-9.703907564684992326e-02
-1.669136153741779954e-02
5.127778359509630596e-02
3.682364727635912410e-02
-4.719817867673515438e-02
1.250941741689756415e-01
-7.361581643408451892e-02
-2.817825013455364791e-02
-8.577615276279562662e-02
-9.926774924823000834e-02
5.376552296018704408e-02
1.013591281517958916e-02
8.814448922983869616e-02
-9.788685079651544829e-02
-6.616046726551683826e-03
-1.092755997315120464e-01
6.858676108068881283e-02
1.864210493122751833e-02
-3.647922347353488998e-02
-5.360005890682755132e-03
-1.564886710274746712e-04
-2.662374045560959163e-02
4.841770990767714500e-02
-3.135081896132187185e-02
-1.364819934062314610e-01
-7.010480856174336473e-02
5.932580173469111096e-02
-3.307253002270233583e-02
-9.244746302189327247e-02
1.954964100429000540e-02
-7.803511399324652986e-02
7.149339722663319852e-02
-2.680958180289470458e-02
8.151656808012969213e-04
8.915612484145453431e-02
-4.408997075729823023e-02
3.294589286914473975e-02
8.633858837997325508e-02
3.295672622487675479e-02
-1.991543743966203706e-02
-5.364994674651298034e-03
1.513398854975613744e-03
-6.231448713124933952e-02
-1.121952701074478281e-01
7.251218357012156890e-02
-1.052830421155582924e-01
-7.569743391648042774e-02
1.016840251548492557e-02
6.623200395806649876e-02
-5.456958828716066551e-02
1.048271362967238551e-01
-8.322249422976127353e-02
-1.149352358427124104e-03
-3.427710114787957396e-02
4.230152834881787532e-02
-3.546448038518112272e-02
-1.256422199370771375e-01
-8.944595886756823849e-03
4.750672180550671864e-02
-2.881531335240261615e-02
2.247393043692335474e-02
5.577088766083121429e-03
-3.866062574565839322e-03
2.124511937994770505e-02
1.441317482906034550e-02
-3.805299137865562203e-02
-1.049482931926588591e-01
4.319490515619589174e-03
-7.778735852934643216e-03
-3.409429768534422145e-04
9.151160091077914505e-03
1.354072744947442189e-02
-9.445539542617320539e-02
2.303572988908511934e-02
6.513915631111269477e-02
-5.857191397334540056e-02
7.407086777893887031e-02
-3.728160768628779875e-03
8.681616073180462023e-02
-8.383353397850960842e-02
-8.933159931950107602e-02
2.294440505711604905e-02
-1.245541699922536605e-02
2.915408321823139554e-02
-3.641764026940927379e-03
-1.955086335768962957e-04
7.347680702668264729e-02
7.241176744261607068e-02
2.295356703929480463e-02
9.108065977229053145e-02
4.574153035260767469e-02
4.183708104440882897e-02
1.207630989847417319e-01
-1.105045811546702395e-02
3.596376710441048091e-02
7.418387418094174457e-02
-9.064917026573357517e-02
3.961191248981144053e-02
-2.546262480960846675e-02
-5.576354281110633415e-03
3.711760356471373312e-02
1.346817979981790314e-04
-8.054007240083035229e-03
4.884666575817334100e-02
-1.163840421866786240e-01
-6.134972479303777565e-02
1.762476466850440571e-02
-1.714296479054095157e-01
-4.568562733318619340e-02
-7.689801623878586567e-02
-2.074174278932766624e-02
-4.929420425072759959e-02
-1.061186320224310337e-01
1.121061808539362686e-01
-7.987872573322962744e-02
1.041521884504919282e-01
5.259360505393723129e-02
-5.102238557450928559e-03
-3.105693497761401189e-03
-2.125097543603849184e-02
-1.255848465555550464e-01
-8.904195468957626369e-02
-3.740325839275603775e-02
-6.091741944135028314e-02
-1.327802097596980993e-02
-1.944198944914207403e-02
7.490268615722128764e-02
2.070506264950257302e-02
-7.042542963679375434e-02
8.187268214674894851e-02
6.580513837247582709e-02
4.318544518771537388e-02
-1.044815005259319141e-01
4.024367237471836167e-02
6.984255792680611752e-02
4.614033325539249053e-02
5.571291181820423044e-02
-5.705936904669712401e-02
-9.141474623338767536e-02
-1.066381782315503485e-01
2.219457612504055141e-02
2.948345125318901222e-02
8.200089130592214115e-02
-1.290737286591407407e-01
-2.250870385126302678e-03
-2.049198428693026902e-02
2.174840406201353216e-02
-7.994560858847904461e-02
-7.977972810057376574e-02
9.853435483728077704e-02
6.870983097555660724e-02
-9.584648905007342456e-02
-9.697017594602318213e-02
-5.784988562693291203e-02
3.988915246924690239e-02
-5.138758946983480042e-02
7.736256864293217239e-03
-5.569417683864470031e-02
6.947599891416561535e-02
-8.948357605595841369e-03
-1.558372074563278142e-01
1.060431749993353406e-01
1.219019871788108444e-01
-2.007164147556083841e-02
1.972910809793524539e-02
-6.871133869276355166e-02
1.096846130700608740e-01
4.077350780153631005e-02
-1.127262533358303065e-01
1.881005478996601327e-03
-2.539245120955115065e-02
6.744738296563951296e-02
-2.823383555238440090e-02
-4.657527487978797842e-03
-4.661066722385689282e-02
7.816664255597829958e-02
-4.806439933232224682e-02
3.040802682517020072e-02
-2.533326835923853382e-02
-3.241138648792225851e-03
1.312361256899678003e-02
9.787533552731562947e-02
-8.910794635891586268e-02
-7.765781302932242558e-02
-1.063691505131930115e-01
2.699530566745909563e-02
-2.360160973188681413e-02
-6.624904918488340455e-02
1.056419789134061676e-02
-8.129845571615401667e-02
-4.231063186798506015e-02
7.702251548388135138e-02
-1.463890798816285532e-01
-5.897669114898947129e-02
-5.978815324966874761e-02
-9.994983315989716677e-02
-7.071680623208501104e-02
1.189168988974784874e-03
7.562175167097259787e-02
-7.439775495861708499e-02
2.515686730533471527e-02
3.479844808691623381e-03
-7.545878405852186888e-02
5.072961838172790339e-02
5.566064257214274613e-02
-4.141831099876754768e-02
-8.149547917417494791e-02
-4.552316478177401149e-02
8.558418950252984214e-02
-1.676028830790513013e-02
7.391006288009276115e-02
1.372917566534803124e-01
-1.573806225368394596e-01
1.062792314520730717e-02
5.749912904647252326e-02
-9.176579453734595715e-02
6.011085473388446537e-02
-9.797758705980413180e-03
-4.551956800291603183e-02
-5.987395511304650919e-02
-6.987825724340640532e-02
-4.632753232161933299e-02
7.072509276803945477e-03
-1.001133661750187864e-01
3.130082255102992206e-02
-1.869664898988866036e-02
-1.278839256441093863e-01
-5.431922564603440529e-02
3.943425348544814940e-02
7.206999042938946193e-03
2.535335136383907312e-03
7.346994887174181088e-02
9.905619008823079996e-02
-9.236604460497482849e-03
-5.873465215881289864e-02
4.478877438324318366e-02
4.120968099882033053e-02
-7.300338165881312125e-03
5.842295312293052656e-02
3.090749105274022412e-02
1.078252156978668289e-02
-9.424480369875511132e-02
-7.296463765901164966e-03
6.329358873460477763e-03
-1.621543907717012262e-02
-6.080819447292285657e-02
-7.645979971887574556e-04
-5.473710488713311867e-02
3.545763872391172189e-02
-3.362492154353058371e-02
-4.214349200715111765e-02
-4.229746134645584466e-02
-5.885322904961839963e-03
4.636046539739697991e-02
4.222676816309914316e-02
-5.097624681117506745e-02
8.517451118199570459e-04
-3.904964007697243195e-02
-1.828749331873471065e-02
3.674537582681593195e-02
2.652841846739169632e-02
-6.523329631926134964e-02
9.558931444472049122e-02
-1.831126353522794653e-02
9.818715247073601937e-02
-9.005861631442715898e-02
2.230970241891046257e-02
-3.337869107058023810e-02
5.105518294956449404e-02
-7.692757970541780344e-02
-5.395922534565887607e-02
1.026556637079354684e-01
9.211335907874371176e-02
-6.119884776160325335e-02
2.199781305597704045e-02
-7.536836387101279733e-02
-1.155840311409729454e-01
-1.100049409005710577e-01
1.977285444461402558e-02
-1.110825363648094977e-01
-1.542316765557853048e-02
2.749661269760741988e-03
4.754078450336527567e-02
-2.957209170502586582e-03
1.156772659183034901e-02
-3.418007297547082796e-02
-5.920690196026895391e-02
-5.196690927115654723e-02
-2.292272420536463351e-02
-5.988660924190421925e-02
3.074382334537470104e-02
-4.743905598494729814e-02
1.363145531706307645e-01
-2.860212587844766785e-02
1.359226984596807741e-02
-1.473338667011266784e-02
1.363554994811355670e-02
-7.727075529451431397e-03
6.236130907367351539e-02
5.887982830698024195e-03
-2.606323095622636171e-02
4.997212930077223059e-02
7.313900570286208103e-02
9.786790076839468888e-03
-1.181864167848609842e-01
-1.011778342433080069e-01
5.275036639155457341e-02
9.572294113322783737e-02
4.209829223812580623e-02
-5.720858034559713617e-02
-4.397375675612723300e-02
-3.087594229104183990e-02
3.105188486089570377e-02
-1.280584383392612685e-02
-5.155087529847326988e-02
4.571013407768842463e-02
1.049032950059679281e-01
2.866274095888197981e-02
-1.148037740615366203e-01
1.507778838666075372e-02
7.395557430630250728e-02
-1.408929636333572932e-01
7.175196206584734393e-02
-3.721448807206786946e-02
1.113680307029632499e-01
-1.097458845690568036e-01
-2.209124861635412829e-02
2.890300511641045317e-02
1.744766077606391824e-02
-3.126338649206077125e-02
-4.930674404940103145e-02
-3.055932092956506474e-02
5.492037370455774004e-02
4.096671037535598581e-02
2.206265861774767828e-02
-1.405278626247102591e-01
-5.235510708608346470e-02
-3.688075500893124581e-02
-9.135295414249401669e-02
-3.378321486267170382e-02
-4.149419312223504713e-02
-3.636452754001936322e-02
4.034999232291305166e-02
-1.181737379431499618e-01
4.117819901087141354e-02
-5.987950174368986828e-02
2.205290450597551313e-02
1.147041265665088294e-01
-5.056666929329298871e-02
6.881028302214944881e-02
1.391254943682535689e-02
1.506199231495799692e-03
1.374611716740410938e-01
4.316576679488855206e-02
-1.448154146271331960e-02
-8.766860418555903062e-03
-2.754903846905770032e-02
-1.369707718705182320e-01
-1.348784745456093892e-01
8.953561662760328721e-02
2.044743805696674216e-02
9.794515504768508407e-05
-5.231400532646417884e-02
8.347483633079241794e-02
2.494481132117504218e-03
-1.186772470548424219e-01
-7.028055416524715826e-02
-3.112866105763383712e-02
-1.335754435281706065e-01
-7.933579363629678083e-02
1.928985091017074854e-02
-4.091197605185172004e-02
7.376359872046792110e-02
-2.927464506358366109e-02
2.238476227690768677e-02
1.856817067935646326e-01
3.790043980402905965e-02
-6.193827521866448332e-03
-5.945314538829388207e-02
4.382513586686404700e-02
-1.565155972234948123e-02
9.995594761268492695e-03
3.210730791336888212e-02
-1.749657877958304963e-02
4.647097111266419028e-03
5.710687785665684996e-02
8.600612620033441791e-03
1.784806124626204735e-02
-5.543682944871114460e-02
-1.775063333327039916e-02
-7.064238533184094559e-02
-1.230058314355741977e-02
1.520901750298095725e-02
-3.347769537685070518e-02
9.009161392004429170e-02
5.261235632646544050e-03
-3.614919886477316324e-02
7.108777152911789632e-02
1.291953606393222986e-02
-2.424370786782587689e-02
3.224062423186330878e-02
-1.054607337359727004e-01
-7.614053222960764922e-02
2.164270240394201503e-02
-8.821705631171518347e-02
2.997475783831897791e-02
-8.850685205245170661e-02
-6.023275930552504653e-05
-4.978332290790853099e-02
4.071413269427414522e-02
3.493417113880380176e-02
-3.441203353054018976e-02
4.838344729800724692e-03
-7.980541225825642238e-02
-3.556684791325193107e-02
4.571520015978401685e-02
-1.537363342322467519e-02
-4.275350254463234495e-02
-5.442560661122298332e-02
-1.592638479120001282e-01
-1.236465897647973620e-02
5.962750959627070857e-02
-3.180378392140623817e-02
-1.880171141441411981e-02
-4.541972417060599621e-02
2.208331845757089545e-02
2.704448004153291174e-02
9.006434512419611571e-02
3.512943886854238973e-02
7.458868884969811763e-02
-1.356383531465276682e-01
-6.472984174598939155e-02
6.701785960365279349e-02
1.884371373947730383e-02
-6.362292800574723128e-04
5.140468704213056739e-02
4.734697411193714012e-02
-1.473343683632556689e-02
6.252155548453715295e-03
6.749795212402755207e-02
-1.375158046697110281e-01
2.524186356048018984e-02
2.697388712798581833e-02
-1.183661558966480828e-02
2.650292772464826752e-04
-1.464186043811085414e-01
-5.505270102977214558e-02
-6.279036140868579641e-02
-1.416451483190264704e-03
4.753024956042992133e-02
-5.740157228764525277e-02
-9.827312976965617286e-02
6.139181339306946233e-02
2.178647147457683786e-01
-6.773819923181012559e-02
-7.447886396279104759e-02
-5.838162506059492440e-02
-5.264400240916154022e-02
-1.281819993238981770e-01
-9.916294849063453376e-02
5.589585100859818800e-02
-6.695445714896901268e-02
-6.729221467128722496e-03
-1.534610474165645500e-01
6.649939650252825740e-02
7.740662892550373431e-02
3.250652839194687060e-02
-7.851313181976241062e-02
-1.405679529728191268e-01
1.613870147966371335e-02
3.435617253021151785e-02
-9.506139391452475551e-02
6.236055627585840311e-02
-6.582543797478823677e-02
2.185886356213782855e-02
6.135478416653163125e-03
1.194865508313124741e-02
-3.720001763656946570e-02
-9.840412152499378173e-02
1.004095409985370224e-01
1.222311529509958472e-01
-2.540389893013701716e-02
2.977465295028912384e-02
-2.366288792624659382e-02
-8.489770158082278473e-02
5.990769419573730575e-02
1.001931686320865766e-02
2.167117350777527165e-02
1.209696402028754975e-01
-1.425151983716909931e-01
1.468769978171605151e-02
1.868625024597551226e-02
-1.166377664952097937e-01
-7.410310605103209713e-02
8.035842603516737959e-02
-2.565036165441277050e-02
3.425212428474761622e-02
-6.614470191318061465e-02
-5.007283705957597808e-02
3.211230065484891455e-02
6.740530949467798960e-02
-3.528608563571187379e-02
-5.655133812292668927e-02
4.865457055222093680e-02
7.897514950142106582e-02
4.828083458995589827e-02
2.293182965641776122e-02
5.405768991642755789e-02
-6.826338382355690015e-02
-7.962971859181046386e-02
-3.449962712974170148e-02
1.014658328327477654e-01
-2.645553597621374403e-02
-1.216042001797580790e-01
-4.025039828031890671e-02
-1.179100169075985721e-01
3.817575667507695780e-02
-3.633749460255065317e-02
6.462420557030768009e-02
-3.531346776777818247e-02
-8.076108730397271729e-02
7.941452953610481091e-02
4.432289176371250611e-02
-5.010491833564231084e-02
-8.631360984338619369e-02
1.028169824666059634e-01
6.760333464381651503e-03
-1.043016134949339563e-01
2.430572582009072821e-02
4.892012071315320759e-02
2.202960255181299343e-02
8.521873878068200736e-02
-2.932523189446550188e-02
7.616167195612671970e-03
-6.950361249419650944e-02
-8.106910475443931952e-02
-2.731339738481523144e-02
9.217410803965812860e-02
5.172503115611592345e-02
-3.037071118374370937e-02
-1.439327193141622663e-01
4.130723222651321719e-02
-6.217099306008243287e-03
-1.634143976215387400e-02
-1.281276638524397882e-01
5.896777339321278288e-02
1.265412592182399709e-01
8.513935128550892406e-02
4.066447630918982800e-03
-6.714998593999751964e-03
-1.105685512815028637e-01
-3.116252083886711377e-02
-1.000809171960403005e-01
-1.656264152658666333e-01
-7.603487877895122315e-02
-2.534987192091425409e-02
-9.092297998780647650e-02
-6.639859469762943167e-02
-1.696466128907674759e-02
-9.265609569917328259e-02
-6.877599620306429351e-03
-1.181661334881280168e-01
4.781464182216005332e-03
-5.750530032205229680e-02
6.113905935775992145e-02
-1.875901734632055493e-02
3.966802685212444252e-02
7.810846044220498552e-02
6.343572174422912324e-03
-1.013492695151282583e-02
1.136104261311229324e-01
-1.983930520770498668e-02
-2.153107906513657133e-03
8.498425298315538667e-02
6.433718077705405380e-02
7.181100834619327800e-03
-1.851641653529222942e-01
1.561917127750774709e-02
-4.282302971608879100e-02
-5.574775664520227603e-02
3.544334462987324547e-02
-4.165843898692324354e-02
1.724190721900553669e-02
-1.920952817675410790e-02
5.395414622690646728e-03
-1.126166648746151772e-01
-5.310922531380529721e-02
7.074882153942399499e-02
6.430015578623930750e-02
-1.038418510933844519e-02
-1.049972675918641740e-01
4.675896162442577664e-02
-1.070336507966156286e-01
4.108131418922583711e-02
1.466308513812896175e-01
-1.234589842040751187e-02
9.929848524211623562e-02
-1.254630758441359628e-01
3.316823975972800487e-02
4.331874738768043409e-02
-3.554576204946940932e-02
4.506907559550694942e-04
-1.218202304120157564e-01
3.301690938380252849e-02
5.301503254780150221e-02
-1.378227111330910526e-01
5.574024326782431316e-03
1.880706159611135464e-01
-5.827278236826088226e-02
1.258949805669825478e-02
1.305215056481310310e-01
1.606641286128601687e-02
-1.995631305599292471e-01
8.254809168638638228e-02
1.033806183764699599e-01
3.839172369903001009e-02
3.741886406741492394e-02
4.641586375164456074e-02
8.788281427995489614e-02
-4.148849323071809869e-02
-7.764158911704524546e-03
-1.134475478189498204e-01
-2.539117615824769067e-02
1.010780263452258493e-01
-6.219096245266590717e-02
1.453643009064423813e-02
4.614905259148825017e-02
2.794844810038024652e-02
6.066402015780895246e-02
-7.728219472472455664e-02
5.032315041357809937e-02
1.616975927649565853e-02
-9.820316987487426319e-02
1.359562052781811969e-01
4.262852207911388414e-02
-3.715629045230952471e-02
1.936100976831432036e-02
7.915453124579914512e-02
-1.763951774197541900e-02
2.185102789531573331e-04
3.145220793530678627e-02
-4.148547265447545540e-02
2.228141226020211862e-01
1.388663879768130271e-02
6.373361434102524370e-02
1.019583848304023849e-01
1.455124627799024573e-02
9.529409888131334938e-03
-1.058790154286400886e-01
-5.047343189848210732e-02
-4.775673986507564250e-02
-1.784879565002255378e-02
4.924635765454361477e-03
4.214861783112242716e-02
-2.119590253624765996e-02
1.071747277923026584e-02
-6.808933012847653843e-02
2.486642295805895422e-02
3.678159977436396000e-03
-3.854099519086791326e-02
2.371366629808449936e-02
-1.335316321658826244e-01
-4.528018240222218826e-03
5.820697316482148498e-02
-8.601677000431337539e-03
8.078266683698841211e-03
6.766535162074005516e-02
1.108531892520993600e-01
1.069807851420909867e-02
-1.151338665534545891e-03
6.415776504590814389e-02
-2.501351415642658060e-03
5.670081750444481289e-03
7.341501045295276140e-02
8.130591892314152636e-02
-4.852171328913228165e-02
8.045521420577098071e-02
-7.297779151646288653e-02
-9.289328404044862320e-02
5.478980967740745139e-02
-7.306701166793849733e-02
1.422420058809158519e-02
-6.060001023654440488e-02
-1.451357857606884807e-02
-5.410504271811229782e-03
4.476351425790756761e-02
3.817486160453700816e-02
1.289088470946717427e-02
2.552330632167498260e-03
-8.867870655787810086e-02
-6.770405386814198900e-02
6.301379989480283828e-02
4.180621553567864107e-02
6.344059612897234857e-02
-4.823613625037913299e-02
-1.899783555553391790e-01
-6.664076443953943774e-02
-5.398034484417259249e-02
7.288982406837712924e-02
1.079402116121031818e-01
4.415266898357651792e-02
-3.542296892032099215e-02
-1.833877445674673284e-02
-2.646589476471448293e-02
-2.477597425094053840e-02
1.596846654147004996e-02
-8.062853938407267551e-02
1.011630613103441101e-02
8.403387990297048193e-02
7.384061171061613582e-02
1.129861314358623636e-01
-1.606040535161928906e-02
-4.485525283523813384e-02
9.853276661506205070e-03
-1.184712366415371088e-01
4.710333448185333866e-02
3.774839374347015164e-02
-3.343340640508170314e-02
4.274500400128561362e-02
9.213429654137333946e-02
7.620352547334245663e-02
-8.906761673945589458e-03
2.580339137309012321e-03
6.543734815868278154e-02
-4.192569013334831313e-02
6.304248231927433999e-03
4.004692208956648486e-02
-1.306165656659597635e-02
-9.020911235790653876e-03
2.605201906888104935e-02
2.084499380641684219e-02
2.057240909432036385e-02
4.121740039038798709e-02
1.365682633912329025e-01
-1.633726578089041842e-02
-6.093580656660847056e-02
-3.153309637713307134e-02
-3.592552144056272712e-02
1.519810895147008512e-03
2.350022998243211231e-02
5.678158979924820271e-02
5.050609472000474470e-02
1.003185893222907632e-02
1.451366838243493482e-02
-4.499858925921934594e-02
-1.048651589052784910e-01
-6.943167037304931455e-02
5.388954019792344813e-02
-8.227705293334673653e-02
3.885490025125955260e-02
-2.041714877301624431e-02
1.409071415538812877e-01
-4.331999589094481101e-02
9.890028261797842446e-02
-3.185727387714342579e-02
-1.762315519339471837e-02
-4.308909603441160585e-02
4.419207495916806228e-02
1.009523956426646579e-02
-5.036875983493436376e-02
-7.754249408657740150e-02
5.423188152034981446e-02
-4.639056029276358156e-02
-1.035629784210204130e-01
-8.132713580896171190e-02
-1.641730220204051793e-02
-4.061535065110426918e-02
6.238294494282917851e-02
1.143845122495978084e-01
5.058962437670508350e-02
-9.619119704109921343e-02
2.740986053057375277e-02
-4.888861700823195211e-02
1.562503781981745138e-02
1.836375498722674776e-02
5.966072207115515058e-02
8.000007604504273673e-02
-7.597889431092630375e-02
5.185843696719069640e-02
1.348683632915984032e-01
1.806996197322773695e-02
1.322184001927989572e-02
6.898494733520722788e-02
-3.737591824619914543e-02
-1.066925984064460986e-02
-2.066088468147319474e-02
7.792169429758794008e-02
-5.664988523742237048e-02
-5.649908644594997531e-02
-1.377113017772636783e-03
5.644621146696469915e-03
-1.487742598949352152e-02
1.029427032559129818e-02
3.124496269591200970e-03
-1.272195240549243989e-03
2.069258127648588436e-02
-1.416985925124045753e-01
-6.778021272809744979e-02
8.221423550803444447e-02
1.374562618800317937e-02
3.002880724821811384e-02
-1.391644285673144382e-02
-1.875032182952340518e-02
-1.007338035498788614e-02
1.887257149156727765e-02
-5.095968275188112948e-03
-6.577215343176412432e-02
-4.615805090466572336e-03
-6.401951624064934621e-03
8.157022818319326074e-02
8.445716701082067734e-02
1.501075848047755401e-01
1.168682820374691150e-01
-1.405774251551030612e-02
1.652772203719868327e-02
8.767119313172842821e-02
4.021548744833183808e-02
6.610407850328373081e-02
-5.239072275916429461e-03
-1.567982028716999321e-01
3.903853857803744887e-02
-4.502360622081677533e-02
-4.108617228022418133e-02
1.268842812281582022e-01
1.628560195868394844e-02
7.389632451225941479e-02
-9.908963153785320388e-02
-1.387540791493039813e-02
-8.981912808478823007e-02
3.571488850361893147e-02
2.660570067482150719e-02
-4.491553698938385158e-02
-7.759032458252088094e-04
7.155119136144208469e-02
1.374475662769581406e-02
-3.929403692222517563e-02
-1.440507807216950265e-01
-1.391359985872631100e-02
-1.047556618855976784e-01
-3.967678591074645655e-02
-1.497703976145357482e-02
-1.306785434371611765e-01
-6.815439379067646242e-02
-4.136584118436302526e-02
-5.035835348293101615e-02
1.245596022539528919e-01
-5.085350948143460559e-02
-1.785395670269955548e-02
7.824895117237387621e-02
-1.349466851765475719e-02
1.498651935174341587e-02
-4.538791663571043605e-02
1.507926169273806141e-02
1.348506815308945783e-01
2.825543627806743896e-02
3.484575946948668956e-03
2.194090936298274258e-03
-1.300819300086047264e-02
-1.867569013358173421e-03
1.519823292427939787e-01
-6.377433064891142867e-02
7.622131512931060171e-02
-9.488913441585047903e-02
7.431311658559075495e-02
-8.261053952366406716e-02
5.966976904061337128e-02
8.315542936339467839e-02
-9.440612769063380649e-02
1.098295095195857551e-01
8.991368088972034878e-02
-8.204057047294424643e-02
-5.381724946272675031e-02
5.716265851937549214e-02
-7.657500070935491232e-02
-5.604769943164136792e-02
5.389058843111411284e-02
-1.322389473398736214e-02
-8.644227419766642440e-03
-7.944043392173849583e-02
-8.803373494251483244e-02
8.411855065167186951e-03
-1.417855100881560970e-01
6.901412811640343647e-02
5.653953722625795764e-02
-8.335797034829903196e-02
-9.905064966368448687e-04
1.757113835681199318e-02
-2.204710509246649019e-02
-5.166557257499740374e-02
-2.697116254170736985e-02
-1.589847558355571289e-02
-8.794613866019485027e-02
-1.368529482488843943e-02
-4.882799305885315161e-02
-8.218912046020782070e-02
-1.049018898321738696e-01
4.652363063738158833e-02
2.099991723789081458e-02
-2.619689811036278460e-02
-1.849527097464765540e-03
-1.027878860925036664e-01
1.374552008288547622e-01
2.224897520614693702e-03
-8.473213188500064441e-02
4.599649213761226180e-02
-1.041199161388408137e-02
9.774420559894418659e-02
-3.284040172765083365e-02
-2.826883719744674797e-02
8.858914810282847441e-02
3.833854061217376041e-03
-5.809731456401839855e-02
-6.338806057933964178e-02
-1.427398988968973589e-02
6.060118683365273151e-02
-3.242669912697637713e-02
3.419199495916239173e-02
-4.745131851010429141e-02
-7.679187031524212226e-02
2.886414691864840065e-04
2.216830606862401493e-02
7.918857137203109964e-02
-4.271740003424556731e-02
6.525613459657841897e-02
-6.756179784062038562e-03
-6.251478490335771188e-02
6.684862080677034246e-02
4.487395604393916437e-02
-1.137483732738429620e-01
5.506063786937211157e-02
2.411730137334351307e-02
-6.527510388635957006e-02
1.457177239401023089e-02
-2.862817354551102159e-02
1.562888551792438602e-02
6.323774893061992475e-02
4.240665447631922214e-03
2.603807109931797342e-02
9.894191320610328313e-03
-1.018792602328344038e-01
-2.217502223987577459e-02
6.091703360883741342e-02
-4.260434971412334348e-02
-4.293360418485095420e-02
6.294876287644537993e-02
-1.083561715030816053e-01
7.910824418005978076e-02
5.097094096778211070e-02
8.912432415001314556e-02
5.306286245383629724e-02
8.592360491250262966e-02
-6.546345738723327590e-02
-3.151142977672109075e-02
1.190336338426862539e-01
4.931308669945382028e-02
-6.185753711484137662e-04
1.761421374956443492e-02
6.797351313637117753e-02
4.945265129485159478e-02
-8.251868837835296677e-02
-5.487572756851478994e-02
2.101697462093230634e-02
1.090209508451732284e-01
-1.815617079953314450e-01
3.682007595817136242e-02
7.767557643768036035e-02
7.748025695199864393e-02
-3.703595023496634997e-02
-4.211188644212527504e-02
-7.573447614506792491e-02
-1.707376896739783156e-03
-6.105735885154495862e-02
3.676538620994196371e-02
1.544212426710447894e-02
-8.820031941851480539e-02
9.903982447145895374e-03
-1.318618202208516055e-01
1.184429716627332652e-01
-5.432891154506474390e-02
-9.657179735055575545e-03
-4.104334264210998673e-02
-1.810295838152557041e-02
1.328330178127192646e-03
4.237552073084462773e-02
2.250709675474534335e-02
-1.565101643043605162e-01
4.103517368755028177e-02
6.401707526121651337e-02
8.494677986219410781e-03
-5.939840553637858178e-02
8.343714830645476699e-02
1.557765961647082642e-02
-5.403247834801897659e-02
-9.877514845024476520e-02
-3.211768799817058678e-02
-5.003373522117132710e-02
7.997325628514752316e-02
-6.134296636049866441e-02
-5.107990153402901246e-02
2.868270386975634023e-02
1.172488605955232799e-01
-1.825557318038704968e-02
-3.229148200073023167e-02
7.143688627753030929e-02
-5.556698869661463869e-02
-9.280262484092333120e-02
1.320725288868992986e-01
-2.366512985662224539e-02
-6.741277925429098317e-02
1.870412050061548426e-02
8.374999729327403664e-02
-8.093789580056477695e-02
-8.169134287300779118e-02
7.267897624859942507e-02
-5.635167357233872298e-02
4.180727082267183398e-02
-3.394182938688553031e-02
-8.353886120394217463e-02
3.280097055083017188e-02
8.268476579197832355e-02
-5.796900912945013307e-02
1.032251072844252854e-02
-4.585198639318575908e-02
8.579947328749663871e-02
-1.199783888756121991e-01
-9.901822318462150108e-02
-9.370019788512348735e-02
9.942606467514034096e-03
2.445569924296843792e-02
-2.938528025941773356e-02
-6.929948286256115697e-02
-5.965329621901027668e-02
-1.043010562724642210e-01
-5.309277910708178755e-02
7.444300981808263384e-02
3.764884905484677108e-02
-1.870104523955766485e-02
-8.081847791561871941e-02
2.838111096160969224e-02
8.966355511579046644e-02
-9.080255202928608216e-02
-1.348821133574450715e-01
4.206754733919303157e-02
-1.399937157678395605e-01
1.074476485673420828e-02
-1.013013760531429053e-01
-5.609035182814785941e-02
2.626852173500490023e-02
-1.136534705274562518e-03
-8.365134772655502537e-02
2.613328839573525464e-02
-9.058555449964902917e-02
3.023131924694830164e-02
-8.815966332904019709e-02
-3.074069628466017529e-02
8.463129586256029624e-03
-1.248882329042979092e-02
3.250668277784855842e-02
-8.807750579544743053e-02
3.119103476871700267e-02
1.345202614451955214e-01
2.668462379077187613e-02
5.403224597124015038e-02
5.734148417839005085e-02
-1.109181113059103108e-02
-4.594745759278365954e-02
2.535549771610471487e-02
-5.243752742080248080e-02
-8.172454722529545745e-02
-9.992485131883742377e-03
1.246132938225310016e-01
4.987733377396353501e-02
8.343572864647749721e-03
4.957302789897815448e-02
-1.617670955372148001e-01
-1.085602754140169990e-01
8.112819812858013124e-02
-4.626211186216772075e-02
4.829158313208679887e-02
2.458027065148107176e-02
1.371040127095710104e-01
1.006320061042828562e-03
-7.167331516940206315e-02
-2.634289631625626182e-02
1.482838029752087117e-02
4.566163710879913434e-02
-2.693559880136918439e-02
2.631094597640044191e-02
4.047308642052594579e-02
-1.151535734062935357e-01
-5.243830916695101790e-02
1.181443359886284877e-01
4.489683392558726366e-03
-7.353397950512138848e-02
8.375710312674911062e-02
-8.736792599890466637e-02
-1.208526153948979581e-01
-7.902478564069403966e-02
-1.100981863023212798e-03
1.064968746010596795e-01
-3.833470051816506574e-02
3.089932176929867380e-02
-2.767729247364498352e-02
-3.466169566263427315e-02
4.480546367055970175e-02
-2.755437621324341446e-02
4.094143479799897817e-02
-3.183100324091854560e-02
-7.310773311153800913e-02
1.537148660082251345e-02
-1.555778549580540959e-01
-5.867044575486823205e-03
2.634702538372202252e-02
1.559352151375023032e-01
-3.185803378271434561e-02
-8.844132660349661446e-03
-2.850893106755376938e-02
-8.563847465026525052e-02
1.930096726396263868e-02
6.543437677446004019e-02
-3.729099038491828777e-02
-1.130481480650766396e-01
2.984929715620435187e-03
-6.447065494310018352e-03
-3.367892810633155154e-02
7.943427387727221289e-03
6.080366098707955247e-02
-4.950158121743467032e-02
9.909041789355413007e-03
-6.189665338835270703e-02
-3.556661549161552888e-02
-1.648597392244869064e-01
3.954080979546401725e-02
-9.052457247301279319e-02
-4.235965876416922932e-02
5.708194563955472367e-03
-1.007017118226423841e-01
7.159504632538310487e-03
-5.336248356648000402e-02
-5.734259376048211898e-03
9.568660188307218095e-02
7.871662477555424475e-02
-9.715319077144251095e-03
1.932216865069725370e-02
-5.960382097168541449e-02
8.845309646512880541e-02
3.914719087378577822e-02
-1.150283628501488353e-01
-1.292424812044111748e-01
-7.440916712022650759e-02
4.968729283084644122e-02
-1.316564410502658530e-02
4.743283410784042420e-02
1.625103207537773042e-01
-5.324030092353564114e-02
-1.574458094967308708e-01
6.581690808330778464e-02
-7.500605246647110147e-02
-6.466852291050789736e-02
4.816603455523423005e-02
5.450300349860406207e-02
2.344101384548100131e-02
-5.127085586378313242e-02
7.694247869059983591e-02
3.269957377555663541e-02
2.333988904757881150e-02
-6.489320278579821522e-02
5.041767113433336805e-02
-3.470590716722254943e-02
8.804485104198948864e-03
-4.056512259022945072e-02
6.130910636586151680e-02
-1.010165885074730541e-01
3.821640209800122173e-02
5.883414247495854371e-02
9.096857204041085970e-03
1.130523023730420074e-01
3.580059084668335556e-02
2.949919361995323105e-03
5.303006367393132275e-03
-1.036444369483750794e-02
3.503750989439115282e-02
2.069400510726395956e-02
6.079916312237802073e-02
1.145800148792342071e-01
-1.082867723532161819e-01
-9.427500708784829209e-02
6.706412373361764212e-02
6.529549120265459861e-02
1.446413055695153563e-02
-2.390993636515824361e-02
-6.010503991306401922e-03
4.352667381296323329e-02
-7.785800327939758347e-02
-3.418861242109584586e-03
-7.432755270129355607e-02
9.084048036897758582e-02
3.182023620385280444e-03
1.373458926308309125e-01
-7.080570001488603604e-02
1.010581300472633420e-01
8.576780266354319671e-03
-1.256335605643431885e-01
8.441111459958319796e-02
3.226638741148589451e-02
3.171861680210535245e-02
-6.697996855790941395e-02
-5.105750600661064509e-02
-1.328131283309297861e-01
-8.040985629877409058e-02
-2.296518360063531938e-03
-3.198604751885752995e-02
-9.788323132347928612e-02
-2.318852282950572413e-02
2.901804260233479399e-02
2.067428886451226633e-02
7.830727246253219032e-02
8.182457497341866226e-03
-5.413698146907192088e-02
7.115586099301157708e-02
1.436564672822073785e-01
1.397715351986060159e-02
-7.449892695455481023e-03
7.101826075215918188e-02
5.398568489560123806e-02
-1.242444058243333260e-01
-4.739362129911911525e-03
1.398851707130749876e-02
-2.422572666761765164e-03
-2.096911377279824240e-01
-6.033261454156113590e-02
1.243050661825335773e-01
8.892237679666603611e-02
-9.916142785200215970e-02
-4.312023225124303472e-02
6.937456020246533447e-03
1.840269955585708828e-01
1.171286161703890688e-01
-6.152307895944730820e-03
-5.118829006511196877e-02
4.567531839102399044e-02
-3.341414216921243657e-02
4.476125958014168932e-02
-1.523560056783513916e-01
7.206647251723410919e-02
-1.120903244734591658e-01
4.177639372095512393e-02
-5.782900600668328117e-03
-8.887677461754869834e-02
1.950187014554558007e-03
-8.994474361037854693e-03
-2.939084772793371797e-02
-8.651494308739821060e-02
6.007269011844578593e-02
-2.968900507871592709e-02
3.196883271251740183e-02
1.107722512754194810e-01
-6.000331999168218022e-02
-4.825149608863478490e-02
3.235828883085911656e-02
3.244498028038629578e-02
-9.913978467008885409e-02
-5.417698551828228903e-02
-7.835831347956950799e-02
-2.144350396326483166e-02
-9.005934973283299949e-02
1.203751750735315360e-02
5.635776042395280322e-02
-2.482537700716651308e-03
4.673085062106379500e-02
2.962550402945670486e-02
3.541050881082346419e-02
-1.441725738116552413e-01
-7.222976689818048912e-02
-7.651538971098803543e-02
-1.424756879692563524e-02
7.181367373192870662e-02
-1.059733708219476669e-02
-3.541109286928996458e-02
-6.362549719727775277e-02
-8.691319071767990290e-02
-4.432891305043552832e-02
1.557600553033368362e-02
8.051576603531589160e-02
-7.356712490390975023e-02
-6.384902197989825168e-02
-1.018883044456687925e-01
-3.886591492678934806e-02
5.438747963220158521e-02
-1.087294244408117810e-02
-6.304483950075673304e-02
-3.960575986468373166e-02
-5.552307869851450667e-03
5.855214044878910562e-02
-2.076394014149441844e-02
6.702811646390519074e-02
1.905433534020670172e-02
1.257369717841679280e-01
-3.955513637761025325e-03
-1.523542832058289581e-02
1.381922282224667953e-03
-1.148995865145187867e-01
3.919399193838907225e-03
-3.191793741549898283e-02
-2.659187710749483929e-03
1.276382546969012932e-01
-6.003119837048519203e-02
-6.183745499360716880e-02
7.896698685175976284e-02
-3.028542234484727161e-02
3.004960852089596374e-02
-1.025559912523998224e-02
-8.060196722049300933e-02
2.125718082275891707e-02
-7.005436954757157664e-02
5.278745923157711351e-02
-7.703411405614325747e-02
1.137595523294649275e-01
3.325555904364362741e-02
9.113124322806748223e-02
-7.125788016240121314e-02
-1.170459714398968537e-01
2.327078018524540715e-02
-2.054521880625295727e-02
-9.154076651755327365e-03
-3.239604644675155021e-02
-5.875194200370942310e-02
3.442260651773999813e-02
7.198212614288791722e-02
-5.718552937164547711e-02
-4.199115807196101419e-02
-7.895787559047870094e-03
-8.636512215437971984e-02
1.093241373357532326e-01
-4.311941786930977710e-02
6.981289543577202245e-03
-3.451760605277982147e-02
-4.231007465343560731e-02
-6.944842886527399783e-02
-7.012517044241747821e-02
-2.539465305410637530e-02
4.759689066610843511e-02
6.583391736820105866e-03
-1.333609252683954915e-01
6.604801912118395124e-04
-9.663173247000755861e-02
-9.689063411598541897e-02
-9.772588752635837095e-02
7.058571408253452861e-02
-1.331273659128739961e-01
1.758249943228992751e-02
1.447537940171521320e-02
-1.109424698226289287e-02
1.088471547607539579e-02
-5.575376367839430733e-03
-3.575126997482232227e-02
4.693741764199538258e-02
-9.127724250573422682e-02
-3.178567802173229428e-02
-6.610554616615177403e-02
-2.724822309759907663e-02
-3.226573884182937224e-02
5.758739810223290068e-03
1.286744803904252277e-02
1.098567939342159350e-01
-6.949006562112051977e-03
5.781354714545910989e-03
-3.252922612493359261e-02
1.417767426474579318e-01
4.612819665827441740e-02
-3.545903031044984194e-02
1.634364137265311157e-01
1.665012396665267458e-01
1.273891158961019676e-01
7.549367334170980354e-03
-5.907884721787289017e-02
-9.112117845734882260e-02
4.276449481390114798e-02
-8.887436025792647132e-02
5.422700355349252543e-02
-6.712896058337462779e-02
-8.237469789812706944e-02
-5.148849751121197665e-02
-7.669204773600062086e-02
8.358298532778425660e-02
-9.304535473887719926e-03
-9.970322719559432390e-02
-1.529668804145815908e-01
-9.122386151830073897e-02
3.678011132584095566e-02
-6.883217571048895478e-02
-3.894564242238399143e-02
1.065636586815481013e-01
6.569724359912725020e-02
6.662352384943680261e-02
9.258961853363360806e-02
-5.670961429963258110e-02
3.537836793602845697e-02
-7.311497418559001482e-02
-4.492502101951873633e-02
-4.182454743981067757e-02
-1.330963927217119203e-01
5.723782554350242968e-02
-3.699968829247896746e-02
-9.231070996436910314e-02
2.780437478200637608e-02
1.818952648391748694e-02
7.739210397610198078e-03
1.191634193434341904e-02
-6.284097341703182016e-02
3.287134521342865989e-02
6.527389199562198992e-03
-8.999590131727908116e-02
2.662106399006315682e-02
-1.203674663245710152e-02
-1.485318717484062495e-02
-5.880249735340467576e-02
9.984683586416812084e-02
4.452893795915990882e-02
3.123723099380671525e-02
-6.457822464524400063e-03
-9.459003600068836837e-02
-7.355232802629570188e-02
4.810870954471856142e-02
-8.590218018243134246e-02
-4.785640743063625246e-03
2.712689611936849876e-02
-4.109485068144929504e-02
-7.762554645039614065e-02
-4.941607973111258878e-02
-2.244278593026852869e-02
5.238628216394657089e-02
-3.685810830319710685e-02
-8.619059199051805342e-02
-5.538517144902131706e-02
9.196422631410874904e-02
-9.050970842650025994e-02
3.162973341577711428e-02
-3.594800330634138202e-02
-7.076486055650484108e-02
-1.875448457157444931e-02
-1.200748699668275354e-01
-7.786673795517208563e-02
-4.299844695131758987e-02
9.793616201796881415e-02
-7.881800885464732009e-02
-1.014332229185859469e-01
-1.423741517871885132e-01
-7.310446034673026561e-03
-7.285778584023763771e-02
8.601855605959564388e-02
-9.392517843730066596e-02
6.642485508827460083e-02
5.901853986865738394e-02
-1.220931074470069447e-02
9.812192969139120480e-03
-1.083638854893609338e-01
1.164564384664305008e-01
-4.171410000727841794e-02
-1.999360164138487550e-02
-2.916850867675450931e-02
-8.887372476549783296e-03
-2.805512270450336715e-02
-3.590581560161686808e-02
-7.842346358493119951e-02
-1.296320177574823151e-01
7.957641814122615176e-02
-7.621163965029548182e-02
1.061322104361443405e-02
3.375582455751253985e-02
-8.549189293244260912e-02
-1.917839336783157267e-02
5.059115513530623720e-03
-5.454314375119730107e-02
-8.140913211035720465e-02
-1.121611576821240214e-01
-8.164357603836654154e-02
9.105808746035784496e-02
9.970692304878611689e-03
9.190411012224776466e-02
3.604204263113079676e-02
4.267611801854021003e-02
-1.273179663329641054e-01
3.350192683905098973e-02
-1.819744057169816326e-02
-8.604467432175576247e-02
-8.757100610415011199e-02
-1.272881546336978309e-01
-1.125045461184292495e-01
-7.406821307772745722e-03
6.858149815501246582e-02
-6.532359727304687391e-02
-5.301479229639310953e-02
-1.351581094715701981e-01
1.263274686747196118e-01
-1.813527625913504970e-01
-4.217818154298605404e-02
3.955973547083368319e-02
-1.074339433433051105e-02
1.988086343787965130e-02
-9.036615980938134118e-02
7.982090873118638519e-02
1.651275560974287127e-02
-1.518777959302235886e-02
-3.412289666740864202e-02
-5.071062519993104617e-02
-3.864609762123062675e-02
6.336579139612181361e-03
3.041568334145360736e-02
-5.754013257096144557e-02
8.692100952690587357e-03
1.327881946271502675e-02
-8.530305348029022794e-02
-2.528124280167087096e-03
-4.022501360059379388e-02
6.410464297368642650e-02
1.865468002974070283e-02
3.938895211687030995e-02
4.126356705958317272e-02
1.296855281603325610e-02
1.515903780423200065e-02
-7.940284434184395612e-02
-5.789618690800667211e-02
-5.521831795594875358e-02
1.348042433030307019e-01
-4.181743463418430284e-02
7.580418751113170150e-03
-2.711099500878748347e-02
-2.704512427345000247e-02
-1.363986179811864652e-01
-8.154628571440893092e-02
-1.604854182407230989e-01
-1.692505130658047974e-01
-1.457065550546470800e-01
9.639312422152426785e-02
3.353884797315642707e-02
-5.495158428350897795e-02
2.764009863750017254e-03
1.928031975052926089e-02
7.665541714574258814e-02
4.840682904714099788e-02
-5.720525907978706720e-02
5.025625320546106556e-02
3.523366763206469549e-02
8.209689993882546277e-02
8.963918645855287193e-02
-1.287328175209218051e-01
8.670834578283705130e-02
7.820982654832803194e-02
5.192871779427854495e-02
-5.366583744250608135e-02
2.126879430837786897e-02
-7.146023137637493028e-03
3.846130946479651980e-02
-9.741413727842984649e-02
1.175150725216574966e-02
-1.003195490878920626e-02
-8.772878810303061381e-02
-1.178388968585999258e-01
-5.795372382266203437e-02
1.214207354131976030e-01
-1.392647887464023779e-02
4.345667810990549995e-02
1.117168940474943667e-01
6.280260380923791130e-02
-3.173736670877488897e-03
-8.423329245399575893e-02
-6.698270602630918003e-02
6.022278856094384625e-02
5.160378476043201573e-02
6.416268880827988297e-02
-7.663699225224353262e-02
-8.632630176681174716e-02
1.167737795694891723e-01
-5.061420903727877757e-02
-9.354888998578822501e-02
1.034798359736409656e-01
1.204503557482791282e-01
-1.111264341227513053e-01
-1.155139588896710867e-01
2.636622439364363912e-02
1.012447771038132716e-01
1.021968808383181687e-01
5.654076028097840267e-02
-2.809908761277614409e-02
-8.722472164362005120e-02
6.324057811884584851e-03
8.315049598270814191e-02
7.587279504034476207e-02
-8.229485357110404020e-02
3.874744650287396258e-02
-2.679936699723828308e-03
-3.309503358977028409e-02
-6.112437367947573530e-03
-7.086550884598244449e-02
-5.001600598659151908e-02
4.778646721848657519e-02
3.623275323038392670e-02
1.194740423460630835e-01
4.687313789675898179e-02
-1.016665455428662351e-01
-8.601287713211666630e-02
-2.655086541596814176e-02
-1.398235818856070345e-01
1.838747530847056888e-01
1.703919242257380950e-01
2.157244773304214935e-03
4.083715273166117765e-02
-2.998198778930117117e-02
7.605803669402128042e-02
9.255306210478750351e-03
-5.112449867309919183e-02
-5.493901389056554674e-02
9.363755889153311390e-03
4.745916277375829273e-02
1.788849364047441146e-02
6.010143908056236883e-02
-4.278078750700506361e-03
-1.321659813042982967e-02
-8.353338256267189843e-02
3.559918657804744813e-02
-3.222986435818515211e-02
-6.704126709271961138e-02
1.041333269628488267e-01
4.371531772715991221e-02
6.657061384861513720e-02
-1.217895557578131116e-01
2.559133883285727440e-03
-3.010733463372270574e-02
-5.923629075022696089e-02
4.155620076868893342e-02
7.322372427095374947e-02
9.789917423476969527e-02
7.388111514038990524e-02
-3.689609281722129597e-02
-3.078120694079920436e-02
-2.145762905895094025e-03
-1.842685691858262920e-01
-1.406116789388027755e-01
3.231779416157388313e-02
1.963718133215221207e-02
2.438684991709604011e-02
4.290959145708070355e-02
1.085277318999761792e-01
-4.281932612771637003e-02
-2.222429631084635315e-02
1.977308731812656151e-02
3.146899097227328496e-02
4.405944142557865345e-02
-7.511749636989160928e-02
-4.137034294994496042e-02
-1.326044549884004276e-01
3.796218285312748242e-02
2.961054783038979954e-02
-2.949715874919815392e-02
-2.682649887570428410e-02
3.163680186121144156e-02
3.179460663175587287e-02
3.701536832917601966e-02
-6.066237862653960783e-02
-5.659484477297045679e-02
9.967027092515755304e-02
-8.615567175517183096e-02
-1.070429411182406698e-02
2.432685197247419495e-02
-9.173392811164943206e-03
-9.479589809839925052e-02
2.010979970456720778e-02
4.738883880242186764e-02
2.015022727537146841e-04
4.943368285795485262e-02
-1.087711764709745205e-01
6.161631007325762965e-02
-7.683107480064281514e-02
-3.307172434761249113e-02
1.704477268497426798e-02
-6.044504906476081546e-02
9.307815514251219224e-02
-3.960036334797307350e-02
2.017393489906335879e-01
-1.310148665221576997e-02
-9.093543832882405864e-02
-6.560104924723517139e-02
5.361692429890402289e-03
7.314394295975472360e-02
9.991045733472797563e-02
-6.656310247674729341e-02
-1.913920493566609315e-02
1.603799049801411525e-01
-9.582599196370530925e-02
6.984587147859494527e-02
-1.455121883935511784e-04
-1.465584839422247876e-01
-1.126707146742946253e-01
-6.484307204164174721e-02
-3.848742691609311622e-02
-6.887997912631155240e-02
7.895762089707132614e-02
6.047782320906455039e-02
-1.602840254250510743e-02
3.032283146124708367e-02
-1.717812787500849203e-01
-4.668030534394080472e-02
1.042773521374175949e-01
-2.467324898516662715e-02
-4.468800997332402630e-02
-9.509269112278725261e-03
6.991510436114271865e-02
2.073220431996049967e-02
2.274909326630651651e-03
3.935237853485465398e-02
-1.042096310105854462e-01
5.010470915694277549e-02
-3.081532229270562279e-02
2.911770078869646214e-04
-5.244203949478717930e-02
-6.306508596266720626e-03
5.323541370292027980e-02
3.275458921023484404e-02
2.202779341965494658e-02
-3.193433114140821483e-02
-4.077564225795055758e-02
4.767853865748780673e-02
7.683227249159073347e-02
-3.174839259884551426e-03
8.720897999654432520e-02
-1.438539219004109082e-03
-1.572716417765868679e-01
-2.727455127515173577e-02
-4.250976246877509468e-02
4.858844386708800756e-02
5.351150692569014988e-03
1.704787858941730350e-01
6.064756571242604921e-02
-5.508429812556762950e-02
-9.048726003968529663e-02
1.016371389703895067e-01
-8.680114784662021354e-02
1.249424280724815116e-02
2.533491143311481647e-02
5.779845383626013022e-02
6.795345792510659733e-02
2.883303047559050009e-02
-1.316508660143964060e-02
-7.316937665978237582e-02
1.616930401734049255e-02
-1.733295794869233949e-02
3.016182356531104530e-02
3.384371177565127786e-02
6.377391462247222753e-02
-5.421850056361562920e-02
-3.687017325179586802e-02
2.119983793502829006e-02
-1.509891808590219792e-02
-8.485065601091298926e-02
2.542551106938069350e-02
5.611397830272632503e-03
-3.433729840580285186e-02
-8.459829493459681410e-03
2.826634163497962135e-02
-2.410783997248421018e-02
-1.129517406083487274e-01
-8.116401217763381803e-02
-2.572629352124789631e-02
4.143398327731274977e-02
5.071376219264046858e-03
-6.181032141247260608e-02
-2.131670416323894202e-02
4.657233906538037552e-03
-1.043745919646110326e-01
8.699473445219671475e-02
1.596214776825944509e-02
-5.186075219666558961e-02
-5.901644230898072524e-02
2.578797166717321926e-02
-4.626654161587150788e-02
-3.096500141984185467e-02
9.665319433458362253e-02
1.213804806070539755e-01
-4.285515132975428743e-02
-9.396836128318719616e-02
-1.318650943811620624e-01
-4.752807405845316940e-02
4.670585679584526861e-02
2.988142087966133564e-03
9.450417361850961540e-03
1.156037222781994556e-01
8.605415246615145952e-02
9.361391377530831406e-03
-1.509175182949045457e-01
-6.492753697076003583e-02
1.054183432794708886e-01
8.780275543994178755e-02
9.157152846419602810e-02
2.505787392093009047e-02
-1.138255889254081998e-02
-7.949495531020597805e-02
-1.619824953364259329e-02
7.427903970984681137e-02
1.020926482386865647e-01
-1.323280519767680019e-01
-7.246600930557356435e-02
-5.529308123284456394e-02
-2.875393534001167463e-03
-9.425997008344996764e-02
-6.493762293726235146e-02
-5.197927725712807312e-02
7.129260868066737700e-02
-4.308437335929362483e-02
1.878233739111703771e-02
5.455769939852291722e-02
1.411928709227261436e-02
-4.070535673594161824e-02
5.745908579002589889e-02
-6.954433749419922095e-02
-1.902780253432122259e-02
-5.915703575076028398e-02
-4.084345058705635134e-02
1.409274009037154128e-02
-6.407640890949516110e-02
-3.260069240709160404e-02
-4.040162855327097263e-02
-9.511394052910832064e-02
2.325278082561719334e-02
-4.113719257389043121e-02
-1.121116647732790239e-01
4.978752529758076473e-02
-3.706044172767565537e-02
9.356594395445005929e-02
2.919937952748072330e-03
-1.164518138565182742e-02
1.035432950146637221e-01
-1.280103900750728663e-03
4.095035205414133961e-02
-9.981145028879895298e-02
-1.225208822798609237e-01
2.499823084291349917e-03
1.635544047312020854e-02
-4.274538748306387637e-02
4.441238598472339177e-02
-2.764442328234084645e-02
7.105898242299740764e-02
-5.254807976129195757e-02
4.998528745437268161e-02
7.122442433296921616e-02
1.017827790175805658e-03
-2.698740069587966112e-02
3.456855397309357286e-02
-1.322524730518093994e-01
-2.580915223411824055e-02
-8.683529481045601517e-02
1.136283746015570931e-02
1.284699503649914809e-01
-1.026839395864356103e-01
-6.846758118750143063e-02
7.369767581858276129e-02
-7.672966169647355006e-03
-1.073734765498129545e-01
-1.336409538784839590e-01
9.600761310928519754e-02
1.031708781506367467e-01
7.915829384372526090e-03
5.867143719728673545e-02
-9.842175777946002291e-02
-5.065058194425634680e-02
-1.144030731088422764e-01
-1.059777511383081239e-01
-5.426586713948381574e-02
-1.150995225640458024e-02
-5.642049416511212695e-02
-1.075567820684962539e-02
-7.893841530883417834e-02
1.097265273633610122e-01
-5.878067282823119799e-03
-1.082731004337111613e-01
1.094841869674520185e-01
6.607314467524100232e-02
5.878449195009383121e-02
-2.265636858378325402e-02
-3.899550576756639214e-02
8.279833885974897945e-03
-4.489905550857233724e-02
1.007323642807526620e-01
-6.319518473856289287e-02
-1.427425830475398116e-01
1.834943283546077580e-02
2.082081804189526986e-02
5.541922805059709689e-02
-6.424781916070586296e-02
4.198853011507838739e-02
-6.462935657226208386e-02
3.555297319366862441e-02
5.764303407789554690e-02
1.382456502591474651e-02
-9.475880115677318138e-02
-7.389699690622143768e-02
-1.547585749684813466e-02
-4.615312991961484368e-02
1.895114648084327003e-02
-7.349408629903536605e-02
5.412352567470001680e-02
-7.003050619372479246e-02
-7.716061177166341767e-02
6.884020486521391646e-02
-5.904470921100393732e-02
-5.933847482025990383e-02
1.453755281066896332e-01
-6.550837258761189885e-03
-6.553952308246463465e-02
-7.331606303293820848e-02
7.015722395806181511e-02
-5.091285640378526156e-02
7.672559070409565307e-02
-1.365066025030603133e-02
-4.962182880237028804e-02
8.345641289822992859e-02
7.595314851881786178e-02
-1.108663084264842891e-01
2.869299594423876942e-02
-4.604866287601146885e-02
-6.836972467131095799e-02
9.229466416326444211e-03
-1.267180134076509312e-01
2.797255631215583849e-02
4.021107702798859540e-02
-2.388326183735471793e-03
1.020852924721188382e-02
-3.459725402750879475e-02
-1.486745639803770391e-01
-7.735239663815578204e-02
8.836122630046669424e-02
-3.882139870366869971e-02
-4.295302547487097472e-02
-3.388119329669779523e-03
-2.890356770293395564e-02
1.134710023189346578e-01
-3.384444476065150142e-02
-4.279316817176150728e-02
-2.282373007273217833e-02
3.278468716454117221e-02
-4.017231786547698774e-02
-6.195195655184172756e-02
5.295996582256459750e-02
9.184620109012370248e-02
1.069308401638804223e-02
-5.394003789640378077e-02
-6.630962471796747471e-02
-1.055686827612117296e-01
8.356989556341018477e-02
4.516452905470197399e-02
3.229398208902786727e-02
-2.594519387542934541e-02
-3.138967340393120781e-02
1.125234235880604033e-01
-4.725873796640477770e-03
2.219665359060936372e-03
-4.034812483158420338e-02
7.492535382709775149e-02
1.203686109707274299e-01
-3.675042919852299084e-02
3.098511143623054048e-02
-3.444087362679090075e-02
3.344216197569316318e-02
2.919364895056866110e-02
-6.799303218000625482e-02
-4.682730129696985322e-02
-6.994090509578473891e-02
-1.041293353659192705e-01
-3.824724954555495937e-02
-7.984674895216870016e-02
-2.038314016608589255e-02
-3.898843355916386394e-02
8.425897456177214306e-02
4.095239608433717121e-02
2.729301439007042474e-02
-8.361143893720462961e-02
2.027419029475721959e-02
-6.015834678696170557e-02
5.560603519043296611e-02
5.495585314133054344e-02
2.989632703065632502e-02
-1.060003347395382794e-01
2.847192904691763296e-02
-1.345386563156387438e-01
-7.231398956063339600e-03
1.472852812636916697e-01
1.479322781602053771e-01
3.049909698222284110e-02
1.896993177228693817e-02
3.267157945865212243e-02
3.236177653319449732e-02
-1.194155351938626236e-01
1.551920724190547322e-02
-9.508401548003735104e-02
-4.661580228462029740e-02
-3.516788518169775696e-02
-1.053589072140078547e-01
-2.746430129840091855e-02
8.433195966413983835e-02
2.774639676600351018e-02
-3.729500873261432092e-04
3.961091183185343201e-02
6.583256852316946017e-02
-9.759319707398185495e-02
-1.532590038577549829e-01
1.315618600686945805e-01
-2.431825214832757792e-02
-9.905641859817951311e-02
-1.568150081121366321e-02
-2.431761864796801523e-02
-3.318473198373083494e-02
5.178457852758179547e-02
-1.088475754947600127e-01
1.266324749333585728e-02
1.226024614929188683e-02
-1.930009519387450301e-02
-6.603533992252369478e-02
-1.470463890816692959e-03
7.929416521097076842e-02
-8.379564403986086707e-02
2.785712234029045359e-02
2.933738886550514222e-02
-4.290523808099566683e-02
7.358360986415761473e-02
-1.437550874812787982e-01
-7.732102023176268268e-02
5.582079869358942681e-03
3.525373530563039731e-03
1.088211987556098465e-01
-1.484897850615506387e-01
6.956530607690786239e-02
1.359192737231216808e-01
-2.473455507387462698e-02
7.099092865313982870e-02
-1.095683110448045644e-01
-1.025955030791652484e-01
6.811349110966735676e-02
-1.058761658374297865e-03
1.149506519994884964e-02
-8.379790708631002644e-03
-1.104290120208474141e-01
4.189107854383628676e-02
6.846568338255534791e-02
1.368406037852193391e-02
3.911190069262118763e-04
7.969199967086539049e-02
2.775331129996064586e-02
1.427863693711200477e-01
-9.358842497281391615e-02
-3.549714273369893036e-02
-4.290571382683167068e-02
-1.515603686616541212e-01
1.030860837201558189e-02
-7.574844041581560439e-02
-3.165456803695725074e-02
-1.662692553808519519e-02
-4.595659665238499558e-02
-5.385859407420106465e-02
1.099415062077184618e-01
-8.472823207856789926e-03
-6.354214815941071348e-02
5.944833818866337993e-02
1.175113107713799676e-01
3.508327839219728406e-02
3.268514539831295085e-02
-1.086099875848070828e-01
2.797978001311090396e-02
-1.856179391944809756e-02
-7.077243230200705448e-02
7.888251462813772319e-03
3.237744864875072986e-02
-1.891085462963838087e-03
7.490578324544977518e-02
2.201339722915024097e-02
4.451181081557574470e-02
-6.504023236364037119e-04
-1.104179331583103607e-02
-5.680798065310607020e-02
-1.289873602708064837e-01
-6.888279343122918896e-02
6.717027907582992508e-02
-1.170763259953175317e-02
1.809649820823385283e-02
-3.941739280658482225e-03
5.807862765181013437e-02
2.797167246529216195e-02
6.465248469749601545e-02
7.668898954931341327e-02
-8.865524168679535244e-02
3.383446369031670176e-02
-4.691413930978107633e-02
5.791766480869161432e-02
1.639515332436274064e-03
3.577635366790307692e-02
1.447322702872205769e-02
2.763129251904045472e-02
-8.412315145761854740e-02
-1.403202018696859121e-01
1.044731104094336754e-02
-4.708645859251527760e-02
-1.117554994051603023e-01
1.555555539692151865e-02
-1.354445076371796342e-01
-1.181349996609326741e-01
-5.414104633109238784e-02
8.941041222202152777e-03
-1.080173770536155819e-01
5.738125327033491430e-02
1.090726622551812797e-01
-1.591941121943418747e-01
-4.818031971456072232e-02
-2.881567230346980535e-02
-4.757840710402454903e-02
5.997180563287718424e-02
-1.647641216841880946e-02
-1.139803866547815098e-02
4.918001046373328411e-02
-4.630303459210675238e-04
-4.002441295290599943e-02
-8.187733065833215085e-02
-5.182550105914294006e-03
-3.757025376394613342e-02
4.490367499399365060e-03
-3.459103191466161853e-02
5.082444727531747197e-02
8.102012768631190742e-02
-1.172250107511043152e-02
-8.172032403988371829e-02
3.361525927862294566e-02
6.751777825502087993e-02
1.700360389552937543e-02
3.805728484595216621e-02
-4.863392950207648391e-02
-1.265581972447817893e-01
-3.574025379865473917e-02
-3.367571164311541909e-02
-3.357828976488057282e-02
5.131202793302177406e-02
-1.234859258641494636e-02
2.796247905652728127e-02
-1.720332485727223831e-02
-7.061812240773082672e-02
-9.297105550352978420e-03
9.941306744383010541e-02
-1.028959109752188433e-01
-1.217469884041399580e-01
-1.298078446675857422e-01
3.321248141235907253e-03
1.042583682092791952e-01
-1.169322689808142100e-02
8.860218551478876714e-02
6.081502079030205732e-02
2.616468161582275603e-02
3.304740921819236676e-02
-3.438242954817474425e-03
-8.860184103038086512e-02
-1.768284814679478290e-01
5.171513859730215990e-02
7.945201370375340466e-02
-1.457391705511403845e-01
-4.311252189881991520e-02
-1.261016600378781494e-01
-9.597884342203173019e-03
-3.056449680564985588e-02
5.570545706456472151e-02
-8.030323327472896344e-02
8.864613243639471452e-02
1.015371311719378694e-01
2.774579080161937092e-02
-4.080986207738717536e-02
-4.869401938712657196e-02
2.647238411446121292e-02
1.168428279300736533e-02
-5.708436513951372498e-02
-3.911866035961762689e-02
-6.347678213218040100e-02
4.412114147685125554e-02
1.994466057078517901e-02
-8.990680808837811511e-02
-6.452982800420500875e-02
-7.219003004246552641e-03
8.233521985928951570e-02
7.335744019889670064e-02
-6.365246544399578987e-03
-9.370203561488751887e-02
-1.340878628667754591e-01
-2.394737137881330219e-02
1.185890887351225692e-02
9.381268251210353459e-02
-3.269686949585581121e-04
-5.553014403700283486e-03
1.451278812590860445e-01
5.662392014149172231e-02
9.200222831655420486e-02
-8.071717268794512123e-02
-7.333332501143380311e-02
-1.895263990110330208e-03
-1.091036696995034694e-02
-3.175576034383262303e-02
1.269195240305519001e-01
-4.987047590867058067e-02
-7.235528625893716814e-02
1.403472953402784551e-02
7.365611798720159663e-03
2.761638203298222294e-02
8.692860657704379324e-02
1.678607849935946292e-02
2.362464056936930054e-02
-3.945787055666991061e-02
8.131620807516153071e-02
-2.485530114652669334e-02
-7.652899922969723379e-02
-8.622354282620019877e-03
-7.625338182051723257e-03
4.117335421741611517e-02
6.757320543911807254e-02
-1.638882333854822793e-02
-6.799143055971017258e-02
9.918553417368911052e-02
1.625238717194832372e-03
-6.335970349383603095e-02
-8.828293667266631783e-02
9.043152128594935529e-03
-1.274331180934851204e-01
-5.718573553192829451e-03
1.518607768326037388e-01
-3.115747413634094298e-03
8.280877385646998046e-02
7.191252239205193908e-02
6.398526433266805979e-02
6.478672166061100191e-02
-5.935066154545361877e-02
9.581087794559092763e-02
3.729018852731799671e-02
7.003680319349145367e-02
-6.181817253240748378e-02
-1.227046520458558165e-01
2.591370853434560306e-02
3.952972235721236016e-02
-8.427513189601672228e-02
-4.856103457723380534e-02
-7.352970058197691450e-02
9.696983538425318905e-02
3.308522089404448974e-02
-9.185083092906341784e-02
2.457084940413617816e-02
4.287606887612433609e-02
-6.979187851590373803e-02
9.318149432848116254e-03
-7.859605577649005081e-02
-4.801484668258394067e-02
-2.970098211459576421e-02
-3.455508882407403587e-03
-1.323637310254772159e-01
-9.630623490032201583e-02
-5.121994777160957663e-02
-3.075537962035852779e-02
-1.155010969683628874e-01
8.689844126497749122e-02
-1.284008851650447203e-01
-4.493523780050076577e-02
8.738306670864778164e-03
1.870340812420177856e-02
-5.299620711784300275e-02
6.942765070481703854e-03
4.197344931583316119e-03
3.714930184823359016e-02
-1.829774460608127040e-01
2.057328968020213228e-02
5.028853969430822912e-02
4.859219210279454304e-02
8.777800958288088651e-02
-3.512761630384111933e-02
-7.627874378316357173e-02
-9.476341578672620169e-02
-1.051702609657896026e-01
-2.924193284293864770e-03
-4.592206946954901364e-02
-3.485862004793884722e-02
6.441749426033607784e-03
5.236587310564494446e-02
-2.258734357901664991e-02
4.654782904298913893e-02
6.989679288430039605e-02
3.834598650677449594e-02
7.229609358372723893e-02
-1.186606541701006046e-02
6.880074894882433345e-02
3.436290158709098125e-02
-3.385873268892478777e-02
4.666430727035271453e-02
-2.711652997877592175e-02
1.722612085120545783e-02
-3.603953475925982669e-02
-8.448448898472698046e-03
-7.946156090787910575e-02
1.804986807726893794e-01
1.209084168645742502e-01
9.200801107547929014e-02
-4.732786372944264991e-03
-6.086880862508674273e-02
2.397421962575549750e-02
2.685656219615900273e-02
-6.181128034096536328e-02
2.491152917859673632e-02
1.100477421423952662e-01
2.604209818144366528e-02
-9.904122521359323694e-02
7.823908817991584441e-02
1.657571058227525485e-01
-4.639396082317630288e-02
-1.847228647711673943e-01
-1.525363368639414130e-01
2.939547040656846633e-02
-1.612257620437722999e-02
7.315704451518062479e-02
-4.778446636096474187e-02
4.675938587501801691e-03
1.300157616599683930e-01
-2.394749137817757390e-02
-1.115788722531354665e-01
-7.673688584296881054e-02
7.706201451975952521e-03
2.614780278419315263e-02
-4.300064609803713744e-03
-1.499847440088621087e-02
-1.436080799755809490e-02
7.870419197560410418e-02
-8.306555074020761931e-03
-2.486274423512833606e-02
-6.990119757062907002e-02
-1.457527370007965888e-02
1.335997846374262221e-02
-3.775935043797684632e-02
6.992205811961922646e-02
9.803827795673669687e-02
-8.434009497432420899e-02
-6.044455328367374231e-02
-2.892437116740367159e-02
-1.588994194160648632e-01
-5.946433516658919394e-02
-6.679026213774016951e-02
-5.058195649834510560e-02
8.976501127060161622e-02
-7.642593662676507027e-02
2.078205464167713623e-02
-3.254525001146225949e-02
2.034461423663605495e-03
3.711283612963028888e-02
-1.780976069683828933e-02
9.138610781990207099e-03
-1.293719349235121774e-01
-2.718056642211384710e-03
-7.747593255184259675e-02
8.921096495064013976e-03
-3.077101859540477824e-02
-1.307136158776793233e-01
2.599866774163219624e-02
2.029067247781863453e-04
6.896734524001442435e-02
-2.600961242226469683e-02
-2.728717029267331562e-02
3.721046297118375812e-02
4.239533602043165511e-02
7.957141554417826446e-02
-1.793879587169273232e-02
6.650159407118039212e-02
-2.808973205877027257e-02
-2.535324835959817946e-02
3.533838410511887934e-02
-1.045451334275670635e-01
5.875871236960710647e-02
3.263334950080304386e-02
4.143741694049987712e-02
5.630840463823631736e-02
-5.824446538181701077e-02
2.196844690367158806e-02
4.386723694762949266e-02
-1.690233971946980551e-03
9.040849652141769166e-02
9.902680047225746740e-02
-4.577945446904165688e-02
-5.430585152478701466e-02
2.713832431528256928e-02
-3.676382674358283364e-02
3.645315019164441922e-02
-9.612404870591617634e-02
2.354983157563083490e-02
3.805260699462964524e-03
1.280726157785570807e-02
-4.873449928693522615e-02
4.366246005772975169e-02
1.112474548220503817e-01
-1.517518833095982123e-01
8.164996488175105260e-02
1.722788173538660622e-02
-6.182934651163117523e-03
-4.785351719518531055e-02
1.151247718218919303e-01
-9.379385399135985180e-02
1.311922660023508852e-02
-6.601270533134445673e-02
-3.347834916609596090e-02
-2.957054863047064996e-02
-1.547119066892959638e-01
-5.581343100163096288e-02
-4.832334583056904775e-02
-3.923614167436344918e-02
3.372113543707995487e-02
1.832821514645436439e-02
-7.478492206810241627e-02
-6.013850746440813078e-02
-1.072090427497422171e-01
1.191942790295927312e-02
-8.148539881923981543e-03
4.303329139600520215e-02
2.190519492625796205e-02
-4.495491203997534907e-02
-7.404632286672177544e-02
4.983922104403083059e-02
3.792291451437317107e-02
-6.507008764250106492e-02
-7.415361418442936725e-02
-1.240253726680157070e-01
3.503377064067035584e-02
-4.870632727485044861e-02
6.709404323874701426e-02
-3.091411190601523612e-02
-9.278183042113065382e-02
-1.023869537958310150e-01
1.490394075167702503e-01
-1.011103265607584678e-01
-1.804892429934452577e-02
-5.057510609393056633e-02
-1.068452296166950977e-02
-2.326489852869421254e-02
-4.335663000778756243e-02
-2.721810359474386917e-02
-6.279158754664920794e-02
-4.657427091157115284e-02
-1.653800009766760726e-02
-2.002401847693242171e-02
-3.324154371648679884e-02
5.243977559824766765e-02
5.822007562220503363e-02
-1.707811624901313940e-01
1.328426374033720159e-01
1.967060837326693734e-03
-2.169850206771341272e-02
-4.073523628814637587e-02
2.707502582170438765e-02
-3.551303728200162768e-02
3.309013183857970053e-02
8.660129646266068182e-02
5.130343362212184607e-03
1.346020241942080808e-01
1.025218140646808052e-01
6.580038466587347090e-02
6.260325864010721220e-04
-4.141242135819823977e-03
-1.656302751754383240e-01
2.638892207977708293e-03
-1.104195747481822309e-01
-1.007743928867903815e-01
8.189613178894941670e-02
-2.925390135264668845e-02
-5.451592238468429275e-02
-3.032179117074868674e-02
1.686533089378890529e-02
9.566224724260909140e-02
4.541547746562821924e-03
-3.760215600135044522e-02
-7.454879957017931935e-02
1.111399374415194125e-01
1.423357280060518620e-02
-3.145074972585067130e-02
-1.392521594073409807e-01
-2.006081304835412651e-02
3.642850719341953619e-03
-2.533833971550511141e-02
4.388384015953238765e-02
-6.058723674625610123e-02
2.364051687385591502e-02
-1.010213044115218853e-02
2.029374150338831770e-02
1.586883606099489391e-02
7.417594626457696405e-02
-8.078470521732938892e-04
3.092239367895937424e-02
4.157441253991427110e-02
8.844926248259679658e-03
-9.710462410946525680e-02
-1.117864252136707148e-01
-1.040604120335178323e-01
4.711879819686110721e-02
2.272845852171100078e-03
-2.157847836822121904e-02
5.742070363145093670e-02
-7.747096753523936841e-02
-9.585991029760598803e-03
-6.108627563858345932e-02
-6.031706202720149568e-02
-3.902208000052272141e-02
4.674087210372590562e-02
3.830589845583282776e-02
-4.264917141387024324e-02
-3.936016859127260126e-02
-1.062033129014367527e-01
6.516364147946741847e-03
-1.794616455741057937e-01
-3.974748565172206427e-02
3.634607730043588891e-02
-4.328467175688980456e-02
8.073716107528425279e-03
7.051580150809597103e-02
-4.545976092606467817e-03
3.457569298035119421e-02
-6.417863075475417622e-02
-1.810494029556769524e-03
8.776956336586483332e-03
-5.993823638708770801e-02
-2.158124372492549459e-02
1.107204464950078127e-01
7.357245256066281824e-02
3.146648698984332720e-02
-1.618457686795191086e-01
-2.382237012008625587e-03
-3.357852657094831383e-02
-3.740153162057214403e-04
-6.989094862573615174e-02
6.818283563307998840e-02
4.022898394835577873e-03
4.694179214036116668e-03
-7.822859077599636501e-02
-1.173274797015840254e-01
-8.028713413843041602e-02
2.305164431091862726e-02
8.289441013403929526e-02
-7.060300721941246971e-02
1.022785050744572238e-01
-2.840247962271489832e-02
-1.836893254806109543e-01
1.767269458377886820e-02
4.354122605857914385e-02
-1.118976792793930086e-01
-4.454684995155467481e-02
-8.902574528482087857e-04
1.415270740431225915e-01
3.654963967136577035e-02
6.755774018808582970e-02
2.098902387761105923e-02
-8.129831625470151923e-03
-9.076595930645350863e-02
1.449186204298997388e-02
1.025519226244074739e-01
2.818298756262562280e-02
6.802433431645464601e-02
3.948737312085492945e-02
-3.106012633519726618e-02
-6.104459664972195811e-03
-2.025831998275956503e-02
6.000446559797074225e-02
2.280297728665845944e-02
-1.072466133664552387e-02
8.682801514715662861e-02
-3.890529644410734705e-02
-5.740609600626118969e-03
-2.206154542901521409e-02
-9.225723151095455155e-02
7.569141079143416884e-02
-1.421118790754512529e-01
3.487080617868029697e-02
-6.253304067232964836e-02
-3.216327043577435485e-02
-9.075587805772628025e-02
-2.459771571652702785e-02
6.540226637128938869e-02
8.885821838486068769e-02
1.462261740115425868e-01
1.015908543038481077e-01
7.103832677163202276e-03
1.127648377008879238e-01
5.612941373188606864e-02
-4.287451937435275001e-02
-3.612800907490761049e-02
-3.692362291137100960e-02
-1.126220826222364274e-01
8.359566407225849094e-02
-2.513737914348172786e-02
-1.238947319313875653e-02
-1.262142233167253547e-01
1.050263735736590431e-01
-9.570378280918330482e-02
-1.019855360816264572e-01
1.273248070211463467e-01
-2.721892785964837719e-02
-3.865594981334444236e-03
-7.113037035181363210e-02
-3.397226120794481774e-02
4.130865429579930193e-02
5.962644165889964543e-02
3.245077019980907584e-02
-7.079114832636712595e-02
-2.322067706883809007e-02
1.706142250249826076e-01
5.066535635014976502e-02
-7.873368662196217338e-02
8.749154474952600125e-03
2.951054483692490404e-03
-3.614414297266489717e-02
-1.920233110561192502e-03
-6.371799140425743468e-02
-8.803413521855329993e-02
2.506342599509642222e-02
-4.672770332973998075e-02
5.753380444785707870e-02
-5.363967425879770379e-02
-5.989511820777543988e-02
-1.118827409764422409e-02
1.218920562793550724e-02
-7.091259201469733708e-02
2.640375376268888630e-02
5.469308606618578789e-02
3.149447688724219679e-03
2.949003236649708551e-02
2.398416962847615616e-02
4.570328736579749168e-02
-1.145383612193450057e-01
7.614518073941478615e-02
-3.000427837335166437e-02
-2.455338411346716376e-02
-8.301697170479278853e-02
1.105442171084433396e-03
-1.134660082597663544e-01
7.702537065204040356e-02
5.612605343736543073e-02
3.057528148276940014e-02
-1.010618084681338680e-01
7.603763700108492896e-02
-6.499855549156188100e-03
-1.342203059843211366e-01
2.847945616675555056e-02
7.410922241926853893e-02
4.278551959242288261e-03
2.350623837813113626e-02
-3.344491257250166438e-02
-5.861245419189721473e-02
-4.252934240858734227e-02
-1.140223647399885160e-01
4.270563283028805390e-02
-2.510308577977046762e-02
9.607634745687997080e-02
-7.205146065536180422e-02
3.480268583029934998e-02
-1.046715197773008810e-01
1.009034522885333962e-02
3.229093048575892161e-02
-6.601011874292905812e-03
-1.857593475945965023e-01
-6.221933293741956778e-02
-1.202372591927901857e-01
-1.124562782027078295e-01
1.039327475032640266e-02
3.255782225340773939e-02
-2.922601202447239893e-02
7.627016614646063564e-02
3.060193039446438765e-02
-8.502049856600007310e-03
1.412006590214551216e-01
-6.545246962645459576e-02
3.456337819787327903e-02
-6.738235255443397742e-03
3.631247916266044234e-02
-9.759915644320169004e-02
9.327591229352186208e-03
-4.522959241913986767e-02
5.538641361968058702e-02
1.460568849567373331e-02
1.082021634539071242e-01
-4.585330292111432227e-02
-3.528372555616075823e-02
-5.089523276444804512e-02
1.643625626316029265e-01
4.701662599293729428e-02
-1.099491308313783611e-01
9.778913632780893150e-02
-1.745931129955601846e-01
-8.079218794994830199e-02
1.978244761194064213e-02
-5.434601922554131020e-02
5.329943270232709307e-02
-1.184822322233640979e-01
-3.857776225241247442e-02
-1.257052602830310006e-01
-4.986262944118471929e-02
-6.528657013133921938e-02
-1.804589860499678650e-02
9.256993089239806682e-02
7.195769946892974223e-02
-1.631757277250621418e-02
-5.191452704299316656e-02
1.080061398121971439e-01
3.178122941116046096e-02
-7.422832023181863415e-02
-7.532624752076175212e-02
-6.410768677185110787e-02
4.392978460044182076e-03
3.073672050625146299e-02
7.680747063339748992e-02
-5.289013293894223589e-02
-4.282627894496382481e-02
-6.072745488327750685e-02
-1.509460198306917245e-01
-5.004166191429612609e-02
1.052224291956767588e-01
2.799471039745908899e-02
-8.645190851847192604e-02
-1.063524081377970054e-02
2.100304641131115965e-02
-1.398758415000671551e-01
6.117680111230161533e-02
-2.705757063456133357e-02
-2.909391965314470085e-02
-8.726653322546676361e-02
-1.501796960766704075e-02
4.920765337215215335e-02
-8.324565526159344309e-03
-4.794875295231544599e-02
-1.111605174286440650e-01
-8.585597591827660163e-03
-1.679446555965323773e-01
-9.351904407160073485e-02
-3.280874976754498407e-02
3.131866771991687060e-02
-4.686388092200118732e-02
8.141541848172870188e-02
3.857893052551963214e-02
7.581099201469682081e-02
1.522076778074210254e-02
-5.895704148802720368e-02
-3.584912289533798840e-03
-5.452918574938778185e-02
-1.193534285877046186e-01
2.426945746627215406e-02
7.755627432712436375e-02
-4.419379589744594494e-02
-6.461243622245092799e-02
-9.414388688652404469e-02
6.313892005053742262e-02
4.570714597713307695e-03
-1.481637233939794851e-02
9.063127681702319582e-02
1.585880885993779660e-03
-2.184431634547421425e-02
-1.559755688756211400e-01
1.917919228907369669e-02
-9.121255423894851500e-03
1.182267405412193439e-01
-1.234488408871121934e-01
-3.639124094988242103e-02
8.211948404535919510e-02
-1.105974731998167482e-02
5.829106816809368624e-02
1.123982540668235636e-02
7.810123946823681329e-02
-6.139752122002534868e-02
-2.111102950407649226e-02
-3.553816063287298238e-02
5.897681417636815165e-02
-4.985729033455427867e-02
7.417575858689982871e-02
-8.579467171940943770e-02
1.446462936748602740e-02
4.496097057042608425e-02
1.612583116739333203e-02
1.244512326762831772e-03
-1.440382771131576978e-01
-8.176524363663305317e-02
1.093723188960407655e-02
1.027083464588785661e-01
-5.781245366879260439e-03
-1.237379511485990624e-02
-2.709404424812042814e-02
7.057886545489028274e-03
-4.036375061790281604e-02
4.184249400949065917e-02
-1.227748709533221655e-01
8.808648122273754488e-02
-9.258240501755827037e-03
-4.229885626388521502e-02
-4.434783655092658372e-02
-3.881791164840794200e-02
1.669401807283617950e-02
8.944118105260072393e-03
-1.517702124429917143e-01
1.229272340241691491e-01
-2.004172109086001935e-02
9.352281268436105077e-02
-5.967078238532634582e-02
3.084039190596076473e-03
-1.226529167120011393e-01
-7.844847087424181020e-02
1.059955273915976631e-01
-1.246451769441843660e-01
-8.287515647565692201e-02
-3.920190184235478048e-02
-8.677697825045618818e-02
-1.127114426446385598e-01
2.906529669598467702e-02
-9.061682937568275864e-02
-8.290345023406817115e-02
-3.398863531453714948e-02
-1.019344256718791586e-01
6.565104899950727213e-03
1.055452285691065029e-01
4.126727540024178326e-03
-8.820412654266146513e-02
1.155052597051524355e-01
1.550460741954982902e-02
6.518493284416194966e-02
6.641651953191295144e-03
-6.495790185997045441e-03
-6.083250932134347255e-03
-1.277697118883534821e-02
1.133447362828542554e-01
7.783026679147111992e-02
1.027177085290237185e-01
8.683071680076233367e-02
7.749511998387566269e-02
-1.260043039646840113e-01
1.421663673894346391e-01
-1.788570160913303952e-02
1.290723531281756653e-01
-8.851495205115797460e-02
4.609860808353938300e-02
1.272501733374473837e-02
2.884290189846502178e-02
3.477290040785665365e-02
-6.432904069061207153e-02
4.622714110330695958e-02
-8.336463802177813964e-02
-9.103719674232307879e-02
9.159170271111385930e-02
5.442772795234084027e-02
-7.147987325920314439e-02
-4.264380007941502571e-02
7.403470744938694947e-02
1.602284996126784183e-03
-1.142659681873080396e-01
1.003538460044831743e-02
-6.806747747804590097e-03
1.402123089791417615e-02
-5.998255442852738761e-02
-4.708205227744801519e-02
1.422241590063581113e-02
7.723508097244382274e-03
2.900953324916769049e-02
-3.574219061938006814e-02
-3.931279996204373184e-02
1.035888949056042729e-01
-8.880928063669155104e-02
1.407845003596701339e-02
-1.635808400786555039e-01
1.275371222738754806e-01
9.858972389699618977e-02
4.939312940983918432e-02
4.588856372552797824e-02
1.075211282436173421e-01
3.087206681426236249e-02
-9.637386697017313875e-02
6.521575141820530608e-02
3.190175616149466126e-02
2.328532112389117628e-02
8.109550963850187255e-02
-9.682572493927246726e-02
-9.040665418696977595e-02
-9.628292916690511793e-03
-3.701030665086375848e-03
-1.606626154723105326e-01
-8.012362530087485668e-02
-1.222228919674559627e-02
8.982272621148720826e-02
9.927152737405860183e-03
7.212587140640092098e-02
2.631019537717577128e-03
-1.075871584046323715e-01
5.405967674261884237e-02
-1.073069748366045351e-01
-3.416651090672441493e-02
-4.500518850181005337e-02
8.918587184984094751e-02
-1.238270802287194661e-01
-4.170616028303165967e-02
4.634038814390403771e-02
5.501276722405400166e-02
-1.935415862254341937e-02
-1.922880048779117973e-02
-8.521231747121454925e-02
-1.301311845791615629e-01
-5.479699186609737760e-02
-5.634822817811078327e-02
-5.814678021670959505e-03
2.777673731220518111e-02
-6.129821233603631458e-02
-2.384717904263576604e-02
-6.368902119356076308e-02
1.274013181313540799e-02
-4.227858422116126391e-02
-1.603425503318148537e-01
3.041659391383842725e-02
-1.022007150805459702e-01
-1.752111933433301849e-01
-7.961899807928661532e-02
3.295277845866205479e-02
-7.544493210966056462e-03
8.323754079527367900e-02
3.198457565467612007e-02
-8.788695636774777886e-03
-8.736318564988491964e-02
-2.910781203269375422e-02
-1.792023757025447417e-02
9.410615935883655248e-02
-1.189550945085656175e-01
1.655363506401224399e-02
-7.281409999323636140e-02
-9.123375231359726056e-02
3.291194306790352214e-02
1.042517099831302141e-01
-1.077297945615822428e-02
-2.381736294078811225e-02
-1.326040886271466213e-01
3.623454925499381557e-02
8.278134931273117836e-02
7.296127453345188640e-02
-2.733679730735041544e-02
7.782414245497765171e-02
1.481757323943395654e-01
7.677004291596477292e-02
-3.728255914864356257e-02
-1.082727821064024820e-01
1.039068097370352550e-01
-7.813253155882840528e-04
-6.958415110091478728e-02
-1.205121136341199689e-01
5.594386047584011534e-02
2.014094594572704566e-03
-8.787658675003093278e-02
-2.149262106508393125e-02
4.160496356157596110e-02
-1.639390698800995139e-02
-1.699451949084135327e-03
1.930169964021411222e-01
2.405598016925651270e-02
8.481987578362343294e-02
7.895920018178341493e-03
-3.179587549551418646e-02
-1.464614044060553316e-03
-5.435841680707088203e-03
8.186077208522865578e-02
-3.556914352492417108e-02
1.510965762542388346e-01
3.219178311434296030e-02
1.207350038174135470e-02
7.052288018728322672e-02
-3.510295220240775005e-02
6.858052014415597086e-02
-6.597412725424507685e-02
-6.847011184966669828e-02
8.971735911698195884e-03
-2.589066607731035918e-02
2.720460580460772049e-02
-3.284256179311974277e-03
-2.585052669027953706e-02
-1.331079459951824973e-01
2.923619409073507230e-02
-1.020378947871475178e-01
-3.977706625701380588e-02
-2.610063702348810327e-02
-6.275913984601481227e-03
-7.841085893832733245e-02
2.947724856617447986e-02
-7.595783418998175440e-02
1.083089212865513545e-01
-5.645116095653671118e-02
1.362842686439210416e-01
-6.785734433444906566e-02
2.734527670717236403e-02
1.451395973871944661e-02
-5.444734772039196147e-03
-1.138455484932525408e-01
-1.200994992665653516e-01
4.950724490998312938e-02
-2.657412152097919297e-02
1.520335235925322076e-03
-5.010415548688775672e-02
2.237692385771471171e-02
-4.001718286262003627e-02
8.370352940240903539e-02
3.201575567988550891e-02
4.690272034115645916e-02
6.696836016157212135e-02
2.558424446459425794e-02
1.205087488204119317e-01
3.200255168967302416e-02
-1.128531468591575798e-01
-3.033138701708095950e-02
4.265017009388557406e-02
-6.560908101510386226e-02
7.536841849440305274e-03
-6.880195868867869380e-02
-5.811267631254971207e-03
-7.931501053161688075e-02
-1.083430448942305918e-01
4.625203450292474094e-02
6.408150572616927443e-03
-6.258057880643125293e-02
-1.183698820706349381e-01
6.142157200073761203e-02
4.795134284428289456e-02
-1.142078914470197153e-02
6.210982124297426132e-02
-5.472298146867968227e-02
-8.896738599977888073e-04
-2.445239671029006412e-02
3.375593298671867443e-02
-1.640892896533811124e-02
-9.454112523929517065e-02
-6.775741834904516758e-02
-1.179530830503543182e-02
4.555138117892550825e-02
-6.572705619409918709e-02
1.530023884927129291e-02
-2.094431709624659799e-02
6.862779023325796257e-02
-1.563578182017694163e-02
-1.907272379106669802e-02
3.179269539467333844e-02
-6.669861521356565404e-02
4.698402853963244696e-02
-5.934324482639032408e-03
-8.966334446142712467e-02
3.424219640187334268e-02
3.546463448546809810e-02
-9.195571950981583365e-02
-7.553501519297969868e-04
-1.195004423056948706e-02
-1.031474504121002583e-01
1.324606924057034896e-01
9.253203051261391088e-02
-4.981471717384513415e-02
-1.418082539741707948e-01
1.053354677489650587e-02
-9.511894775318999184e-02
-7.551948009832391839e-02
8.829397350200850203e-02
4.162225800375062706e-02
-2.972383957912277941e-02
7.902835474306146857e-02
9.676513603787254003e-03
1.198875450616875005e-02
9.896142205262539737e-03
4.465944534097780749e-02
5.801991054297300082e-02
3.798744518572340356e-02
5.836651428740859127e-02
-1.547950916905505361e-02
-6.770827136716207895e-04
1.036539714875440825e-02
-9.414805975034107322e-02
3.171580650368194254e-02
4.348153919354197372e-03
-1.414632148277640208e-02
-6.588437600408598993e-02
3.942428488781131446e-02
8.364741720923488111e-02
8.118536068642353068e-03
2.459324635166904027e-03
3.396484463410981425e-03
-1.507491368838982382e-01
5.113086458562467185e-02
-5.792164534820035127e-02
-7.794234682959526317e-02
7.417206920687741123e-02
-3.396273169868227471e-02
1.056694869246202345e-01
-6.299022105347727718e-02
-6.782269483647042352e-02
9.488150670898344574e-02
-8.439698843892237679e-02
-3.601826725781516469e-02
-4.902622093442086937e-02
-6.254308015470159965e-02
-5.449077157385420755e-03
5.366554208854500130e-02
1.338374864240988726e-01
2.070393177730308482e-02
-1.267695590068740885e-01
-3.808663326724130022e-02
1.698720644617331410e-01
-3.493089705425769798e-02
-2.647820461773137124e-02
5.319184108429673985e-02
-2.503384228129683364e-02
2.050907245403912893e-02
2.304642030761204843e-02
-7.223007213888310574e-02
-4.020358325367787838e-02
6.470670073215696594e-02
2.990589865009891934e-03
-7.622382823256718121e-02
-9.349592010393203978e-03
-6.884567940403459041e-02
-6.564173521973154513e-02
-1.163115592405607884e-02
9.504251446789450941e-02
2.300625896727891487e-02
1.657061953915447278e-02
-5.904714987379003355e-02
1.195556225788640611e-02
-5.676842307200933441e-02
3.655620888038816491e-02
-3.590103860640968259e-02
-1.014786387678066060e-01
1.023667349198810819e-02
-6.879627543833100045e-02
1.218639838995476121e-01
1.023479782846032221e-01
8.374373708874238709e-02
-6.002506654244358503e-02
6.176443706011526535e-02
-2.715260518781474619e-02
6.757657167798489239e-02
3.078912860319915623e-02
5.667169751124523369e-02
-9.773692531600901290e-02
4.292664474326058494e-02
2.000214314233635104e-02
1.407498670260656226e-01
2.214050636707134631e-02
5.703198378229326626e-02
2.283250899189535540e-02
4.062049475538849486e-02
2.048052175740726344e-02
2.590813179358727493e-03
-4.844319146090630274e-02
1.307511505472438995e-03
-4.264458710157426058e-02
-2.560246411089400764e-03
-1.272277064849812456e-01
1.172111283352580136e-01
2.670988813401925510e-02
8.143357548032609250e-03
1.187105723694674569e-01
4.763313484481070809e-02
2.531748153484020616e-02
-9.665907878719243174e-02
-4.581622666198884725e-03
-6.393257305177163508e-02
3.354960310509598476e-02
-1.226747008642037617e-01
-7.035004534398633935e-02
-9.965244258139539790e-02
2.312608626089095176e-02
4.949768925397983466e-02
-4.680263124027177896e-02
-4.853510255021081798e-02
4.939035807516473087e-02
2.758184141933041691e-02
-1.448898076899747533e-01
-1.087256057491557543e-01
-7.568654853782049580e-03
-6.547497643704908166e-02
-6.586757511141223820e-02
1.202575047963351657e-01
-1.054828016358907300e-01
5.073075815803772953e-02
-8.700374989187587005e-02
1.543579658784502949e-02
-1.457326770165444929e-01
-1.606416228753088371e-01
1.121958779269367594e-02
-8.197324086975643631e-02
4.679097005362554268e-02
2.705732733925790556e-02
5.446641820998641970e-02
4.122787503871766512e-02
-6.898110207158682228e-02
6.697949140537799717e-02
-1.110888957900340035e-01
-5.354007149872728327e-02
-9.568417739067013039e-02
1.342924336906995975e-01
1.353039426773961496e-01
-6.873812734808742997e-02
-8.198947516079904685e-02
6.528162645817610354e-02
-2.768423593788508705e-03
-1.291483970739718684e-02
-8.067713186903936740e-02
3.521324012850001600e-03
-4.230345080424337267e-03
7.076856780048879081e-02
3.618459956776270275e-02
-2.702875783234318097e-02
6.062888651109449994e-02
5.010647814582269710e-03
-1.191435464592769528e-02
-5.560046029869736284e-02
-7.437154012725470664e-02
6.690267923715698117e-02
-2.266720868207163994e-03
1.008293684536916424e-01
-2.123079866823863321e-02
-1.189672674446487083e-01
1.404121438700723160e-02
6.019035704904172890e-02
-2.888992817337729044e-02
-4.026918007342823735e-02
-8.422363141800937036e-02
6.899236726971988420e-02
-6.830905541716364437e-02
-1.944200576847382456e-03
4.710589635667070812e-02
-9.868877963694949740e-02
3.875950314980765310e-02
-3.128471188433543104e-02
-2.988325833329233058e-02
-5.636303608820483757e-02
5.074337763431782666e-02
1.276907165868303856e-02
-5.758538989999955823e-03
6.497990711036105704e-02
8.648545651593414485e-02
-1.142936921727290625e-03
1.416633651530132543e-01
-8.319561868457898968e-02
-1.932108753191304901e-02
-7.662651322023314449e-02
-3.745422634993406802e-03
4.652603635928741210e-02
5.731779698278960389e-02
-3.025982356104905957e-04
-1.145986688735048248e-01
-3.349312660998973734e-02
-5.812692622968265027e-02
1.053934720148344273e-01
7.893237552427989634e-02
2.683206864628252808e-02
-3.372786395334215898e-02
2.661750230494457081e-02
-1.026750999790719959e-01
-1.961105142098962251e-04
2.925063655545356855e-02
2.996497487634305901e-02
-6.821959651802650404e-02
4.507388200128616823e-02
-6.942815348323816416e-02
4.873475796830190054e-02
8.451729175617275769e-02
-1.546473191519157075e-02
2.656839932474816535e-02
6.161816066065372438e-02
3.221632598616459842e-02
6.093730185144073663e-02
-5.591578543018339842e-02
1.075160316478004918e-02
-5.681259807381763838e-02
6.831342176708399272e-02
-2.649535619570774631e-02
-1.047592129601859490e-01
5.050434711205932514e-02
2.798350710828149956e-02
-1.086847199364449068e-02
-1.040096098248760315e-01
9.141235858629509492e-02
7.531506102977233996e-02
-9.409517211565737727e-02
-1.327049192156400936e-01
3.606901568269139241e-02
5.222683287543229691e-02
-5.207405706836833181e-02
1.410274334404836016e-02
4.694655505239220261e-02
-1.010462627295442492e-02
-1.292650801201329913e-01
-1.356442074560243460e-02
-4.263117112962699906e-02
-3.551235408613220845e-02
-6.380759651161199697e-02
-1.233758402758679956e-01
8.100050071453718248e-02
-6.769202888965428211e-02
-5.998349037063327449e-02
-5.633558388589290922e-02
-3.503673205222334469e-02
-2.109106193572911347e-02
1.304606008590827038e-01
-4.690106472736812332e-02
1.058100661994961639e-02
-9.261337929878597774e-02
-5.629371670121307430e-02
3.839357388907406118e-03
2.343403511933302152e-03
1.727427018832193573e-02
-3.621174001024821121e-02
-3.939426839154061555e-03
-1.194697643043706597e-02
-6.358982217025516137e-02
-6.050162967860324426e-02
-2.682617358860946155e-02
-9.252924983633338540e-02
3.405058510942744060e-02
6.358764986065734703e-02
7.117805528686890759e-02
-7.198980096721804833e-03
6.670225050682025703e-02
-3.007780284319935479e-02
-1.425523759725240425e-02
-2.629098359086467704e-02
2.217068509795670772e-02
3.858343041954172270e-02
4.687640102188783686e-02
-1.063837214819041976e-01
-4.694581011320664299e-02
-3.033440331138945872e-02
3.618866286583075770e-02
-6.981043195422623193e-02
6.720015299076231852e-03
-7.012649464444352387e-02
-4.427366343470168220e-02
-9.752668885302594182e-03
-9.174719568818349991e-02
-8.185450394228327431e-03
-5.780853814673192481e-03
-1.246039338755822179e-02
-3.423857638112019763e-02
7.574878587587115242e-02
-4.480179507997738425e-02
-2.929247315678622926e-02
-1.240093077689778944e-01
-5.513377153549871984e-02
-4.483878815047707966e-02
-6.055798428737869943e-02
-1.271948760145109603e-01
1.997167074456314417e-02
-8.266214198964375037e-02
8.791617633233259066e-03
2.489468586006839124e-02
2.201272270441624601e-03
2.044705206596397068e-02
-1.379466132125040656e-01
-6.836600094797377902e-02
-2.510098222051806993e-02
-1.189462297266430379e-01
-5.881356241454276101e-02
-8.529907731379071656e-02
-1.726632701517589741e-01
3.398745261449131333e-02
-3.292491601788560124e-02
-1.029990975415602528e-02
-5.907230826927094974e-02
-2.196787066854205203e-02
-7.769514590945725274e-02
2.524273445469105148e-02
-2.491737858924508719e-02
-1.106434420687600062e-01
2.919827952123625614e-02
3.181272762390877085e-02
4.123808224627927010e-02
-3.489329932622975416e-02
2.301440258922736459e-02
-3.446620712183458973e-02
2.774801560421355506e-02
2.162339366102115912e-02
1.350582829432508403e-01
-1.542860698198822988e-01
1.293625181004626756e-01
-1.067259495022486598e-01
-1.554614350600853900e-02
2.120588490312343838e-02
-8.030180500983750969e-02
-4.038055996398350056e-02
2.452460049276539850e-02
-7.859292311983609447e-02
-9.279061909048220980e-02
9.229847397574093837e-02
-1.144433037457491531e-02
8.724102318770218800e-02
5.475885371962704168e-02
-1.235316413132095392e-01
1.260888201441278111e-01
-1.236526473192298692e-01
-8.777300202558563358e-02
-4.899560776932158218e-03
-1.559802203873863757e-01
-6.728867038543007162e-02
-1.349806226329087339e-02
2.417650452159792601e-02
-2.565982130375774051e-02
6.342479034398885995e-02
5.514733103303740003e-02
-1.841169696459384331e-01
-1.422823765629380732e-01
7.246161566264558429e-02
4.088019458955062524e-02
-5.813194202478162709e-02
-1.636507876576066001e-01
5.991178169431394390e-02
-3.307344829410561321e-02
1.967165320152682723e-02
-1.259431923706900713e-01
4.520794806202328708e-03
-1.067603260341425109e-01
2.707106620571109179e-06
2.104450969799302046e-02
1.374571829165410208e-01
1.053643095276657893e-01
-2.955697090779352623e-02
-7.052927817226058160e-02
-8.925910146197184314e-02
6.880422986317950851e-02
-5.148506764435417486e-03
-4.394154062331093180e-02
1.045540088999330486e-02
-8.426665324204593577e-02
-6.489897072293822344e-02
-1.095765610380880772e-01
-9.730690733569793971e-02
-1.206106494772422044e-01
-9.970698866965607698e-02
-2.237803976795282521e-02
-8.313063283432131634e-02
-2.738975950381484017e-02
-5.126701826241000792e-02
7.140773193232273497e-02
-2.163027838549964055e-01
-1.517472936111887716e-01
5.533719725001712969e-02
1.633421264901978309e-03
-8.972366659095680486e-02
8.379667655773180568e-02
-2.828309033561335339e-02
1.187572174000046527e-01
-4.308292877841252144e-02
-3.338265924287307784e-02
-8.673128073769201252e-02
-1.182013099118825461e-01
-6.534898284298322479e-02
-5.086288496872087839e-02
3.089565952189784331e-02
1.013975638049195716e-02
-1.452901685706112778e-01
-1.045982877806832523e-01
5.256127144459231404e-02
-3.254693178828260702e-04
-6.503718355581497579e-02
1.084962962579122114e-01
-4.931783241382600713e-02
-7.665030711897209692e-02
-1.116364749531886247e-01
-8.644666330849141989e-03
1.974639001930552501e-02
-2.996559419264019711e-02
-7.765144602777874355e-03
-3.056542256076671960e-02
-5.412575011098694211e-03
3.232691310596787215e-02
-7.000559417139495810e-02
-7.119450334730940966e-02
3.357046682243453734e-02
-2.860877347498933659e-03
4.869663400353248933e-02
-8.072378951884678910e-02
-5.736967842463398803e-02
-2.737564749994519236e-02
-4.509630843632510266e-02
-1.143752934831766682e-01
-1.214313078902944099e-01
-1.139712550153569870e-01
7.203504098343824213e-02
8.793497426208327084e-02
-1.163018233003760282e-01
-6.599774932371646474e-02
2.259906190853357144e-02
-2.083945009920278035e-02
-1.491762967948423446e-01
-7.815628650573672176e-02
-1.088362006272289295e-01
-1.985829970640207165e-02
-4.914035724816833567e-02
1.225529817122811976e-01
-4.138349413296871226e-02
1.443041315748870290e-01
4.066243613206020624e-02
7.237228934437005268e-02
-2.601314157913162117e-03
9.108897876992336218e-02
1.120322090978408819e-02
-4.660383955605530704e-02
-6.918941100473344208e-02
3.853730872022580189e-02
8.949560259889220715e-02
3.870240084560432059e-02
4.130539184744895509e-02
1.142072045592545104e-01
-1.277602455884690458e-01
6.402252589891971324e-02
1.435510522433605107e-01
-9.602406973612619134e-02
-8.581108109864778177e-02
-2.070823038102491062e-02
5.766659349727935174e-02
-7.390004643718690869e-02
8.717241783470092154e-02
4.668790121330849974e-02
-1.176676195567026018e-01
-8.380385222712127824e-02
-1.121859835180502446e-01
1.146011423056769452e-01
-4.145899156351211257e-02
-3.979813674557178271e-02
-6.845471539908511149e-02
-8.660794861986502446e-02
4.140687073556380271e-02
-1.019184656451872090e-01
-1.375850573116938202e-01
-5.580306213429264001e-03
8.933762296369057720e-02
1.375587723894076686e-01
-6.458464178917266985e-02
7.788760278682688165e-02
-2.553783687730654811e-02
-2.820894592704922821e-02
1.186091133821002078e-02
-2.009299113120245617e-02
3.930906041996986428e-02
-2.377198394554699834e-02
-9.287225199405595849e-03
-8.407522636194710020e-02
-1.630272326001568767e-02
3.023132502385575404e-04
1.330423320706711904e-03
-4.012130607826835949e-02
-5.557988669774461404e-02
-2.328238753296145158e-01
3.640591418238291188e-02
2.431039594641208612e-02
-1.154663835738617417e-03
-3.729246685695983277e-02
8.492942627148937496e-02
-7.962827157253091204e-02
-1.003194771255214029e-01
1.033825736285353403e-01
-1.017957550011273082e-01
-2.291716299408927057e-02
-1.391566748350078764e-02
-5.966924566557312709e-02
1.096646699685769472e-01
1.136076149307737870e-01
3.577597156680308033e-02
-4.596585736775519321e-02
6.463629410344642889e-02
5.519192307731124458e-03
6.439976271593485235e-02
4.880619213692928560e-02
-4.288763242199222780e-02
-3.451142714627816743e-02
-4.738654589032921527e-02
5.898128920395445673e-02
-2.224600575293151500e-02
-6.150717475548563712e-02
2.343979639780541940e-02
3.543397479761394714e-02
7.890903987843315981e-02
-5.595011538922083083e-02
-6.374183870731336965e-02
1.130453621779158729e-02
4.063674825348433106e-02
-2.159499610837087302e-02
1.949458583914146642e-02
-2.793323743075087906e-02
-7.621517663612582816e-04
1.193352098738576783e-01
-1.306666336008635576e-01
3.744644155114406486e-02
1.582523982016300068e-01
4.196060015658503034e-02
-1.596604983222242591e-01
-1.274560667146634740e-01
-3.169261730552809520e-02
4.782005922561773786e-02
-2.630058088141316863e-02
6.328969683731502927e-02
7.723712779710392717e-02
-5.329074426018680366e-02
5.296235503225887875e-03
-7.501748280263265123e-02
-8.423333995711687616e-02
6.886681216341830614e-02
9.703112269651480160e-02
3.416319986870641756e-03
-2.620601574932902855e-02
-9.946530929581917646e-02
-1.484890390709500962e-01
7.678861326820612954e-02
2.240625354474075695e-02
7.747975395411201005e-02
8.614072573861550342e-02
2.533873607019948571e-02
-7.704800989537405331e-02
1.154786082496522120e-02
9.930312886430960051e-02
1.100764501143807889e-01
-3.616092974666763188e-02
2.259067361346976666e-02
-6.362080181810363111e-02
1.054959433522511952e-01
-5.032602456598733731e-02
1.404218480985760242e-01
1.348692409168171513e-02
1.118793360706093771e-03
-9.595378634355944403e-02
-8.809682092286701127e-02
8.797026261706461514e-03
5.110625056725703885e-02
6.948591330523409826e-02
-1.202830393412031851e-01
6.821440084346014343e-03
-9.152066728578063526e-02
-1.241999968478979186e-02
-6.075692043841778717e-02
4.409015353995034137e-02
9.428198670916942969e-02
1.138649835462599014e-02
-3.856656755959161909e-02
-7.305656582005243260e-05
-5.168557514488339444e-02
-7.106762019689179255e-02
-7.971461044930723550e-02
-7.090557288429213956e-02
1.949505219569065695e-02
-2.989226487588726028e-02
-4.194438243634575347e-02
2.468458630591777170e-02
-9.561572304734566874e-02
-1.514660648386846956e-02
-6.337339656387330766e-02
-1.147982971307215938e-01
2.910690826082029670e-03
-4.202998096567341080e-02
-1.329288920328338952e-01
-1.850956508000630718e-01
8.769966761811109901e-02
2.240308109322442648e-02
-1.085177377189559117e-02
-8.115719051096915299e-03
-2.289195581264602541e-02
-3.534112753166205462e-02
-6.763406610524085039e-02
-2.061952783332996614e-02
2.741226912056990428e-02
-7.348166182651592881e-02
3.091758894191683898e-02
-1.184252347941918554e-01
-3.998770677356301012e-02
-1.044168222834327836e-01
-9.398795583135430287e-02
-9.002661811059634034e-02
1.747181648240159896e-02
-3.505490824804374794e-02
-5.037866638343966447e-03
1.017041038120972268e-01
-2.317221023891632287e-02
-9.920811334619893118e-02
9.476676294746529117e-03
1.822991536159309506e-02
-1.758469962860853553e-02
-4.269333553221937860e-02
-1.564772850294508105e-02
-1.120239567817851029e-01
-4.248764393955276747e-03
1.277815802723991090e-01
8.292790157070467627e-02
-1.058632573851927688e-01
8.993964774333959578e-02
1.082030404840095966e-02
-1.147726493149697491e-01
8.636999519252611113e-02
-4.604052263627984865e-03
-1.152171870387063701e-01
-5.540628454440925388e-02
-8.711534899158208944e-02
-5.840180954085851667e-02
-9.986658544330435927e-02
-4.252293826288802009e-03
4.570975922553283111e-02
-6.310322069607797457e-02
-6.016528851862634752e-02
1.296561942196130801e-01
-2.257446794454706640e-03
1.249531215177213661e-01
9.680038859662702666e-02
5.573469575418712324e-02
-3.457162674781224382e-02
2.222365030748617298e-02
